>>writegraph3d planar <<
1 0 0 0 4 2 3
2 0 0 0 5 6 1
3 0 0 0 7 8 1
4 0 0 0 10 1 9
5 0 0 0 11 2 10
6 0 0 0 12 7 2
7 0 0 0 13 3 6
8 0 0 0 89 79 3
9 0 0 0 16 4
10 0 0 0 5 4 17
11 0 0 0 12 5 18
12 0 0 0 19 6 11
13 0 0 0 89 7 80
14 0 0 0 22 23 79
15 0 0 0 25 24
16 0 0 0 9 26 17
17 0 0 0 16 18 10
18 0 0 0 17 27 11
19 0 0 0 28 12 27
20 0 0 0 80 29 30
21 0 0 0 30 81 85
22 0 0 0 31 14 81
23 0 0 0 32 33 14
24 0 0 0 33 34 15
25 0 0 0 36 15 35
26 0 0 0 16 37 27
27 0 0 0 18 26 19
28 0 0 0 38 19 37
29 0 0 0 20 39 40
30 0 0 0 41 21 20
31 0 0 0 42 32 22
32 0 0 0 31 43 23
33 0 0 0 44 24 23
34 0 0 0 45 35 24
35 0 0 0 34 46 25
36 0 0 0 48 25 47
37 0 0 0 49 28 26
38 0 0 0 39 28 50
39 0 0 0 29 38 51
40 0 0 0 52 41 29
41 0 0 0 40 53 30
42 0 0 0 55 31 54
43 0 0 0 32 56 44
44 0 0 0 45 33 43
45 0 0 0 57 34 44
46 0 0 0 57 47 35
47 0 0 0 46 58 36
48 0 0 0 60 36 59
49 0 0 0 50 37 82
50 0 0 0 38 49 61
51 0 0 0 62 52 39
52 0 0 0 51 63 40
53 0 0 0 41 63 64
54 0 0 0 65 66 42
55 0 0 0 68 42 67
56 0 0 0 43 58 57
57 0 0 0 56 46 45
58 0 0 0 56 59 47
59 0 0 0 58 69 48
60 0 0 0 82 48 90
61 0 0 0 88 83 50
62 0 0 0 71 72 51
63 0 0 0 52 72 53
64 0 0 0 53 73 65
65 0 0 0 64 74 54
66 0 0 0 75 67 54
67 0 0 0 76 55 66
68 0 0 0 84 55 70
69 0 0 0 84 90 59
70 0 0 0 68 76 83
71 0 0 0 78 62 77
72 0 0 0 62 73 63
73 0 0 0 72 78 64
74 0 0 0 78 75 65
75 0 0 0 74 77 66
76 0 0 0 70 67 77
77 0 0 0 75 71 76
78 0 0 0 73 71 74
79 0 0 0 87 14 8
80 0 0 0 13 20 85
81 0 0 0 22 87 21
82 0 0 0 49 60 88
83 0 0 0 61 86 70
84 0 0 0 86 69 68
85 0 0 0 21 91 80
86 0 0 0 83 92 84
87 0 0 0 81 79 91
88 0 0 0 92 61 82
89 0 0 0 91 8 13
90 0 0 0 69 92 60
91 0 0 0 87 89 85
92 0 0 0 86 88 90
0
