>>writegraph3d planar <<
1 0 0 0 4 2 3
2 0 0 0 5 6 1
3 0 0 0 7 8 1
4 0 0 0 10 1 9
5 0 0 0 11 2 10
6 0 0 0 12 7 2
7 0 0 0 13 3 6
8 0 0 0 14 15 3
9 0 0 0 79 89 4
10 0 0 0 5 4 17
11 0 0 0 12 5 18
12 0 0 0 19 6 11
13 0 0 0 20 7 19
14 0 0 0 22 8 21
15 0 0 0 23 24 8
16 0 0 0 26 79 25
17 0 0 0 89 80 10
18 0 0 0 29 30 11
19 0 0 0 13 12 30
20 0 0 0 32 13 31
21 0 0 0 14 33 34
22 0 0 0 23 14 35
23 0 0 0 36 15 22
24 0 0 0 37 38 15
25 0 0 0 39 16 38
26 0 0 0 27 16 40
27 0 0 0 85 26 81
28 0 0 0 80 41 42
29 0 0 0 43 44 18
30 0 0 0 18 31 19
31 0 0 0 30 44 20
32 0 0 0 46 20 45
33 0 0 0 21 82 90
34 0 0 0 47 35 21
35 0 0 0 34 48 22
36 0 0 0 37 23 48
37 0 0 0 49 24 36
38 0 0 0 50 25 24
39 0 0 0 40 25 51
40 0 0 0 26 39 52
41 0 0 0 28 81 53
42 0 0 0 54 55 28
43 0 0 0 56 29 55
44 0 0 0 29 45 31
45 0 0 0 56 32 44
46 0 0 0 82 32 57
47 0 0 0 90 83 34
48 0 0 0 35 60 36
49 0 0 0 50 37 60
50 0 0 0 51 38 49
51 0 0 0 39 50 61
52 0 0 0 61 62 40
53 0 0 0 54 41 63
54 0 0 0 64 42 53
55 0 0 0 42 65 43
56 0 0 0 57 45 43
57 0 0 0 46 56 58
58 0 0 0 84 86 57
59 0 0 0 83 66 67
60 0 0 0 48 61 49
61 0 0 0 60 52 51
62 0 0 0 52 67 68
63 0 0 0 69 70 53
64 0 0 0 70 65 54
65 0 0 0 64 71 55
66 0 0 0 59 84 72
67 0 0 0 59 73 62
68 0 0 0 62 74 69
69 0 0 0 68 75 63
70 0 0 0 76 64 63
71 0 0 0 76 77 65
72 0 0 0 73 66 77
73 0 0 0 67 72 74
74 0 0 0 73 78 68
75 0 0 0 78 76 69
76 0 0 0 75 71 70
77 0 0 0 78 72 71
78 0 0 0 74 77 75
79 0 0 0 16 85 9
80 0 0 0 87 28 17
81 0 0 0 87 27 41
82 0 0 0 33 46 86
83 0 0 0 88 59 47
84 0 0 0 88 58 66
85 0 0 0 79 27 91
86 0 0 0 58 92 82
87 0 0 0 91 81 80
88 0 0 0 92 84 83
89 0 0 0 9 91 17
90 0 0 0 92 47 33
91 0 0 0 85 87 89
92 0 0 0 86 88 90
0
