>>writegraph3d planar <<
1 0 0 0 3 8 9 4 2
2 0 0 0 1 4 5 6 3
3 0 0 0 2 6 7 8 1
4 0 0 0 2 1 9 11 5
5 0 0 0 4 12 13 6 2
6 0 0 0 5 14 7 3 2
7 0 0 0 6 15 16 8 3
8 0 0 0 7 17 9 1 3
9 0 0 0 8 18 10 4 1
10 0 0 0 9 18 20 22 11
11 0 0 0 10 22 23 12 4
12 0 0 0 11 23 24 13 5
13 0 0 0 12 25 26 14 5
14 0 0 0 13 26 28 15 6
15 0 0 0 14 28 29 16 7
16 0 0 0 15 30 32 17 7
17 0 0 0 16 32 33 18 8
18 0 0 0 17 33 19 10 9
19 0 0 0 18 33 34 35 20
20 0 0 0 19 35 37 21 10
21 0 0 0 20 37 39 40 22
22 0 0 0 21 40 23 11 10
23 0 0 0 22 40 24 12 11
24 0 0 0 23 40 39 25 12
25 0 0 0 24 39 41 27 13
26 0 0 0 27 44 28 14 13
27 0 0 0 25 41 43 44 26
28 0 0 0 26 44 29 15 14
29 0 0 0 28 44 43 30 15
30 0 0 0 29 43 45 31 16
31 0 0 0 30 45 35 34 32
32 0 0 0 31 34 33 17 16
33 0 0 0 32 34 19 18 17
34 0 0 0 31 35 19 33 32
35 0 0 0 34 31 36 20 19
36 0 0 0 35 45 48 46 37
37 0 0 0 36 46 38 21 20
38 0 0 0 37 46 47 41 39
39 0 0 0 38 25 24 40 21
40 0 0 0 39 24 23 22 21
41 0 0 0 38 47 42 27 25
42 0 0 0 41 47 48 45 43
43 0 0 0 42 30 29 44 27
44 0 0 0 43 29 28 26 27
45 0 0 0 42 48 36 31 30
46 0 0 0 36 48 47 38 37
47 0 0 0 46 48 42 41 38
48 0 0 0 47 46 36 45 42
0
