>>writegraph3d planar <<
1 0 0 0 2 3 4
2 0 0 0 1 5 6
3 0 0 0 1 6 7
4 0 0 0 1 8 5
5 0 0 0 2 4 9
6 0 0 0 2 9 3
7 0 0 0 3 10 11
8 0 0 0 4 12 9
9 0 0 0 5 8 6
10 0 0 0 7 13 14
11 0 0 0 7 14 15
12 0 0 0 8 16 17
13 0 0 0 10 18 19
14 0 0 0 10 19 11
15 0 0 0 11 19 18
16 0 0 0 12 20 21
17 0 0 0 12 21 22
18 0 0 0 13 23 15
19 0 0 0 13 15 14
20 0 0 0 16 24 25
21 0 0 0 16 25 17
22 0 0 0 17 26 27
23 0 0 0 18 28 29
24 0 0 0 20 30 31
25 0 0 0 20 31 21
26 0 0 0 22 32 33
27 0 0 0 22 33 34
28 0 0 0 23 35 36
29 0 0 0 23 36 37
30 0 0 0 24 38 39
31 0 0 0 24 39 25
32 0 0 0 26 40 41
33 0 0 0 26 41 27
34 0 0 0 27 41 40
35 0 0 0 28 42 43
36 0 0 0 28 44 29
37 0 0 0 29 44 45
38 0 0 0 30 46 47
39 0 0 0 30 47 31
40 0 0 0 32 48 34
41 0 0 0 32 34 33
42 0 0 0 35 49 50
43 0 0 0 35 50 51
44 0 0 0 36 52 37
45 0 0 0 37 52 53
46 0 0 0 38 53 54
47 0 0 0 38 54 39
48 0 0 0 40 51 49
49 0 0 0 42 48 55
50 0 0 0 42 55 43
51 0 0 0 43 55 48
52 0 0 0 44 56 45
53 0 0 0 45 56 46
54 0 0 0 46 56 47
55 0 0 0 49 51 50
56 0 0 0 52 54 53
0
