>>writegraph3d planar <<
1 0 0 0 2 3 4
2 0 0 0 1 5 6
3 0 0 0 1 6 7
4 0 0 0 1 8 5
5 0 0 0 2 4 9
6 0 0 0 2 9 3
7 0 0 0 3 10 11
8 0 0 0 4 12 9
9 0 0 0 5 8 6
10 0 0 0 7 13 14
11 0 0 0 7 14 15
12 0 0 0 8 16 17
13 0 0 0 10 18 19
14 0 0 0 10 19 11
15 0 0 0 11 19 18
16 0 0 0 12 20 21
17 0 0 0 12 21 22
18 0 0 0 13 23 15
19 0 0 0 13 15 14
20 0 0 0 16 24 25
21 0 0 0 16 25 17
22 0 0 0 17 25 26
23 0 0 0 18 27 28
24 0 0 0 20 29 30
25 0 0 0 20 22 21
26 0 0 0 22 31 32
27 0 0 0 23 33 34
28 0 0 0 23 35 36
29 0 0 0 24 37 38
30 0 0 0 24 38 39
31 0 0 0 26 40 41
32 0 0 0 26 41 42
33 0 0 0 27 43 44
34 0 0 0 27 44 45
35 0 0 0 28 46 47
36 0 0 0 28 47 48
37 0 0 0 29 49 50
38 0 0 0 29 50 30
39 0 0 0 30 50 49
40 0 0 0 31 51 52
41 0 0 0 31 52 32
42 0 0 0 32 52 51
43 0 0 0 33 53 54
44 0 0 0 33 54 34
45 0 0 0 34 54 53
46 0 0 0 35 55 56
47 0 0 0 35 56 36
48 0 0 0 36 56 55
49 0 0 0 37 55 39
50 0 0 0 37 39 38
51 0 0 0 40 53 42
52 0 0 0 40 42 41
53 0 0 0 43 51 45
54 0 0 0 43 45 44
55 0 0 0 46 49 48
56 0 0 0 46 48 47
0
