>>writegraph3d planar <<
1 0 0 0 2 3 4
2 0 0 0 1 5 6
3 0 0 0 1 7 8
4 0 0 0 1 9 10
5 0 0 0 2 10 11
6 0 0 0 2 12 7
7 0 0 0 3 6 13
8 0 0 0 3 14 15
9 0 0 0 4 16 17
10 0 0 0 4 18 5
11 0 0 0 5 19 12
12 0 0 0 6 11 20
13 0 0 0 7 20 14
14 0 0 0 8 13 21
15 0 0 0 8 22 23
16 0 0 0 9 24 25
17 0 0 0 9 26 18
18 0 0 0 10 17 19
19 0 0 0 11 18 27
20 0 0 0 12 27 13
21 0 0 0 14 28 22
22 0 0 0 15 21 29
23 0 0 0 15 30 31
24 0 0 0 16 32 33
25 0 0 0 16 34 26
26 0 0 0 17 25 27
27 0 0 0 19 26 20
28 0 0 0 21 35 36
29 0 0 0 22 36 30
30 0 0 0 23 29 37
31 0 0 0 23 38 39
32 0 0 0 24 40 41
33 0 0 0 24 42 34
34 0 0 0 25 33 43
35 0 0 0 28 44 45
36 0 0 0 28 46 29
37 0 0 0 30 46 38
38 0 0 0 31 37 47
39 0 0 0 31 48 49
40 0 0 0 32 50 51
41 0 0 0 32 52 42
42 0 0 0 33 41 53
43 0 0 0 34 53 54
44 0 0 0 35 55 56
45 0 0 0 35 57 46
46 0 0 0 36 45 37
47 0 0 0 38 58 48
48 0 0 0 39 47 59
49 0 0 0 39 60 50
50 0 0 0 40 49 61
51 0 0 0 40 62 52
52 0 0 0 41 51 63
53 0 0 0 42 64 43
54 0 0 0 43 65 66
55 0 0 0 44 66 67
56 0 0 0 44 68 57
57 0 0 0 45 56 69
58 0 0 0 47 63 70
59 0 0 0 48 70 60
60 0 0 0 49 59 71
61 0 0 0 50 71 62
62 0 0 0 51 61 72
63 0 0 0 52 72 58
64 0 0 0 53 73 65
65 0 0 0 54 64 74
66 0 0 0 54 75 55
67 0 0 0 55 76 68
68 0 0 0 56 67 77
69 0 0 0 57 77 73
70 0 0 0 58 78 59
71 0 0 0 60 78 61
72 0 0 0 62 78 63
73 0 0 0 64 69 79
74 0 0 0 65 79 75
75 0 0 0 66 74 76
76 0 0 0 67 75 80
77 0 0 0 68 80 69
78 0 0 0 70 72 71
79 0 0 0 73 80 74
80 0 0 0 76 79 77
0
