>>writegraph3d planar <<
1 0 0 0 2 3 4
2 0 0 0 1 5 6
3 0 0 0 1 7 8
4 0 0 0 1 9 10
5 0 0 0 2 11 12
6 0 0 0 2 13 14
7 0 0 0 3 15 16
8 0 0 0 3 17 18
9 0 0 0 4 19 20
10 0 0 0 4 21 22
11 0 0 0 5 23 24
12 0 0 0 5 25 13
13 0 0 0 6 12 26
14 0 0 0 6 27 28
15 0 0 0 7 29 30
16 0 0 0 7 31 17
17 0 0 0 8 16 32
18 0 0 0 8 33 34
19 0 0 0 9 35 36
20 0 0 0 9 37 21
21 0 0 0 10 20 38
22 0 0 0 10 39 40
23 0 0 0 11 41 42
24 0 0 0 11 43 25
25 0 0 0 12 24 44
26 0 0 0 13 44 27
27 0 0 0 14 26 45
28 0 0 0 14 46 41
29 0 0 0 15 47 48
30 0 0 0 15 49 31
31 0 0 0 16 30 50
32 0 0 0 17 50 33
33 0 0 0 18 32 51
34 0 0 0 18 52 47
35 0 0 0 19 53 54
36 0 0 0 19 55 37
37 0 0 0 20 36 56
38 0 0 0 21 56 39
39 0 0 0 22 38 57
40 0 0 0 22 58 53
41 0 0 0 23 59 28
42 0 0 0 23 46 43
43 0 0 0 24 42 60
44 0 0 0 25 60 26
45 0 0 0 27 60 46
46 0 0 0 28 45 42
47 0 0 0 29 59 34
48 0 0 0 29 52 49
49 0 0 0 30 48 61
50 0 0 0 31 61 32
51 0 0 0 33 61 52
52 0 0 0 34 51 48
53 0 0 0 35 59 40
54 0 0 0 35 58 55
55 0 0 0 36 54 62
56 0 0 0 37 62 38
57 0 0 0 39 62 58
58 0 0 0 40 57 54
59 0 0 0 41 53 47
60 0 0 0 43 45 44
61 0 0 0 49 51 50
62 0 0 0 55 57 56
0
