>>writegraph3d planar <<
1 0 0 0 2 3 4
2 0 0 0 1 5 6
3 0 0 0 1 7 8
4 0 0 0 1 9 10
5 0 0 0 2 10 11
6 0 0 0 2 12 7
7 0 0 0 3 6 13
8 0 0 0 3 14 15
9 0 0 0 4 16 17
10 0 0 0 4 18 5
11 0 0 0 5 19 12
12 0 0 0 6 11 20
13 0 0 0 7 20 21
14 0 0 0 8 22 23
15 0 0 0 8 24 25
16 0 0 0 9 26 21
17 0 0 0 9 27 18
18 0 0 0 10 17 19
19 0 0 0 11 18 28
20 0 0 0 12 28 13
21 0 0 0 13 27 16
22 0 0 0 14 29 30
23 0 0 0 14 31 24
24 0 0 0 15 23 32
25 0 0 0 15 33 34
26 0 0 0 16 35 36
27 0 0 0 17 21 28
28 0 0 0 19 27 20
29 0 0 0 22 37 38
30 0 0 0 22 39 31
31 0 0 0 23 30 40
32 0 0 0 24 40 33
33 0 0 0 25 32 41
34 0 0 0 25 42 43
35 0 0 0 26 44 45
36 0 0 0 26 46 47
37 0 0 0 29 48 49
38 0 0 0 29 50 39
39 0 0 0 30 38 51
40 0 0 0 31 51 32
41 0 0 0 33 51 50
42 0 0 0 34 52 53
43 0 0 0 34 54 55
44 0 0 0 35 56 57
45 0 0 0 35 58 46
46 0 0 0 36 45 59
47 0 0 0 36 60 61
48 0 0 0 37 61 62
49 0 0 0 37 63 50
50 0 0 0 38 49 41
51 0 0 0 39 41 40
52 0 0 0 42 57 64
53 0 0 0 42 65 54
54 0 0 0 43 53 66
55 0 0 0 43 67 56
56 0 0 0 44 55 68
57 0 0 0 44 69 52
58 0 0 0 45 70 71
59 0 0 0 46 71 60
60 0 0 0 47 59 72
61 0 0 0 47 73 48
62 0 0 0 48 74 63
63 0 0 0 49 62 70
64 0 0 0 52 75 65
65 0 0 0 53 64 76
66 0 0 0 54 76 67
67 0 0 0 55 66 77
68 0 0 0 56 77 69
69 0 0 0 57 68 75
70 0 0 0 58 63 78
71 0 0 0 58 79 59
72 0 0 0 60 79 73
73 0 0 0 61 72 74
74 0 0 0 62 73 78
75 0 0 0 64 69 80
76 0 0 0 65 80 66
77 0 0 0 67 80 68
78 0 0 0 70 74 79
79 0 0 0 71 78 72
80 0 0 0 75 77 76
0
