>>writegraph3d planar <<
1 0 0 0 2 3 4
2 0 0 0 1 5 6
3 0 0 0 1 7 8
4 0 0 0 1 9 10
5 0 0 0 2 10 11
6 0 0 0 2 12 13
7 0 0 0 3 14 15
8 0 0 0 3 16 9
9 0 0 0 4 8 17
10 0 0 0 4 18 5
11 0 0 0 5 19 12
12 0 0 0 6 11 20
13 0 0 0 6 21 22
14 0 0 0 7 23 24
15 0 0 0 7 25 16
16 0 0 0 8 15 26
17 0 0 0 9 26 27
18 0 0 0 10 28 19
19 0 0 0 11 18 29
20 0 0 0 12 30 21
21 0 0 0 13 20 31
22 0 0 0 13 32 33
23 0 0 0 14 34 35
24 0 0 0 14 36 25
25 0 0 0 15 24 37
26 0 0 0 16 37 17
27 0 0 0 17 38 39
28 0 0 0 18 40 41
29 0 0 0 19 41 42
30 0 0 0 20 43 44
31 0 0 0 21 44 32
32 0 0 0 22 31 45
33 0 0 0 22 46 47
34 0 0 0 23 48 49
35 0 0 0 23 39 36
36 0 0 0 24 35 38
37 0 0 0 25 38 26
38 0 0 0 27 37 36
39 0 0 0 27 35 49
40 0 0 0 28 50 51
41 0 0 0 28 52 29
42 0 0 0 29 53 54
43 0 0 0 30 55 56
44 0 0 0 30 57 31
45 0 0 0 32 57 46
46 0 0 0 33 45 58
47 0 0 0 33 59 60
48 0 0 0 34 60 61
49 0 0 0 34 62 39
50 0 0 0 40 63 64
51 0 0 0 40 65 52
52 0 0 0 41 51 53
53 0 0 0 42 52 66
54 0 0 0 42 67 68
55 0 0 0 43 69 59
56 0 0 0 43 58 57
57 0 0 0 44 56 45
58 0 0 0 46 56 59
59 0 0 0 47 58 55
60 0 0 0 47 69 48
61 0 0 0 48 70 62
62 0 0 0 49 61 71
63 0 0 0 50 71 72
64 0 0 0 50 73 65
65 0 0 0 51 64 66
66 0 0 0 53 65 67
67 0 0 0 54 66 73
68 0 0 0 54 72 74
69 0 0 0 55 70 60
70 0 0 0 61 69 74
71 0 0 0 62 74 63
72 0 0 0 63 68 73
73 0 0 0 64 72 67
74 0 0 0 68 71 70
0
