return [[7,10,4],
[3,10,12],
[4,2,14],
[1,3,5],
[6,4,15],
[7,5,17],
[1,6,8],
[7,18,9],
[10,8,11],
[1,9,2],
[12,9,19,22],
[2,11,24,13],
[14,12,26],
[3,13,28,15],
[5,14,30,16],
[17,15,32],
[6,16,34,18],
[8,17,36,19],
[11,18,20],
[21,19,37,42],
[22,20,44,47],
[23,11,21],
[24,22,48],
[25,12,23],
[26,24,49],
[27,13,25,51],
[56,28,26,53],
[27,29,14],
[57,30,28],
[29,31,15],
[30,58,32],
[16,31,60,33],
[34,32,62,38],
[17,33,35],
[34,39,36],
[18,35,37],
[36,40,20],
[33,64,39],
[35,38,40],
[39,41,37],
[40,64,42],
[41,43,20],
[42,63,65,44],
[21,43,45],
[46,44,66,52],
[50,47,45],
[48,21,46],
[49,23,47],
[25,48,50],
[51,49,46],
[52,26,50],
[68,53,51,45],
[54,27,52],
[69,61,55,53],
[54,59,56],
[55,57,27],
[56,58,29],
[59,31,57],
[55,60,58],
[61,32,59],
[60,54,71,62],
[61,63,33],
[62,72,43,64],
[38,63,41],
[43,73,66],
[45,65,67],
[68,66,74],
[67,69,52],
[70,54,68],
[71,69,74],
[70,72,61],
[71,73,63],
[72,74,65],
[73,70,67]];