>>writegraph3d planar <<
1 0 0 0 2 3 4
2 0 0 0 1 5 6
3 0 0 0 1 7 8
4 0 0 0 1 9 10
5 0 0 0 2 11 6
6 0 0 0 2 5 11
7 0 0 0 3 12 8
8 0 0 0 3 7 12
9 0 0 0 4 13 10
10 0 0 0 4 9 13
11 0 0 0 5 14 6
12 0 0 0 7 15 8
13 0 0 0 9 16 10
14 0 0 0 11 17 18
15 0 0 0 12 19 20
16 0 0 0 13 21 22
17 0 0 0 14 23 18
18 0 0 0 14 17 23
19 0 0 0 15 24 20
20 0 0 0 15 19 24
21 0 0 0 16 25 22
22 0 0 0 16 21 25
23 0 0 0 17 26 18
24 0 0 0 19 27 20
25 0 0 0 21 28 22
26 0 0 0 23 29 30
27 0 0 0 24 31 32
28 0 0 0 25 33 34
29 0 0 0 26 35 30
30 0 0 0 26 29 35
31 0 0 0 27 36 32
32 0 0 0 27 31 36
33 0 0 0 28 37 34
34 0 0 0 28 33 37
35 0 0 0 29 38 30
36 0 0 0 31 38 32
37 0 0 0 33 38 34
38 0 0 0 35 37 36
0
