>>writegraph3d planar <<
1 0 0 0 2 3 4
2 0 0 0 1 5 6
3 0 0 0 1 7 4
4 0 0 0 1 3 8
5 0 0 0 2 9 6
6 0 0 0 2 5 9
7 0 0 0 3 10 11
8 0 0 0 4 12 13
9 0 0 0 5 14 6
10 0 0 0 7 15 11
11 0 0 0 7 10 15
12 0 0 0 8 16 13
13 0 0 0 8 12 16
14 0 0 0 9 17 18
15 0 0 0 10 19 11
16 0 0 0 12 20 13
17 0 0 0 14 21 18
18 0 0 0 14 17 21
19 0 0 0 15 22 23
20 0 0 0 16 24 25
21 0 0 0 17 26 18
22 0 0 0 19 27 23
23 0 0 0 19 22 27
24 0 0 0 20 28 25
25 0 0 0 20 24 28
26 0 0 0 21 29 30
27 0 0 0 22 30 23
28 0 0 0 24 29 25
29 0 0 0 26 28 30
30 0 0 0 26 29 27
0
