>>writegraph3d planar <<
1 0 0 0 18 4 5
2 0 0 0 20 6 7
3 0 0 0 22 8 9
4 0 0 0 1 9 25
5 0 0 0 1 10 6
6 0 0 0 2 5 32
7 0 0 0 2 11 8
8 0 0 0 3 7 38
9 0 0 0 3 12 4
10 0 0 0 5 29 14
11 0 0 0 7 36 15
12 0 0 0 9 42 13
13 0 0 0 27 12 16
14 0 0 0 10 16 34
15 0 0 0 11 16 40
16 0 0 0 13 15 14
17 0 0 0 19 21 23
18 0 0 0 1 19 23
19 0 0 0 17 18 20
20 0 0 0 2 21 19
21 0 0 0 17 20 22
22 0 0 0 3 23 21
23 0 0 0 17 22 18
24 0 0 0 26 28 30
25 0 0 0 4 26 30
26 0 0 0 24 25 27
27 0 0 0 13 28 26
28 0 0 0 24 27 29
29 0 0 0 10 30 28
30 0 0 0 24 29 25
31 0 0 0 33 35 37
32 0 0 0 6 33 37
33 0 0 0 31 32 34
34 0 0 0 14 35 33
35 0 0 0 31 34 36
36 0 0 0 11 37 35
37 0 0 0 31 36 32
38 0 0 0 8 39 43
39 0 0 0 38 40
40 0 0 0 15 41 39
41 0 0 0 40 42
42 0 0 0 12 43 41
43 0 0 0 42 38
0
