>>writegraph3d planar <<
1 0 0 0 2 3 4
2 0 0 0 1 62 5
3 0 0 0 1 6 69
4 0 0 0 1 7 8
5 0 0 0 2 10 11
6 0 0 0 3 12 13
7 0 0 0 4 73 15
8 0 0 0 4 16 64
9 0 0 0 66 17 10
10 0 0 0 5 9 18
11 0 0 0 5 76 12
12 0 0 0 6 11 19
13 0 0 0 6 20 14
14 0 0 0 71 13 21
15 0 0 0 7 21 22
16 0 0 0 8 17
17 0 0 0 9 16 24
18 0 0 0 10 25 78
19 0 0 0 12 26 27
20 0 0 0 13 28 29
21 0 0 0 14 30 15
22 0 0 0 15 31 23
23 0 0 0 22 32
24 0 0 0 17 33 34
25 0 0 0 18 34 35
26 0 0 0 80 35 19
27 0 0 0 19 36 28
28 0 0 0 20 27 83
29 0 0 0 20 37 38
30 0 0 0 21 38 39
31 0 0 0 22 40 90
32 0 0 0 23 94 41
33 0 0 0 24 41 97
34 0 0 0 24 42 25
35 0 0 0 25 43 26
36 0 0 0 27 44 45
37 0 0 0 29 87 46
38 0 0 0 29 47 30
39 0 0 0 30 104 40
40 0 0 0 31 39 48
41 0 0 0 32 50 33
42 0 0 0 34 101 52
43 0 0 0 35 53 44
44 0 0 0 36 43 111
45 0 0 0 36 54 85
46 0 0 0 37 54 55
47 0 0 0 38 56 106
48 0 0 0 40 57 49
49 0 0 0 92 48 50
50 0 0 0 41 49 51
51 0 0 0 99 50 58
52 0 0 0 42 58 53
53 0 0 0 43 52 59
54 0 0 0 45 115 46
55 0 0 0 46 59 56
56 0 0 0 47 55 60
57 0 0 0 108 60 48
58 0 0 0 51 60 52
59 0 0 0 53 55 113
60 0 0 0 56 58 57
61 0 0 0 63 65 67
62 0 0 0 2 63 67
63 0 0 0 61 62 64
64 0 0 0 8 65 63
65 0 0 0 61 64 66
66 0 0 0 9 67 65
67 0 0 0 61 66 62
68 0 0 0 70 72 74
69 0 0 0 3 70 74
70 0 0 0 68 69 71
71 0 0 0 14 72 70
72 0 0 0 68 71 73
73 0 0 0 7 74 72
74 0 0 0 68 73 69
75 0 0 0 77 79 81
76 0 0 0 11 77 81
77 0 0 0 75 76 78
78 0 0 0 18 79 77
79 0 0 0 75 78 80
80 0 0 0 26 81 79
81 0 0 0 75 80 76
82 0 0 0 84 86 88
83 0 0 0 28 84 88
84 0 0 0 82 83 85
85 0 0 0 45 86 84
86 0 0 0 82 85 87
87 0 0 0 37 88 86
88 0 0 0 82 87 83
89 0 0 0 91 93 95
90 0 0 0 31 91 95
91 0 0 0 89 90 92
92 0 0 0 49 93 91
93 0 0 0 89 92 94
94 0 0 0 32 95 93
95 0 0 0 89 94 90
96 0 0 0 98 100 102
97 0 0 0 33 98 102
98 0 0 0 96 97 99
99 0 0 0 51 100 98
100 0 0 0 96 99 101
101 0 0 0 42 102 100
102 0 0 0 96 101 97
103 0 0 0 105 107 109
104 0 0 0 39 105 109
105 0 0 0 103 104 106
106 0 0 0 47 107 105
107 0 0 0 103 106 108
108 0 0 0 57 109 107
109 0 0 0 103 108 104
110 0 0 0 112 114 116
111 0 0 0 44 112 116
112 0 0 0 110 111 113
113 0 0 0 59 114 112
114 0 0 0 110 113 115
115 0 0 0 54 116 114
116 0 0 0 110 115 111
0
