>>writegraph3d planar <<
1 0 0 0 2 3 4
2 0 0 0 1 5 6
3 0 0 0 1 7 8
4 0 0 0 1 9 10
5 0 0 0 2 11 12
6 0 0 0 2 13 14
7 0 0 0 3 15 16
8 0 0 0 3 17 18
9 0 0 0 4 19 62
10 0 0 0 4 20 21
11 0 0 0 5 21 69
12 0 0 0 5 22 23
13 0 0 0 6 24 76
14 0 0 0 6 25 15
15 0 0 0 7 14 83
16 0 0 0 7 26 27
17 0 0 0 8 28 29
18 0 0 0 8 30 19
19 0 0 0 9 18 31
20 0 0 0 10 66 33
21 0 0 0 10 34 11
22 0 0 0 12 73 36
23 0 0 0 12 90 24
24 0 0 0 13 23 37
25 0 0 0 14 80 39
26 0 0 0 16 87 40
27 0 0 0 16 41 28
28 0 0 0 17 27 97
29 0 0 0 17 42 43
30 0 0 0 18 44 104
31 0 0 0 19 108 32
32 0 0 0 64 31 45
33 0 0 0 20 45 46
34 0 0 0 21 47 35
35 0 0 0 71 34 48
36 0 0 0 22 48 92
37 0 0 0 24 49 38
38 0 0 0 78 37 50
39 0 0 0 25 50 85
40 0 0 0 26 50 51
41 0 0 0 27 52 53
42 0 0 0 29 101 54
43 0 0 0 29 111 44
44 0 0 0 30 43 55
45 0 0 0 32 56 33
46 0 0 0 33 57 47
47 0 0 0 34 46 52
48 0 0 0 35 58 36
49 0 0 0 94 58 37
50 0 0 0 38 40 39
51 0 0 0 40 58 52
52 0 0 0 41 51 47
53 0 0 0 41 59 99
54 0 0 0 42 59 113
55 0 0 0 44 60 56
56 0 0 0 106 55 45
57 0 0 0 46 60 59
58 0 0 0 48 51 49
59 0 0 0 53 57 54
60 0 0 0 115 57 55
61 0 0 0 63 65 67
62 0 0 0 9 63 67
63 0 0 0 61 62 64
64 0 0 0 32 65 63
65 0 0 0 61 64 66
66 0 0 0 20 67 65
67 0 0 0 61 66 62
68 0 0 0 70 72 74
69 0 0 0 11 70 74
70 0 0 0 68 69 71
71 0 0 0 35 72 70
72 0 0 0 68 71 73
73 0 0 0 22 74 72
74 0 0 0 68 73 69
75 0 0 0 77 79 81
76 0 0 0 13 77 81
77 0 0 0 75 76 78
78 0 0 0 38 79 77
79 0 0 0 75 78 80
80 0 0 0 25 81 79
81 0 0 0 75 80 76
82 0 0 0 84 86 88
83 0 0 0 15 84 88
84 0 0 0 82 83 85
85 0 0 0 39 86 84
86 0 0 0 82 85 87
87 0 0 0 26 88 86
88 0 0 0 82 87 83
89 0 0 0 91 93 95
90 0 0 0 23 91 95
91 0 0 0 89 90 92
92 0 0 0 36 93 91
93 0 0 0 89 92 94
94 0 0 0 49 95 93
95 0 0 0 89 94 90
96 0 0 0 98 100 102
97 0 0 0 28 98 102
98 0 0 0 96 97 99
99 0 0 0 53 100 98
100 0 0 0 96 99 101
101 0 0 0 42 102 100
102 0 0 0 96 101 97
103 0 0 0 105 107 109
104 0 0 0 30 105 109
105 0 0 0 103 104 106
106 0 0 0 56 107 105
107 0 0 0 103 106 108
108 0 0 0 31 109 107
109 0 0 0 103 108 104
110 0 0 0 112 114 116
111 0 0 0 43 112 116
112 0 0 0 110 111 113
113 0 0 0 54 114 112
114 0 0 0 110 113 115
115 0 0 0 60 116 114
116 0 0 0 110 115 111
0
