>>writegraph3d planar <<
1 0 0 0 2 3 4
2 0 0 0 1 5 6
3 0 0 0 1 7 62
4 0 0 0 1 8 69
5 0 0 0 2 73 9
6 0 0 0 2 10 11
7 0 0 0 3 12 13
8 0 0 0 4 66 15
9 0 0 0 5 17 18
10 0 0 0 6 19 20
11 0 0 0 6 75 12
12 0 0 0 7 11 21
13 0 0 0 7 22 14
14 0 0 0 64 13 23
15 0 0 0 8 23 16
16 0 0 0 71 15 17
17 0 0 0 9 16 24
18 0 0 0 9 25 19
19 0 0 0 10 18 26
20 0 0 0 10 27 77
21 0 0 0 12 28 29
22 0 0 0 13 30 31
23 0 0 0 14 32 15
24 0 0 0 17 33 34
25 0 0 0 18 35 82
26 0 0 0 19 86 36
27 0 0 0 20 37 38
28 0 0 0 79 38 21
29 0 0 0 21 39 30
30 0 0 0 22 29 89
31 0 0 0 22 40 41
32 0 0 0 23 41 33
33 0 0 0 24 32 96
34 0 0 0 24 42 35
35 0 0 0 25 34 43
36 0 0 0 26 45 37
37 0 0 0 27 36 46
38 0 0 0 27 47 28
39 0 0 0 29 48 49
40 0 0 0 31 93 50
41 0 0 0 31 51 32
42 0 0 0 34 100 52
43 0 0 0 35 53 44
44 0 0 0 84 43 45
45 0 0 0 36 44 103
46 0 0 0 37 107 54
47 0 0 0 38 55 48
48 0 0 0 39 47 110
49 0 0 0 39 56 91
50 0 0 0 40 56 57
51 0 0 0 41 58 98
52 0 0 0 42 58 59
53 0 0 0 43 59 105
54 0 0 0 46 59 55
55 0 0 0 47 54 60
56 0 0 0 49 114 50
57 0 0 0 50 60 58
58 0 0 0 51 57 52
59 0 0 0 52 54 53
60 0 0 0 55 57 112
61 0 0 0 63 65 67
62 0 0 0 3 63 67
63 0 0 0 61 62 64
64 0 0 0 14 65 63
65 0 0 0 61 64 66
66 0 0 0 8 67 65
67 0 0 0 61 66 62
68 0 0 0 70 72 74
69 0 0 0 4 70 74
70 0 0 0 68 69 71
71 0 0 0 16 72 70
72 0 0 0 68 71 73
73 0 0 0 5 74 72
74 0 0 0 68 73 69
75 0 0 0 11 76 80
76 0 0 0 75 77
77 0 0 0 20 78 76
78 0 0 0 77 79
79 0 0 0 28 80 78
80 0 0 0 79 75
81 0 0 0 83 85 87
82 0 0 0 25 83 87
83 0 0 0 81 82 84
84 0 0 0 44 85 83
85 0 0 0 81 84 86
86 0 0 0 26 87 85
87 0 0 0 81 86 82
88 0 0 0 90 92 94
89 0 0 0 30 90 94
90 0 0 0 88 89 91
91 0 0 0 49 92 90
92 0 0 0 88 91 93
93 0 0 0 40 94 92
94 0 0 0 88 93 89
95 0 0 0 97 99 101
96 0 0 0 33 97 101
97 0 0 0 95 96 98
98 0 0 0 51 99 97
99 0 0 0 95 98 100
100 0 0 0 42 101 99
101 0 0 0 95 100 96
102 0 0 0 104 106 108
103 0 0 0 45 104 108
104 0 0 0 102 103 105
105 0 0 0 53 106 104
106 0 0 0 102 105 107
107 0 0 0 46 108 106
108 0 0 0 102 107 103
109 0 0 0 111 113 115
110 0 0 0 48 111 115
111 0 0 0 109 110 112
112 0 0 0 60 113 111
113 0 0 0 109 112 114
114 0 0 0 56 115 113
115 0 0 0 109 114 110
0
