>>writegraph3d planar <<
1 0 0 0 2 3 4
2 0 0 0 1 5 6
3 0 0 0 1 7 8
4 0 0 0 1 9 10
5 0 0 0 2 11 12
6 0 0 0 2 13 14
7 0 0 0 3 15 16
8 0 0 0 3 12 17
9 0 0 0 4 18 19
10 0 0 0 4 62 20
11 0 0 0 5 20 21
12 0 0 0 5 8 22
13 0 0 0 6 23 24
14 0 0 0 6 69 15
15 0 0 0 7 14 25
16 0 0 0 7 76 26
17 0 0 0 8 27 18
18 0 0 0 9 17 28
19 0 0 0 9 29 64
20 0 0 0 10 31 11
21 0 0 0 11 32 27
22 0 0 0 12 26 23
23 0 0 0 13 22 83
24 0 0 0 13 33 71
25 0 0 0 15 34 78
26 0 0 0 16 36 22
27 0 0 0 17 21 37
28 0 0 0 18 38 39
29 0 0 0 19 40 41
30 0 0 0 66 41 31
31 0 0 0 20 30 42
32 0 0 0 21 43 90
33 0 0 0 24 87 44
34 0 0 0 73 44 25
35 0 0 0 80 44 36
36 0 0 0 26 35 85
37 0 0 0 27 94 45
38 0 0 0 28 45 46
39 0 0 0 28 47 40
40 0 0 0 29 39 97
41 0 0 0 29 48 30
42 0 0 0 31 49 43
43 0 0 0 32 42 50
44 0 0 0 33 35 34
45 0 0 0 37 52 38
46 0 0 0 38 104 53
47 0 0 0 39 54 55
48 0 0 0 41 101 56
49 0 0 0 42 56 57
50 0 0 0 43 58 51
51 0 0 0 92 50 52
52 0 0 0 45 51 106
53 0 0 0 46 59 54
54 0 0 0 47 53 111
55 0 0 0 47 60 99
56 0 0 0 48 60 49
57 0 0 0 49 113 59
58 0 0 0 50 59 108
59 0 0 0 53 58 57
60 0 0 0 55 115 56
61 0 0 0 63 65 67
62 0 0 0 10 63 67
63 0 0 0 61 62 64
64 0 0 0 19 65 63
65 0 0 0 61 64 66
66 0 0 0 30 67 65
67 0 0 0 61 66 62
68 0 0 0 70 72 74
69 0 0 0 14 70 74
70 0 0 0 68 69 71
71 0 0 0 24 72 70
72 0 0 0 68 71 73
73 0 0 0 34 74 72
74 0 0 0 68 73 69
75 0 0 0 77 79 81
76 0 0 0 16 77 81
77 0 0 0 75 76 78
78 0 0 0 25 79 77
79 0 0 0 75 78 80
80 0 0 0 35 81 79
81 0 0 0 75 80 76
82 0 0 0 84 86 88
83 0 0 0 23 84 88
84 0 0 0 82 83 85
85 0 0 0 36 86 84
86 0 0 0 82 85 87
87 0 0 0 33 88 86
88 0 0 0 82 87 83
89 0 0 0 91 93 95
90 0 0 0 32 91 95
91 0 0 0 89 90 92
92 0 0 0 51 93 91
93 0 0 0 89 92 94
94 0 0 0 37 95 93
95 0 0 0 89 94 90
96 0 0 0 98 100 102
97 0 0 0 40 98 102
98 0 0 0 96 97 99
99 0 0 0 55 100 98
100 0 0 0 96 99 101
101 0 0 0 48 102 100
102 0 0 0 96 101 97
103 0 0 0 105 107 109
104 0 0 0 46 105 109
105 0 0 0 103 104 106
106 0 0 0 52 107 105
107 0 0 0 103 106 108
108 0 0 0 58 109 107
109 0 0 0 103 108 104
110 0 0 0 112 114 116
111 0 0 0 54 112 116
112 0 0 0 110 111 113
113 0 0 0 57 114 112
114 0 0 0 110 113 115
115 0 0 0 60 116 114
116 0 0 0 110 115 111
0
