>>writegraph3d planar <<
1 0 0 0 2 3 62
2 0 0 0 1 4 5
3 0 0 0 1 6 7
4 0 0 0 2 9 10
5 0 0 0 2 11 12
6 0 0 0 3 13 14
7 0 0 0 3 15 8
8 0 0 0 64 7 16
9 0 0 0 66 17 4
10 0 0 0 4 18 19
11 0 0 0 5 20 69
12 0 0 0 5 21 13
13 0 0 0 6 12 22
14 0 0 0 6 76 23
15 0 0 0 7 24 25
16 0 0 0 8 26 17
17 0 0 0 9 16 27
18 0 0 0 10 28 83
19 0 0 0 10 29 20
20 0 0 0 11 19 30
21 0 0 0 12 73 32
22 0 0 0 13 33 78
23 0 0 0 14 35 24
24 0 0 0 15 23 36
25 0 0 0 15 90 37
26 0 0 0 16 37 96
27 0 0 0 17 100 28
28 0 0 0 18 27 38
29 0 0 0 19 87 40
30 0 0 0 20 41 31
31 0 0 0 71 30 42
32 0 0 0 21 42 43
33 0 0 0 22 43 44
34 0 0 0 80 44 35
35 0 0 0 23 34 45
36 0 0 0 24 46 92
37 0 0 0 25 48 26
38 0 0 0 28 49 39
39 0 0 0 85 38 50
40 0 0 0 29 50 51
41 0 0 0 30 51 52
42 0 0 0 31 53 32
43 0 0 0 32 103 33
44 0 0 0 33 54 34
45 0 0 0 35 55 56
46 0 0 0 36 56 57
47 0 0 0 94 57 48
48 0 0 0 37 47 49
49 0 0 0 98 48 38
50 0 0 0 39 57 40
51 0 0 0 40 58 41
52 0 0 0 41 110 59
53 0 0 0 42 59 105
54 0 0 0 44 107 60
55 0 0 0 45 60 114
56 0 0 0 45 58 46
57 0 0 0 46 50 47
58 0 0 0 51 56 112
59 0 0 0 52 60 53
60 0 0 0 54 59 55
61 0 0 0 63 65 67
62 0 0 0 1 63 67
63 0 0 0 61 62 64
64 0 0 0 8 65 63
65 0 0 0 61 64 66
66 0 0 0 9 67 65
67 0 0 0 61 66 62
68 0 0 0 70 72 74
69 0 0 0 11 70 74
70 0 0 0 68 69 71
71 0 0 0 31 72 70
72 0 0 0 68 71 73
73 0 0 0 21 74 72
74 0 0 0 68 73 69
75 0 0 0 77 79 81
76 0 0 0 14 77 81
77 0 0 0 75 76 78
78 0 0 0 22 79 77
79 0 0 0 75 78 80
80 0 0 0 34 81 79
81 0 0 0 75 80 76
82 0 0 0 84 86 88
83 0 0 0 18 84 88
84 0 0 0 82 83 85
85 0 0 0 39 86 84
86 0 0 0 82 85 87
87 0 0 0 29 88 86
88 0 0 0 82 87 83
89 0 0 0 91 93 95
90 0 0 0 25 91 95
91 0 0 0 89 90 92
92 0 0 0 36 93 91
93 0 0 0 89 92 94
94 0 0 0 47 95 93
95 0 0 0 89 94 90
96 0 0 0 26 97 101
97 0 0 0 96 98
98 0 0 0 49 99 97
99 0 0 0 98 100
100 0 0 0 27 101 99
101 0 0 0 100 96
102 0 0 0 104 106 108
103 0 0 0 43 104 108
104 0 0 0 102 103 105
105 0 0 0 53 106 104
106 0 0 0 102 105 107
107 0 0 0 54 108 106
108 0 0 0 102 107 103
109 0 0 0 111 113 115
110 0 0 0 52 111 115
111 0 0 0 109 110 112
112 0 0 0 58 113 111
113 0 0 0 109 112 114
114 0 0 0 55 115 113
115 0 0 0 109 114 110
0
