>>writegraph3d planar <<
1 0 0 0 2 3 4
2 0 0 0 1 5 6
3 0 0 0 1 7 62
4 0 0 0 1 8 69
5 0 0 0 2 73 9
6 0 0 0 2 10 11
7 0 0 0 3 12 13
8 0 0 0 4 66 15
9 0 0 0 5 17 18
10 0 0 0 6 19 20
11 0 0 0 6 76 12
12 0 0 0 7 11 21
13 0 0 0 7 22 14
14 0 0 0 64 13 23
15 0 0 0 8 23 16
16 0 0 0 71 15 17
17 0 0 0 9 16 24
18 0 0 0 9 25 19
19 0 0 0 10 18 26
20 0 0 0 10 27 78
21 0 0 0 12 28 29
22 0 0 0 13 30 31
23 0 0 0 14 32 15
24 0 0 0 17 33 34
25 0 0 0 18 35 83
26 0 0 0 19 87 36
27 0 0 0 20 37 38
28 0 0 0 80 38 21
29 0 0 0 21 39 30
30 0 0 0 22 29 90
31 0 0 0 22 40 41
32 0 0 0 23 41 33
33 0 0 0 24 32 97
34 0 0 0 24 42 35
35 0 0 0 25 34 43
36 0 0 0 26 45 37
37 0 0 0 27 36 46
38 0 0 0 27 47 28
39 0 0 0 29 48 49
40 0 0 0 31 94 50
41 0 0 0 31 51 32
42 0 0 0 34 101 52
43 0 0 0 35 53 44
44 0 0 0 85 43 45
45 0 0 0 36 44 104
46 0 0 0 37 108 54
47 0 0 0 38 55 48
48 0 0 0 39 47 111
49 0 0 0 39 56 92
50 0 0 0 40 56 57
51 0 0 0 41 58 99
52 0 0 0 42 58 59
53 0 0 0 43 59 106
54 0 0 0 46 59 55
55 0 0 0 47 54 60
56 0 0 0 49 115 50
57 0 0 0 50 60 58
58 0 0 0 51 57 52
59 0 0 0 52 54 53
60 0 0 0 55 57 113
61 0 0 0 63 65 67
62 0 0 0 3 63 67
63 0 0 0 61 62 64
64 0 0 0 14 65 63
65 0 0 0 61 64 66
66 0 0 0 8 67 65
67 0 0 0 61 66 62
68 0 0 0 70 72 74
69 0 0 0 4 70 74
70 0 0 0 68 69 71
71 0 0 0 16 72 70
72 0 0 0 68 71 73
73 0 0 0 5 74 72
74 0 0 0 68 73 69
75 0 0 0 77 79 81
76 0 0 0 11 77 81
77 0 0 0 75 76 78
78 0 0 0 20 79 77
79 0 0 0 75 78 80
80 0 0 0 28 81 79
81 0 0 0 75 80 76
82 0 0 0 84 86 88
83 0 0 0 25 84 88
84 0 0 0 82 83 85
85 0 0 0 44 86 84
86 0 0 0 82 85 87
87 0 0 0 26 88 86
88 0 0 0 82 87 83
89 0 0 0 91 93 95
90 0 0 0 30 91 95
91 0 0 0 89 90 92
92 0 0 0 49 93 91
93 0 0 0 89 92 94
94 0 0 0 40 95 93
95 0 0 0 89 94 90
96 0 0 0 98 100 102
97 0 0 0 33 98 102
98 0 0 0 96 97 99
99 0 0 0 51 100 98
100 0 0 0 96 99 101
101 0 0 0 42 102 100
102 0 0 0 96 101 97
103 0 0 0 105 107 109
104 0 0 0 45 105 109
105 0 0 0 103 104 106
106 0 0 0 53 107 105
107 0 0 0 103 106 108
108 0 0 0 46 109 107
109 0 0 0 103 108 104
110 0 0 0 112 114 116
111 0 0 0 48 112 116
112 0 0 0 110 111 113
113 0 0 0 60 114 112
114 0 0 0 110 113 115
115 0 0 0 56 116 114
116 0 0 0 110 115 111
0
