>>writegraph3d planar <<
1 0 0 0 17 4 5
2 0 0 0 19 6
3 0 0 0 21 7 8
4 0 0 0 1 8 24
5 0 0 0 1 9 6
6 0 0 0 2 5 31
7 0 0 0 3 38
8 0 0 0 3 11 4
9 0 0 0 5 28 13
10 0 0 0 35 14
11 0 0 0 8 42 12
12 0 0 0 26 11 15
13 0 0 0 9 15 33
14 0 0 0 10 15 40
15 0 0 0 12 14 13
16 0 0 0 18 20 22
17 0 0 0 1 18 22
18 0 0 0 16 17 19
19 0 0 0 2 20 18
20 0 0 0 16 19 21
21 0 0 0 3 22 20
22 0 0 0 16 21 17
23 0 0 0 25 27 29
24 0 0 0 4 25 29
25 0 0 0 23 24 26
26 0 0 0 12 27 25
27 0 0 0 23 26 28
28 0 0 0 9 29 27
29 0 0 0 23 28 24
30 0 0 0 32 34 36
31 0 0 0 6 32 36
32 0 0 0 30 31 33
33 0 0 0 13 34 32
34 0 0 0 30 33 35
35 0 0 0 10 36 34
36 0 0 0 30 35 31
37 0 0 0 39 41 43
38 0 0 0 7 39 43
39 0 0 0 37 38 40
40 0 0 0 14 41 39
41 0 0 0 37 40 42
42 0 0 0 11 43 41
43 0 0 0 37 42 38
0
