>>writegraph3d planar <<
1 0 0 0 2 3 4
2 0 0 0 1 6
3 0 0 0 1 7 62
4 0 0 0 1 8 9
5 0 0 0 10 11
6 0 0 0 2 12 13
7 0 0 0 3 14 15
8 0 0 0 4 66 17
9 0 0 0 4 18 19
10 0 0 0 5 19 20
11 0 0 0 5 21 22
12 0 0 0 6 23 69
13 0 0 0 6 24 14
14 0 0 0 7 13 76
15 0 0 0 7 25 16
16 0 0 0 64 15 26
17 0 0 0 8 26 27
18 0 0 0 9 28 29
19 0 0 0 9 83 10
20 0 0 0 10 30 31
21 0 0 0 11 32 90
22 0 0 0 11 33 23
23 0 0 0 12 22 34
24 0 0 0 13 73 36
25 0 0 0 15 80 37
26 0 0 0 16 38 17
27 0 0 0 17 39 28
28 0 0 0 18 27 40
29 0 0 0 18 41 85
30 0 0 0 20 87 42
31 0 0 0 20 97 32
32 0 0 0 21 31 43
33 0 0 0 22 94 45
34 0 0 0 23 46 35
35 0 0 0 71 34 47
36 0 0 0 24 47 78
37 0 0 0 25 47 48
38 0 0 0 26 48 49
39 0 0 0 27 50 104
40 0 0 0 28 108 51
41 0 0 0 29 52 42
42 0 0 0 30 41 99
43 0 0 0 32 53 44
44 0 0 0 92 43 54
45 0 0 0 33 54 55
46 0 0 0 34 55 56
47 0 0 0 35 37 36
48 0 0 0 37 56 38
49 0 0 0 38 111 50
50 0 0 0 39 49 57
51 0 0 0 40 59 52
52 0 0 0 41 51 53
53 0 0 0 101 52 43
54 0 0 0 44 59 45
55 0 0 0 45 60 46
56 0 0 0 46 113 48
57 0 0 0 50 60 58
58 0 0 0 106 57 59
59 0 0 0 51 58 54
60 0 0 0 55 57 115
61 0 0 0 63 65 67
62 0 0 0 3 63 67
63 0 0 0 61 62 64
64 0 0 0 16 65 63
65 0 0 0 61 64 66
66 0 0 0 8 67 65
67 0 0 0 61 66 62
68 0 0 0 70 72 74
69 0 0 0 12 70 74
70 0 0 0 68 69 71
71 0 0 0 35 72 70
72 0 0 0 68 71 73
73 0 0 0 24 74 72
74 0 0 0 68 73 69
75 0 0 0 77 79 81
76 0 0 0 14 77 81
77 0 0 0 75 76 78
78 0 0 0 36 79 77
79 0 0 0 75 78 80
80 0 0 0 25 81 79
81 0 0 0 75 80 76
82 0 0 0 84 86 88
83 0 0 0 19 84 88
84 0 0 0 82 83 85
85 0 0 0 29 86 84
86 0 0 0 82 85 87
87 0 0 0 30 88 86
88 0 0 0 82 87 83
89 0 0 0 91 93 95
90 0 0 0 21 91 95
91 0 0 0 89 90 92
92 0 0 0 44 93 91
93 0 0 0 89 92 94
94 0 0 0 33 95 93
95 0 0 0 89 94 90
96 0 0 0 98 100 102
97 0 0 0 31 98 102
98 0 0 0 96 97 99
99 0 0 0 42 100 98
100 0 0 0 96 99 101
101 0 0 0 53 102 100
102 0 0 0 96 101 97
103 0 0 0 105 107 109
104 0 0 0 39 105 109
105 0 0 0 103 104 106
106 0 0 0 58 107 105
107 0 0 0 103 106 108
108 0 0 0 40 109 107
109 0 0 0 103 108 104
110 0 0 0 112 114 116
111 0 0 0 49 112 116
112 0 0 0 110 111 113
113 0 0 0 56 114 112
114 0 0 0 110 113 115
115 0 0 0 60 116 114
116 0 0 0 110 115 111
0
