>>writegraph3d planar <<
1 0 0 0 2 3 4
2 0 0 0 1 5 6
3 0 0 0 1 7 8
4 0 0 0 1 9 10
5 0 0 0 2 11 62
6 0 0 0 2 12 13
7 0 0 0 3 14 15
8 0 0 0 3 16 17
9 0 0 0 4 18 19
10 0 0 0 4 20 21
11 0 0 0 5 21 22
12 0 0 0 6 66 24
13 0 0 0 6 69 14
14 0 0 0 7 13 25
15 0 0 0 7 76 26
16 0 0 0 8 27 28
17 0 0 0 8 29 18
18 0 0 0 9 17 83
19 0 0 0 9 30 31
20 0 0 0 10 32 90
21 0 0 0 10 33 11
22 0 0 0 11 34 23
23 0 0 0 64 22 35
24 0 0 0 12 35 71
25 0 0 0 14 36 78
26 0 0 0 15 38 27
27 0 0 0 16 26 39
28 0 0 0 16 97 40
29 0 0 0 17 41 42
30 0 0 0 19 87 43
31 0 0 0 19 44 32
32 0 0 0 20 31 45
33 0 0 0 21 94 47
34 0 0 0 22 48 38
35 0 0 0 23 49 24
36 0 0 0 73 49 25
37 0 0 0 80 49 38
38 0 0 0 26 37 34
39 0 0 0 27 50 99
40 0 0 0 28 52 41
41 0 0 0 29 40 104
42 0 0 0 29 53 85
43 0 0 0 30 53 54
44 0 0 0 31 55 111
45 0 0 0 32 115 46
46 0 0 0 92 45 56
47 0 0 0 33 56 48
48 0 0 0 34 47 50
49 0 0 0 35 37 36
50 0 0 0 39 48 57
51 0 0 0 101 57 52
52 0 0 0 40 51 58
53 0 0 0 42 108 43
54 0 0 0 43 58 55
55 0 0 0 44 54 59
56 0 0 0 46 60 47
57 0 0 0 50 59 51
58 0 0 0 52 54 106
59 0 0 0 55 57 60
60 0 0 0 113 59 56
61 0 0 0 63 65 67
62 0 0 0 5 63 67
63 0 0 0 61 62 64
64 0 0 0 23 65 63
65 0 0 0 61 64 66
66 0 0 0 12 67 65
67 0 0 0 61 66 62
68 0 0 0 70 72 74
69 0 0 0 13 70 74
70 0 0 0 68 69 71
71 0 0 0 24 72 70
72 0 0 0 68 71 73
73 0 0 0 36 74 72
74 0 0 0 68 73 69
75 0 0 0 77 79 81
76 0 0 0 15 77 81
77 0 0 0 75 76 78
78 0 0 0 25 79 77
79 0 0 0 75 78 80
80 0 0 0 37 81 79
81 0 0 0 75 80 76
82 0 0 0 84 86 88
83 0 0 0 18 84 88
84 0 0 0 82 83 85
85 0 0 0 42 86 84
86 0 0 0 82 85 87
87 0 0 0 30 88 86
88 0 0 0 82 87 83
89 0 0 0 91 93 95
90 0 0 0 20 91 95
91 0 0 0 89 90 92
92 0 0 0 46 93 91
93 0 0 0 89 92 94
94 0 0 0 33 95 93
95 0 0 0 89 94 90
96 0 0 0 98 100 102
97 0 0 0 28 98 102
98 0 0 0 96 97 99
99 0 0 0 39 100 98
100 0 0 0 96 99 101
101 0 0 0 51 102 100
102 0 0 0 96 101 97
103 0 0 0 105 107 109
104 0 0 0 41 105 109
105 0 0 0 103 104 106
106 0 0 0 58 107 105
107 0 0 0 103 106 108
108 0 0 0 53 109 107
109 0 0 0 103 108 104
110 0 0 0 112 114 116
111 0 0 0 44 112 116
112 0 0 0 110 111 113
113 0 0 0 60 114 112
114 0 0 0 110 113 115
115 0 0 0 45 116 114
116 0 0 0 110 115 111
0
