>>writegraph3d planar <<
1 0 0 0 2 3
2 0 0 0 1 6 39
3 0 0 0 1 7 8
4 0 0 0 9 10
5 0 0 0 11 12
6 0 0 0 2 13 14
7 0 0 0 3 43 16
8 0 0 0 3 46 17
9 0 0 0 4 17 53
10 0 0 0 4 18 19
11 0 0 0 5 20 60
12 0 0 0 5 21 13
13 0 0 0 6 12 67
14 0 0 0 6 22 15
15 0 0 0 41 14 23
16 0 0 0 7 23 48
17 0 0 0 8 25 9
18 0 0 0 10 57 27
19 0 0 0 10 74 20
20 0 0 0 11 19 28
21 0 0 0 12 64 30
22 0 0 0 14 71 31
23 0 0 0 15 32 16
24 0 0 0 50 32 25
25 0 0 0 17 24 26
26 0 0 0 55 25 33
27 0 0 0 18 33 76
28 0 0 0 20 34 29
29 0 0 0 62 28 35
30 0 0 0 21 35 69
31 0 0 0 22 35 36
32 0 0 0 23 36 24
33 0 0 0 26 37 27
34 0 0 0 78 37 28
35 0 0 0 29 31 30
36 0 0 0 31 37 32
37 0 0 0 33 36 34
38 0 0 0 40 42 44
39 0 0 0 2 40 44
40 0 0 0 38 39 41
41 0 0 0 15 42 40
42 0 0 0 38 41 43
43 0 0 0 7 44 42
44 0 0 0 38 43 39
45 0 0 0 47 49 51
46 0 0 0 8 47 51
47 0 0 0 45 46 48
48 0 0 0 16 49 47
49 0 0 0 45 48 50
50 0 0 0 24 51 49
51 0 0 0 45 50 46
52 0 0 0 54 56 58
53 0 0 0 9 54 58
54 0 0 0 52 53 55
55 0 0 0 26 56 54
56 0 0 0 52 55 57
57 0 0 0 18 58 56
58 0 0 0 52 57 53
59 0 0 0 61 63 65
60 0 0 0 11 61 65
61 0 0 0 59 60 62
62 0 0 0 29 63 61
63 0 0 0 59 62 64
64 0 0 0 21 65 63
65 0 0 0 59 64 60
66 0 0 0 68 70 72
67 0 0 0 13 68 72
68 0 0 0 66 67 69
69 0 0 0 30 70 68
70 0 0 0 66 69 71
71 0 0 0 22 72 70
72 0 0 0 66 71 67
73 0 0 0 75 77 79
74 0 0 0 19 75 79
75 0 0 0 73 74 76
76 0 0 0 27 77 75
77 0 0 0 73 76 78
78 0 0 0 34 79 77
79 0 0 0 73 78 74
0
