>>writegraph3d planar <<
1 0 0 0 2 3 4
2 0 0 0 1 5 6
3 0 0 0 1 7 40
4 0 0 0 1 8 9
5 0 0 0 2 10 11
6 0 0 0 2 12 13
7 0 0 0 3 14 15
8 0 0 0 4 44 17
9 0 0 0 4 47 18
10 0 0 0 5 18 54
11 0 0 0 5 19 20
12 0 0 0 6 21 61
13 0 0 0 6 22 14
14 0 0 0 7 13 68
15 0 0 0 7 23 16
16 0 0 0 42 15 24
17 0 0 0 8 24 49
18 0 0 0 9 26 10
19 0 0 0 11 58 28
20 0 0 0 11 75 21
21 0 0 0 12 20 29
22 0 0 0 13 65 31
23 0 0 0 15 72 32
24 0 0 0 16 33 17
25 0 0 0 51 33 26
26 0 0 0 18 25 27
27 0 0 0 56 26 34
28 0 0 0 19 34 77
29 0 0 0 21 35 30
30 0 0 0 63 29 36
31 0 0 0 22 36 70
32 0 0 0 23 36 37
33 0 0 0 24 37 25
34 0 0 0 27 38 28
35 0 0 0 79 38 29
36 0 0 0 30 32 31
37 0 0 0 32 38 33
38 0 0 0 34 37 35
39 0 0 0 41 43 45
40 0 0 0 3 41 45
41 0 0 0 39 40 42
42 0 0 0 16 43 41
43 0 0 0 39 42 44
44 0 0 0 8 45 43
45 0 0 0 39 44 40
46 0 0 0 48 50 52
47 0 0 0 9 48 52
48 0 0 0 46 47 49
49 0 0 0 17 50 48
50 0 0 0 46 49 51
51 0 0 0 25 52 50
52 0 0 0 46 51 47
53 0 0 0 55 57 59
54 0 0 0 10 55 59
55 0 0 0 53 54 56
56 0 0 0 27 57 55
57 0 0 0 53 56 58
58 0 0 0 19 59 57
59 0 0 0 53 58 54
60 0 0 0 62 64 66
61 0 0 0 12 62 66
62 0 0 0 60 61 63
63 0 0 0 30 64 62
64 0 0 0 60 63 65
65 0 0 0 22 66 64
66 0 0 0 60 65 61
67 0 0 0 69 71 73
68 0 0 0 14 69 73
69 0 0 0 67 68 70
70 0 0 0 31 71 69
71 0 0 0 67 70 72
72 0 0 0 23 73 71
73 0 0 0 67 72 68
74 0 0 0 76 78 80
75 0 0 0 20 76 80
76 0 0 0 74 75 77
77 0 0 0 28 78 76
78 0 0 0 74 77 79
79 0 0 0 35 80 78
80 0 0 0 74 79 75
0
