>>writegraph3d planar <<
1 0 0 0 2 3 4
2 0 0 0 1 5 6
3 0 0 0 1 7 8
4 0 0 0 1 9 10
5 0 0 0 2 11 12
6 0 0 0 2 13 14
7 0 0 0 3 15 16
8 0 0 0 3 12 17
9 0 0 0 4 18 19
10 0 0 0 4 62 20
11 0 0 0 5 20 21
12 0 0 0 5 8 22
13 0 0 0 6 23 69
14 0 0 0 6 24 15
15 0 0 0 7 14 76
16 0 0 0 7 25 26
17 0 0 0 8 27 18
18 0 0 0 9 17 28
19 0 0 0 9 29 64
20 0 0 0 10 31 11
21 0 0 0 11 83 27
22 0 0 0 12 26 23
23 0 0 0 13 22 32
24 0 0 0 14 73 34
25 0 0 0 16 80 35
26 0 0 0 16 90 22
27 0 0 0 17 21 36
28 0 0 0 18 37 38
29 0 0 0 19 39 40
30 0 0 0 66 40 31
31 0 0 0 20 30 85
32 0 0 0 23 94 33
33 0 0 0 71 32 42
34 0 0 0 24 42 78
35 0 0 0 25 42 92
36 0 0 0 27 41 43
37 0 0 0 28 43 44
38 0 0 0 28 45 39
39 0 0 0 29 38 46
40 0 0 0 29 41 30
41 0 0 0 87 40 36
42 0 0 0 33 35 34
43 0 0 0 36 46 37
44 0 0 0 37 47 48
45 0 0 0 38 49 50
46 0 0 0 39 51 43
47 0 0 0 44 52 53
48 0 0 0 44 97 49
49 0 0 0 45 48 54
50 0 0 0 45 104 55
51 0 0 0 46 55 52
52 0 0 0 47 51 111
53 0 0 0 47 56 99
54 0 0 0 49 57 106
55 0 0 0 50 59 51
56 0 0 0 53 115 60
57 0 0 0 101 60 54
58 0 0 0 108 60 59
59 0 0 0 55 58 113
60 0 0 0 56 58 57
61 0 0 0 63 65 67
62 0 0 0 10 63 67
63 0 0 0 61 62 64
64 0 0 0 19 65 63
65 0 0 0 61 64 66
66 0 0 0 30 67 65
67 0 0 0 61 66 62
68 0 0 0 70 72 74
69 0 0 0 13 70 74
70 0 0 0 68 69 71
71 0 0 0 33 72 70
72 0 0 0 68 71 73
73 0 0 0 24 74 72
74 0 0 0 68 73 69
75 0 0 0 77 79 81
76 0 0 0 15 77 81
77 0 0 0 75 76 78
78 0 0 0 34 79 77
79 0 0 0 75 78 80
80 0 0 0 25 81 79
81 0 0 0 75 80 76
82 0 0 0 84 86 88
83 0 0 0 21 84 88
84 0 0 0 82 83 85
85 0 0 0 31 86 84
86 0 0 0 82 85 87
87 0 0 0 41 88 86
88 0 0 0 82 87 83
89 0 0 0 91 93 95
90 0 0 0 26 91 95
91 0 0 0 89 90 92
92 0 0 0 35 93 91
93 0 0 0 89 92 94
94 0 0 0 32 95 93
95 0 0 0 89 94 90
96 0 0 0 98 100 102
97 0 0 0 48 98 102
98 0 0 0 96 97 99
99 0 0 0 53 100 98
100 0 0 0 96 99 101
101 0 0 0 57 102 100
102 0 0 0 96 101 97
103 0 0 0 105 107 109
104 0 0 0 50 105 109
105 0 0 0 103 104 106
106 0 0 0 54 107 105
107 0 0 0 103 106 108
108 0 0 0 58 109 107
109 0 0 0 103 108 104
110 0 0 0 112 114 116
111 0 0 0 52 112 116
112 0 0 0 110 111 113
113 0 0 0 59 114 112
114 0 0 0 110 113 115
115 0 0 0 56 116 114
116 0 0 0 110 115 111
0
