>>writegraph3d planar <<
1 0 0 0 2 3 4
2 0 0 0 1 5 6
3 0 0 0 1 7 8
4 0 0 0 1 9 62
5 0 0 0 2 66 10
6 0 0 0 2 11 12
7 0 0 0 3 13 14
8 0 0 0 3 15 16
9 0 0 0 4 17 18
10 0 0 0 5 20 21
11 0 0 0 6 22 69
12 0 0 0 6 23 13
13 0 0 0 7 12 76
14 0 0 0 7 24
15 0 0 0 8 26 27
16 0 0 0 8 28 17
17 0 0 0 9 16 29
18 0 0 0 9 30 19
19 0 0 0 64 18 20
20 0 0 0 10 19 31
21 0 0 0 10 83 22
22 0 0 0 11 21 32
23 0 0 0 12 73 34
24 0 0 0 14 80 35
25 0 0 0 36 26
26 0 0 0 15 25 90
27 0 0 0 15 37 38
28 0 0 0 16 39 97
29 0 0 0 17 101 40
30 0 0 0 18 41 42
31 0 0 0 20 43 85
32 0 0 0 22 44 33
33 0 0 0 71 32 45
34 0 0 0 23 45 78
35 0 0 0 24 45 46
36 0 0 0 25 47 48
37 0 0 0 27 94 49
38 0 0 0 27 104 39
39 0 0 0 28 38 50
40 0 0 0 29 52 41
41 0 0 0 30 40 111
42 0 0 0 30 53 43
43 0 0 0 31 42 54
44 0 0 0 87 54 32
45 0 0 0 33 35 34
46 0 0 0 35 54 47
47 0 0 0 36 46 55
48 0 0 0 36 56 92
49 0 0 0 37 56 106
50 0 0 0 39 57 51
51 0 0 0 99 50 52
52 0 0 0 40 51 58
53 0 0 0 42 115 55
54 0 0 0 43 46 44
55 0 0 0 47 53 59
56 0 0 0 48 60 49
57 0 0 0 108 60 50
58 0 0 0 52 59 113
59 0 0 0 55 58 60
60 0 0 0 56 59 57
61 0 0 0 63 65 67
62 0 0 0 4 63 67
63 0 0 0 61 62 64
64 0 0 0 19 65 63
65 0 0 0 61 64 66
66 0 0 0 5 67 65
67 0 0 0 61 66 62
68 0 0 0 70 72 74
69 0 0 0 11 70 74
70 0 0 0 68 69 71
71 0 0 0 33 72 70
72 0 0 0 68 71 73
73 0 0 0 23 74 72
74 0 0 0 68 73 69
75 0 0 0 77 79 81
76 0 0 0 13 77 81
77 0 0 0 75 76 78
78 0 0 0 34 79 77
79 0 0 0 75 78 80
80 0 0 0 24 81 79
81 0 0 0 75 80 76
82 0 0 0 84 86 88
83 0 0 0 21 84 88
84 0 0 0 82 83 85
85 0 0 0 31 86 84
86 0 0 0 82 85 87
87 0 0 0 44 88 86
88 0 0 0 82 87 83
89 0 0 0 91 93 95
90 0 0 0 26 91 95
91 0 0 0 89 90 92
92 0 0 0 48 93 91
93 0 0 0 89 92 94
94 0 0 0 37 95 93
95 0 0 0 89 94 90
96 0 0 0 98 100 102
97 0 0 0 28 98 102
98 0 0 0 96 97 99
99 0 0 0 51 100 98
100 0 0 0 96 99 101
101 0 0 0 29 102 100
102 0 0 0 96 101 97
103 0 0 0 105 107 109
104 0 0 0 38 105 109
105 0 0 0 103 104 106
106 0 0 0 49 107 105
107 0 0 0 103 106 108
108 0 0 0 57 109 107
109 0 0 0 103 108 104
110 0 0 0 112 114 116
111 0 0 0 41 112 116
112 0 0 0 110 111 113
113 0 0 0 58 114 112
114 0 0 0 110 113 115
115 0 0 0 53 116 114
116 0 0 0 110 115 111
0
