>>writegraph3d planar <<
1 0 0 0 62 2 3
2 0 0 0 1 6 7
3 0 0 0 1 8 9
4 0 0 0 64 9 10
5 0 0 0 66 11 6
6 0 0 0 2 5 12
7 0 0 0 2 69 13
8 0 0 0 3 14 15
9 0 0 0 3 76 4
10 0 0 0 4 16 11
11 0 0 0 5 10 17
12 0 0 0 6 18 71
13 0 0 0 7 20 14
14 0 0 0 8 13 83
15 0 0 0 8 21 78
16 0 0 0 10 80 22
17 0 0 0 11 23 24
18 0 0 0 12 24 25
19 0 0 0 73 25 20
20 0 0 0 13 19 26
21 0 0 0 15 87 22
22 0 0 0 16 21 27
23 0 0 0 17 27 28
24 0 0 0 17 29 18
25 0 0 0 18 28 19
26 0 0 0 20 27 85
27 0 0 0 22 26 23
28 0 0 0 23 25 30
29 0 0 0 24 31 32
30 0 0 0 28 32 31
31 0 0 0 29 30 33
32 0 0 0 29 34 30
33 0 0 0 31 35 36
34 0 0 0 32 37 38
35 0 0 0 33 38 39
36 0 0 0 33 40 37
37 0 0 0 34 36 41
38 0 0 0 34 42 35
39 0 0 0 35 43 44
40 0 0 0 36 45 90
41 0 0 0 37 94 46
42 0 0 0 38 47 48
43 0 0 0 39 49 50
44 0 0 0 39 97 45
45 0 0 0 40 44 51
46 0 0 0 41 53 47
47 0 0 0 42 46 104
48 0 0 0 42 54 49
49 0 0 0 43 48 111
50 0 0 0 43 55 99
51 0 0 0 45 56 52
52 0 0 0 92 51 53
53 0 0 0 46 52 57
54 0 0 0 48 108 58
55 0 0 0 50 115 59
56 0 0 0 101 59 51
57 0 0 0 53 60 106
58 0 0 0 54 60 113
59 0 0 0 55 60 56
60 0 0 0 57 59 58
61 0 0 0 63 65 67
62 0 0 0 1 63 67
63 0 0 0 61 62 64
64 0 0 0 4 65 63
65 0 0 0 61 64 66
66 0 0 0 5 67 65
67 0 0 0 61 66 62
68 0 0 0 70 72 74
69 0 0 0 7 70 74
70 0 0 0 68 69 71
71 0 0 0 12 72 70
72 0 0 0 68 71 73
73 0 0 0 19 74 72
74 0 0 0 68 73 69
75 0 0 0 77 79 81
76 0 0 0 9 77 81
77 0 0 0 75 76 78
78 0 0 0 15 79 77
79 0 0 0 75 78 80
80 0 0 0 16 81 79
81 0 0 0 75 80 76
82 0 0 0 84 86 88
83 0 0 0 14 84 88
84 0 0 0 82 83 85
85 0 0 0 26 86 84
86 0 0 0 82 85 87
87 0 0 0 21 88 86
88 0 0 0 82 87 83
89 0 0 0 91 93 95
90 0 0 0 40 91 95
91 0 0 0 89 90 92
92 0 0 0 52 93 91
93 0 0 0 89 92 94
94 0 0 0 41 95 93
95 0 0 0 89 94 90
96 0 0 0 98 100 102
97 0 0 0 44 98 102
98 0 0 0 96 97 99
99 0 0 0 50 100 98
100 0 0 0 96 99 101
101 0 0 0 56 102 100
102 0 0 0 96 101 97
103 0 0 0 105 107 109
104 0 0 0 47 105 109
105 0 0 0 103 104 106
106 0 0 0 57 107 105
107 0 0 0 103 106 108
108 0 0 0 54 109 107
109 0 0 0 103 108 104
110 0 0 0 112 114 116
111 0 0 0 49 112 116
112 0 0 0 110 111 113
113 0 0 0 58 114 112
114 0 0 0 110 113 115
115 0 0 0 55 116 114
116 0 0 0 110 115 111
0
