>>writegraph3d planar <<
1 0 0 0 2 3 4
2 0 0 0 1 5 6
3 0 0 0 1 7 8
4 0 0 0 1 9 10
5 0 0 0 2 11 12
6 0 0 0 2 13 14
7 0 0 0 3 15 16
8 0 0 0 3 12 17
9 0 0 0 4 18 40
10 0 0 0 4 19 20
11 0 0 0 5 20 21
12 0 0 0 5 8 22
13 0 0 0 6 23 47
14 0 0 0 6 24 15
15 0 0 0 7 14 54
16 0 0 0 7 25 26
17 0 0 0 8 27 18
18 0 0 0 9 17 28
19 0 0 0 10 44 30
20 0 0 0 10 61 11
21 0 0 0 11 31 27
22 0 0 0 12 26 23
23 0 0 0 13 22 32
24 0 0 0 14 51 34
25 0 0 0 16 58 35
26 0 0 0 16 68 22
27 0 0 0 17 21 75
28 0 0 0 18 79 29
29 0 0 0 42 28 36
30 0 0 0 19 36 63
31 0 0 0 21 65 37
32 0 0 0 23 72 33
33 0 0 0 49 32 38
34 0 0 0 24 38 56
35 0 0 0 25 38 70
36 0 0 0 29 37 30
37 0 0 0 31 36 77
38 0 0 0 33 35 34
39 0 0 0 41 43 45
40 0 0 0 9 41 45
41 0 0 0 39 40 42
42 0 0 0 29 43 41
43 0 0 0 39 42 44
44 0 0 0 19 45 43
45 0 0 0 39 44 40
46 0 0 0 48 50 52
47 0 0 0 13 48 52
48 0 0 0 46 47 49
49 0 0 0 33 50 48
50 0 0 0 46 49 51
51 0 0 0 24 52 50
52 0 0 0 46 51 47
53 0 0 0 55 57 59
54 0 0 0 15 55 59
55 0 0 0 53 54 56
56 0 0 0 34 57 55
57 0 0 0 53 56 58
58 0 0 0 25 59 57
59 0 0 0 53 58 54
60 0 0 0 62 64 66
61 0 0 0 20 62 66
62 0 0 0 60 61 63
63 0 0 0 30 64 62
64 0 0 0 60 63 65
65 0 0 0 31 66 64
66 0 0 0 60 65 61
67 0 0 0 69 71 73
68 0 0 0 26 69 73
69 0 0 0 67 68 70
70 0 0 0 35 71 69
71 0 0 0 67 70 72
72 0 0 0 32 73 71
73 0 0 0 67 72 68
74 0 0 0 76 78 80
75 0 0 0 27 76 80
76 0 0 0 74 75 77
77 0 0 0 37 78 76
78 0 0 0 74 77 79
79 0 0 0 28 80 78
80 0 0 0 74 79 75
0
