>>writegraph3d planar <<
1 0 0 0 2 3 4
2 0 0 0 1 5 6
3 0 0 0 1 7 8
4 0 0 0 1 9 10
5 0 0 0 2 11 12
6 0 0 0 2 13 14
7 0 0 0 3 15 16
8 0 0 0 3 12 17
9 0 0 0 4 18 39
10 0 0 0 4 19 20
11 0 0 0 5 20 21
12 0 0 0 5 8 22
13 0 0 0 6 23 24
14 0 0 0 6 46 15
15 0 0 0 7 14 25
16 0 0 0 7 53 26
17 0 0 0 8 27 18
18 0 0 0 9 17 28
19 0 0 0 10 43 30
20 0 0 0 10 60 11
21 0 0 0 11 31 27
22 0 0 0 12 26 23
23 0 0 0 13 22 67
24 0 0 0 13 32 48
25 0 0 0 15 33 55
26 0 0 0 16 35 22
27 0 0 0 17 21 74
28 0 0 0 18 78 29
29 0 0 0 41 28
30 0 0 0 19 62
31 0 0 0 21 64 36
32 0 0 0 24 71 37
33 0 0 0 50 37 25
34 0 0 0 57 37 35
35 0 0 0 26 34 69
36 0 0 0 31 76
37 0 0 0 32 34 33
38 0 0 0 40 42 44
39 0 0 0 9 40 44
40 0 0 0 38 39 41
41 0 0 0 29 42 40
42 0 0 0 38 41 43
43 0 0 0 19 44 42
44 0 0 0 38 43 39
45 0 0 0 47 49 51
46 0 0 0 14 47 51
47 0 0 0 45 46 48
48 0 0 0 24 49 47
49 0 0 0 45 48 50
50 0 0 0 33 51 49
51 0 0 0 45 50 46
52 0 0 0 54 56 58
53 0 0 0 16 54 58
54 0 0 0 52 53 55
55 0 0 0 25 56 54
56 0 0 0 52 55 57
57 0 0 0 34 58 56
58 0 0 0 52 57 53
59 0 0 0 61 63 65
60 0 0 0 20 61 65
61 0 0 0 59 60 62
62 0 0 0 30 63 61
63 0 0 0 59 62 64
64 0 0 0 31 65 63
65 0 0 0 59 64 60
66 0 0 0 68 70 72
67 0 0 0 23 68 72
68 0 0 0 66 67 69
69 0 0 0 35 70 68
70 0 0 0 66 69 71
71 0 0 0 32 72 70
72 0 0 0 66 71 67
73 0 0 0 75 77 79
74 0 0 0 27 75 79
75 0 0 0 73 74 76
76 0 0 0 36 77 75
77 0 0 0 73 76 78
78 0 0 0 28 79 77
79 0 0 0 73 78 74
0
