>>writegraph3d planar <<
1 0 0 0 2 3 62
2 0 0 0 1 4 5
3 0 0 0 1 6 7
4 0 0 0 2 9 10
5 0 0 0 2 11 12
6 0 0 0 3 13 14
7 0 0 0 3 15 8
8 0 0 0 64 7 16
9 0 0 0 66 17 4
10 0 0 0 4 18 19
11 0 0 0 5 20 69
12 0 0 0 5 21 13
13 0 0 0 6 12 76
14 0 0 0 6 22 23
15 0 0 0 7 24 83
16 0 0 0 8 87 17
17 0 0 0 9 16 25
18 0 0 0 10 26 90
19 0 0 0 10 27 20
20 0 0 0 11 19 28
21 0 0 0 12 73 30
22 0 0 0 14 80 31
23 0 0 0 14 32 24
24 0 0 0 15 23 33
25 0 0 0 17 34 26
26 0 0 0 18 25 35
27 0 0 0 19 94 37
28 0 0 0 20 38 29
29 0 0 0 71 28 39
30 0 0 0 21 39 78
31 0 0 0 22 39 40
32 0 0 0 23 41 42
33 0 0 0 24 43 34
34 0 0 0 85 33 25
35 0 0 0 26 44 36
36 0 0 0 92 35 45
37 0 0 0 27 45 46
38 0 0 0 28 46 47
39 0 0 0 29 31 30
40 0 0 0 31 47 41
41 0 0 0 32 40 48
42 0 0 0 32 49 50
43 0 0 0 33 50 44
44 0 0 0 35 43 51
45 0 0 0 36 52 37
46 0 0 0 37 53 38
47 0 0 0 38 97 40
48 0 0 0 41 101 54
49 0 0 0 42 55 56
50 0 0 0 42 104 43
51 0 0 0 44 108 57
52 0 0 0 45 57 58
53 0 0 0 46 59 99
54 0 0 0 48 59 55
55 0 0 0 49 54 111
56 0 0 0 49 60 106
57 0 0 0 51 60 52
58 0 0 0 52 113 59
59 0 0 0 53 58 54
60 0 0 0 56 115 57
61 0 0 0 63 65 67
62 0 0 0 1 63 67
63 0 0 0 61 62 64
64 0 0 0 8 65 63
65 0 0 0 61 64 66
66 0 0 0 9 67 65
67 0 0 0 61 66 62
68 0 0 0 70 72 74
69 0 0 0 11 70 74
70 0 0 0 68 69 71
71 0 0 0 29 72 70
72 0 0 0 68 71 73
73 0 0 0 21 74 72
74 0 0 0 68 73 69
75 0 0 0 77 79 81
76 0 0 0 13 77 81
77 0 0 0 75 76 78
78 0 0 0 30 79 77
79 0 0 0 75 78 80
80 0 0 0 22 81 79
81 0 0 0 75 80 76
82 0 0 0 84 86 88
83 0 0 0 15 84 88
84 0 0 0 82 83 85
85 0 0 0 34 86 84
86 0 0 0 82 85 87
87 0 0 0 16 88 86
88 0 0 0 82 87 83
89 0 0 0 91 93 95
90 0 0 0 18 91 95
91 0 0 0 89 90 92
92 0 0 0 36 93 91
93 0 0 0 89 92 94
94 0 0 0 27 95 93
95 0 0 0 89 94 90
96 0 0 0 98 100 102
97 0 0 0 47 98 102
98 0 0 0 96 97 99
99 0 0 0 53 100 98
100 0 0 0 96 99 101
101 0 0 0 48 102 100
102 0 0 0 96 101 97
103 0 0 0 105 107 109
104 0 0 0 50 105 109
105 0 0 0 103 104 106
106 0 0 0 56 107 105
107 0 0 0 103 106 108
108 0 0 0 51 109 107
109 0 0 0 103 108 104
110 0 0 0 112 114 116
111 0 0 0 55 112 116
112 0 0 0 110 111 113
113 0 0 0 58 114 112
114 0 0 0 110 113 115
115 0 0 0 60 116 114
116 0 0 0 110 115 111
0
