>>writegraph3d planar <<
1 0 0 0 2 3 4
2 0 0 0 1 5 6
3 0 0 0 1 7 8
4 0 0 0 1 9 62
5 0 0 0 2 66 10
6 0 0 0 2 11 12
7 0 0 0 3 13 14
8 0 0 0 3 15 16
9 0 0 0 4 17 18
10 0 0 0 5 20 21
11 0 0 0 6 22 23
12 0 0 0 6 69 13
13 0 0 0 7 12 24
14 0 0 0 7 76 25
15 0 0 0 8 26 27
16 0 0 0 8 83 17
17 0 0 0 9 16 28
18 0 0 0 9 90 19
19 0 0 0 64 18 20
20 0 0 0 10 19 29
21 0 0 0 10 30 22
22 0 0 0 11 21 31
23 0 0 0 11 32 71
24 0 0 0 13 33 78
25 0 0 0 14 35 26
26 0 0 0 15 25 36
27 0 0 0 15 37 85
28 0 0 0 17 38 92
29 0 0 0 20 94 39
30 0 0 0 21 37
31 0 0 0 22 41 42
32 0 0 0 23 43 44
33 0 0 0 73 44 24
34 0 0 0 80 44 35
35 0 0 0 25 34 45
36 0 0 0 26 46 40
37 0 0 0 27 30 39
38 0 0 0 87 39 28
39 0 0 0 29 38 37
40 0 0 0 36 47
41 0 0 0 31 47 97
42 0 0 0 31 48 43
43 0 0 0 32 42 49
44 0 0 0 32 34 33
45 0 0 0 35 49 50
46 0 0 0 36 50 51
47 0 0 0 40 52 41
48 0 0 0 42 101 54
49 0 0 0 43 55 45
50 0 0 0 45 104 46
51 0 0 0 46 56 57
52 0 0 0 47 57 53
53 0 0 0 99 52 58
54 0 0 0 48 58 59
55 0 0 0 49 59 106
56 0 0 0 51 108 60
57 0 0 0 51 111 52
58 0 0 0 53 115 54
59 0 0 0 54 60 55
60 0 0 0 56 59 113
61 0 0 0 63 65 67
62 0 0 0 4 63 67
63 0 0 0 61 62 64
64 0 0 0 19 65 63
65 0 0 0 61 64 66
66 0 0 0 5 67 65
67 0 0 0 61 66 62
68 0 0 0 70 72 74
69 0 0 0 12 70 74
70 0 0 0 68 69 71
71 0 0 0 23 72 70
72 0 0 0 68 71 73
73 0 0 0 33 74 72
74 0 0 0 68 73 69
75 0 0 0 77 79 81
76 0 0 0 14 77 81
77 0 0 0 75 76 78
78 0 0 0 24 79 77
79 0 0 0 75 78 80
80 0 0 0 34 81 79
81 0 0 0 75 80 76
82 0 0 0 84 86 88
83 0 0 0 16 84 88
84 0 0 0 82 83 85
85 0 0 0 27 86 84
86 0 0 0 82 85 87
87 0 0 0 38 88 86
88 0 0 0 82 87 83
89 0 0 0 91 93 95
90 0 0 0 18 91 95
91 0 0 0 89 90 92
92 0 0 0 28 93 91
93 0 0 0 89 92 94
94 0 0 0 29 95 93
95 0 0 0 89 94 90
96 0 0 0 98 100 102
97 0 0 0 41 98 102
98 0 0 0 96 97 99
99 0 0 0 53 100 98
100 0 0 0 96 99 101
101 0 0 0 48 102 100
102 0 0 0 96 101 97
103 0 0 0 105 107 109
104 0 0 0 50 105 109
105 0 0 0 103 104 106
106 0 0 0 55 107 105
107 0 0 0 103 106 108
108 0 0 0 56 109 107
109 0 0 0 103 108 104
110 0 0 0 112 114 116
111 0 0 0 57 112 116
112 0 0 0 110 111 113
113 0 0 0 60 114 112
114 0 0 0 110 113 115
115 0 0 0 58 116 114
116 0 0 0 110 115 111
0
