>>writegraph3d planar <<
1 0 0 0 2 3 4
2 0 0 0 1 5 6
3 0 0 0 1 7 8
4 0 0 0 1 9 5
5 0 0 0 2 4 10
6 0 0 0 2 11 12
7 0 0 0 3 13 14
8 0 0 0 3 15 16
9 0 0 0 4 17 10
10 0 0 0 5 9 18
11 0 0 0 6 19 20
12 0 0 0 6 21 13
13 0 0 0 7 12 22
14 0 0 0 7 23 24
15 0 0 0 8 25 26
16 0 0 0 8 27 17
17 0 0 0 9 16 28
18 0 0 0 10 29 19
19 0 0 0 11 18 30
20 0 0 0 11 30 31
21 0 0 0 12 32 33
22 0 0 0 13 34 35
23 0 0 0 14 36 37
24 0 0 0 14 37 25
25 0 0 0 15 24 38
26 0 0 0 15 39 40
27 0 0 0 16 41 28
28 0 0 0 17 27 42
29 0 0 0 18 42 30
30 0 0 0 19 29 20
31 0 0 0 20 40 32
32 0 0 0 21 31 43
33 0 0 0 21 44 45
34 0 0 0 22 45 46
35 0 0 0 22 46 36
36 0 0 0 23 35 47
37 0 0 0 23 38 24
38 0 0 0 25 37 48
39 0 0 0 26 49 50
40 0 0 0 26 31 41
41 0 0 0 27 40 42
42 0 0 0 28 41 29
43 0 0 0 32 50 51
44 0 0 0 33 52 53
45 0 0 0 33 53 34
46 0 0 0 34 47 35
47 0 0 0 36 46 54
48 0 0 0 38 54 49
49 0 0 0 39 48 55
50 0 0 0 39 55 43
51 0 0 0 43 55 52
52 0 0 0 44 51 56
53 0 0 0 44 56 45
54 0 0 0 47 56 48
55 0 0 0 49 51 50
56 0 0 0 52 54 53
0
