>>writegraph3d planar <<
1 0 0 0 2 3 4
2 0 0 0 1 5 6
3 0 0 0 1 7 8
4 0 0 0 1 9 5
5 0 0 0 2 4 10
6 0 0 0 2 10 11
7 0 0 0 3 12 13
8 0 0 0 3 14 15
9 0 0 0 4 16 17
10 0 0 0 5 18 6
11 0 0 0 6 19 12
12 0 0 0 7 11 20
13 0 0 0 7 21 22
14 0 0 0 8 23 24
15 0 0 0 8 25 16
16 0 0 0 9 15 26
17 0 0 0 9 26 27
18 0 0 0 10 27 28
19 0 0 0 11 29 20
20 0 0 0 12 19 30
21 0 0 0 13 31 32
22 0 0 0 13 33 23
23 0 0 0 14 22 34
24 0 0 0 14 35 36
25 0 0 0 15 37 26
26 0 0 0 16 25 17
27 0 0 0 17 38 18
28 0 0 0 18 39 29
29 0 0 0 19 28 30
30 0 0 0 20 29 31
31 0 0 0 21 30 40
32 0 0 0 21 40 41
33 0 0 0 22 42 43
34 0 0 0 23 44 45
35 0 0 0 24 46 47
36 0 0 0 24 47 37
37 0 0 0 25 36 48
38 0 0 0 27 48 49
39 0 0 0 28 50 51
40 0 0 0 31 51 32
41 0 0 0 32 51 42
42 0 0 0 33 41 52
43 0 0 0 33 52 53
44 0 0 0 34 53 54
45 0 0 0 34 54 46
46 0 0 0 35 45 55
47 0 0 0 35 48 36
48 0 0 0 37 47 38
49 0 0 0 38 55 50
50 0 0 0 39 49 56
51 0 0 0 39 41 40
52 0 0 0 42 56 43
53 0 0 0 43 56 44
54 0 0 0 44 55 45
55 0 0 0 46 54 49
56 0 0 0 50 53 52
0
