>>writegraph3d planar <<
1 0 0 0 2 3 4
2 0 0 0 1 5 6
3 0 0 0 1 7 8
4 0 0 0 1 9 5
5 0 0 0 2 4 10
6 0 0 0 2 11
7 0 0 0 3 12 13
8 0 0 0 3 13 14
9 0 0 0 4 15 10
10 0 0 0 5 9 16
11 0 0 0 6 17 18
12 0 0 0 7 20
13 0 0 0 7 21 8
14 0 0 0 8 21 15
15 0 0 0 9 14 22
16 0 0 0 10 23 17
17 0 0 0 11 16 24
18 0 0 0 11 24 25
19 0 0 0 26 27
20 0 0 0 12 28 29
21 0 0 0 13 30 14
22 0 0 0 15 31 32
23 0 0 0 16 32 24
24 0 0 0 17 23 18
25 0 0 0 18 33 26
26 0 0 0 19 25 34
27 0 0 0 19 35 36
28 0 0 0 20 36 37
29 0 0 0 20 37 30
30 0 0 0 21 29 38
31 0 0 0 22 38 39
32 0 0 0 22 40 23
33 0 0 0 25 40 34
34 0 0 0 26 33 41
35 0 0 0 27 42 43
36 0 0 0 27 43 28
37 0 0 0 28 38 29
38 0 0 0 30 37 31
39 0 0 0 31 43 42
40 0 0 0 32 41 33
41 0 0 0 34 40 42
42 0 0 0 35 41 39
43 0 0 0 35 39 36
0
