>>writegraph3d planar <<
1 0 0 0 2 3 4
2 0 0 0 1 5 6
3 0 0 0 1 7 8
4 0 0 0 1 9 5
5 0 0 0 2 4 10
6 0 0 0 2 11 12
7 0 0 0 3 13 14
8 0 0 0 3 14 15
9 0 0 0 4 16 10
10 0 0 0 5 9 17
11 0 0 0 6 18 19
12 0 0 0 6 20 13
13 0 0 0 7 12 21
14 0 0 0 7 22 8
15 0 0 0 8 22 16
16 0 0 0 9 15 23
17 0 0 0 10 24 18
18 0 0 0 11 17 25
19 0 0 0 11 25 26
20 0 0 0 12 27 28
21 0 0 0 13 29 30
22 0 0 0 14 31 15
23 0 0 0 16 32
24 0 0 0 17 33 25
25 0 0 0 18 24 19
26 0 0 0 19 34 27
27 0 0 0 20 26 35
28 0 0 0 20 35 36
29 0 0 0 21 36 37
30 0 0 0 21 38 31
31 0 0 0 22 30 39
32 0 0 0 23 39 40
33 0 0 0 41 24
34 0 0 0 26 41 35
35 0 0 0 27 34 28
36 0 0 0 28 42 29
37 0 0 0 29 42 43
38 0 0 0 30 40 39
39 0 0 0 31 38 32
40 0 0 0 32 38 43
41 0 0 0 33 44 34
42 0 0 0 36 44 37
43 0 0 0 37 44 40
44 0 0 0 41 43 42
0
