>>writegraph3d planar <<
1 0 0 0 2 3 4
2 0 0 0 1 5 6
3 0 0 0 1 7 8
4 0 0 0 1 8 9
5 0 0 0 2 10 11
6 0 0 0 2 12 13
7 0 0 0 3 14 15
8 0 0 0 3 15 4
9 0 0 0 4 16 17
10 0 0 0 5 17 18
11 0 0 0 5 18 19
12 0 0 0 6 20 21
13 0 0 0 6 22 14
14 0 0 0 7 13 23
15 0 0 0 7 23 8
16 0 0 0 9 24 25
17 0 0 0 9 26 10
18 0 0 0 10 26 11
19 0 0 0 11 26 20
20 0 0 0 12 19 25
21 0 0 0 12 25 27
22 0 0 0 13 28 29
23 0 0 0 14 24 15
24 0 0 0 16 23 30
25 0 0 0 16 21 20
26 0 0 0 17 19 18
27 0 0 0 21 31 28
28 0 0 0 22 27 32
29 0 0 0 22 32 30
30 0 0 0 24 29 31
31 0 0 0 27 30 32
32 0 0 0 28 31 29
0
