>>writegraph3d planar <<
1 0 0 0 2 3 4
2 0 0 0 1 5 6
3 0 0 0 1 7 8
4 0 0 0 1 9 10
5 0 0 0 2 11 12
6 0 0 0 2 13 14
7 0 0 0 3 15 16
8 0 0 0 3 17 18
9 0 0 0 4 19 20
10 0 0 0 4 20
11 0 0 0 5 21 22
12 0 0 0 5 22 23
13 0 0 0 6 24 25
14 0 0 0 6 26 15
15 0 0 0 7 14 27
16 0 0 0 7 28 29
17 0 0 0 8 30 31
18 0 0 0 8 31 19
19 0 0 0 9 18 32
20 0 0 0 9 32 10
21 0 0 0 33 11
22 0 0 0 11 33 12
23 0 0 0 12 34 24
24 0 0 0 13 23 35
25 0 0 0 13 35 36
26 0 0 0 14 37 27
27 0 0 0 15 26 38
28 0 0 0 16 39 40
29 0 0 0 16 41 30
30 0 0 0 17 29 42
31 0 0 0 17 42 18
32 0 0 0 19 43 20
33 0 0 0 21 44 22
34 0 0 0 23 45 35
35 0 0 0 24 34 25
36 0 0 0 25 46 37
37 0 0 0 26 36 38
38 0 0 0 27 37 39
39 0 0 0 28 38 47
40 0 0 0 28 47 48
41 0 0 0 29 49 50
42 0 0 0 30 51 31
43 0 0 0 32 51 44
44 0 0 0 33 43 45
45 0 0 0 34 44 52
46 0 0 0 36 52 53
47 0 0 0 39 53 40
48 0 0 0 40 53 49
49 0 0 0 41 48 54
50 0 0 0 41 54 55
51 0 0 0 42 55 43
52 0 0 0 45 56 46
53 0 0 0 46 48 47
54 0 0 0 49 56 50
55 0 0 0 50 56 51
56 0 0 0 52 55 54
0
