>>writegraph3d planar <<
1 0 0 0 2 3 4
2 0 0 0 1 5 6
3 0 0 0 1 7 8
4 0 0 0 1 8 5
5 0 0 0 2 4 9
6 0 0 0 2 10 11
7 0 0 0 3 12 13
8 0 0 0 3 14 4
9 0 0 0 5 15 16
10 0 0 0 6 17 18
11 0 0 0 6 19 12
12 0 0 0 7 11 20
13 0 0 0 7 21 22
14 0 0 0 8 23 24
15 0 0 0 9 24 25
16 0 0 0 9 26 17
17 0 0 0 10 16 27
18 0 0 0 10 27 28
19 0 0 0 11 29 30
20 0 0 0 12 31 32
21 0 0 0 13 33 34
22 0 0 0 13 34 23
23 0 0 0 14 22 35
24 0 0 0 14 36 15
25 0 0 0 15 37 38
26 0 0 0 16 39 27
27 0 0 0 17 26 18
28 0 0 0 18 40 29
29 0 0 0 19 28 41
30 0 0 0 19 41 42
31 0 0 0 20 42 43
32 0 0 0 20 43 33
33 0 0 0 21 32 44
34 0 0 0 21 35 22
35 0 0 0 23 34 45
36 0 0 0 24 46 47
37 0 0 0 25 48 49
38 0 0 0 25 49 39
39 0 0 0 26 38 50
40 0 0 0 28 50 41
41 0 0 0 29 40 30
42 0 0 0 30 51 31
43 0 0 0 31 51 32
44 0 0 0 33 52 53
45 0 0 0 35 53 46
46 0 0 0 36 45 54
47 0 0 0 36 54 48
48 0 0 0 37 47 55
49 0 0 0 37 55 38
50 0 0 0 39 56 40
51 0 0 0 42 56 43
52 0 0 0 44 56 55
53 0 0 0 44 54 45
54 0 0 0 46 53 47
55 0 0 0 48 52 49
56 0 0 0 50 52 51
0
