>>writegraph3d planar <<
1 0 0 0 2 3 4
2 0 0 0 1 5 6
3 0 0 0 1 7 8
4 0 0 0 1 9 5
5 0 0 0 2 4 10
6 0 0 0 2 11 12
7 0 0 0 3 13 14
8 0 0 0 3 14 15
9 0 0 0 4 16 17
10 0 0 0 5 18 19
11 0 0 0 6 20 21
12 0 0 0 6 22 13
13 0 0 0 7 12 23
14 0 0 0 7 24 8
15 0 0 0 8 25 16
16 0 0 0 9 15 26
17 0 0 0 9 26 27
18 0 0 0 10 27 28
19 0 0 0 10 29 20
20 0 0 0 11 19
21 0 0 0 11 30
22 0 0 0 12 31 23
23 0 0 0 13 22 32
24 0 0 0 14 33 34
25 0 0 0 15 35 36
26 0 0 0 16 37 17
27 0 0 0 17 38 18
28 0 0 0 18 38 31
29 0 0 0 19 30
30 0 0 0 21 29 31
31 0 0 0 22 30 28
32 0 0 0 23 39 33
33 0 0 0 24 32 40
34 0 0 0 24 41 35
35 0 0 0 25 34 42
36 0 0 0 25 42 43
37 0 0 0 26 43 40
38 0 0 0 27 39 28
39 0 0 0 32 38 40
40 0 0 0 33 39 37
41 0 0 0 34 43 42
42 0 0 0 35 41 36
43 0 0 0 36 41 37
0
