>>writegraph3d planar <<
1 0 0 0 2 3 4
2 0 0 0 1 5 6
3 0 0 0 1 7
4 0 0 0 1 8 5
5 0 0 0 2 4 9
6 0 0 0 2 9 10
7 0 0 0 3 11 12
8 0 0 0 4 15 9
9 0 0 0 5 8 6
10 0 0 0 6 16 11
11 0 0 0 7 10 17
12 0 0 0 7 18 19
13 0 0 0 20 21
14 0 0 0 22 15
15 0 0 0 8 14 23
16 0 0 0 10 23 24
17 0 0 0 11 25 26
18 0 0 0 12 27 28
19 0 0 0 12 28 20
20 0 0 0 13 19 29
21 0 0 0 13 30 31
22 0 0 0 14 32 33
23 0 0 0 15 34 16
24 0 0 0 16 35 36
25 0 0 0 17 36 37
26 0 0 0 17 30 27
27 0 0 0 18 26 29
28 0 0 0 18 29 19
29 0 0 0 20 28 27
30 0 0 0 21 26 38
31 0 0 0 21 39 32
32 0 0 0 22 31 40
33 0 0 0 22 40 41
34 0 0 0 23 41 38
35 0 0 0 24 42 43
36 0 0 0 24 43 25
37 0 0 0 25 43 42
38 0 0 0 30 42 34
39 0 0 0 31 41 40
40 0 0 0 32 39 33
41 0 0 0 33 39 34
42 0 0 0 35 38 37
43 0 0 0 35 37 36
0
