>>writegraph3d planar <<
1 0 0 0 2 3 4
2 0 0 0 1 5 6
3 0 0 0 1 7 8
4 0 0 0 1 9 5
5 0 0 0 2 4 10
6 0 0 0 2 10 11
7 0 0 0 3 12 13
8 0 0 0 3 14 15
9 0 0 0 4 16 10
10 0 0 0 5 9 6
11 0 0 0 6 17 12
12 0 0 0 7 11 18
13 0 0 0 7 19 20
14 0 0 0 8 21 22
15 0 0 0 8 23 16
16 0 0 0 9 15 24
17 0 0 0 11 24 25
18 0 0 0 12 26 27
19 0 0 0 13 28 29
20 0 0 0 13 29 21
21 0 0 0 14 20 30
22 0 0 0 14 31 32
23 0 0 0 15 33 34
24 0 0 0 16 35 17
25 0 0 0 17 36 37
26 0 0 0 18 37 38
27 0 0 0 18 31 28
28 0 0 0 19 27 30
29 0 0 0 19 30 20
30 0 0 0 21 29 28
31 0 0 0 22 27 39
32 0 0 0 22 40 33
33 0 0 0 23 32 41
34 0 0 0 23 41 42
35 0 0 0 24 42 39
36 0 0 0 25 43 44
37 0 0 0 25 44 26
38 0 0 0 26 44 43
39 0 0 0 31 43 35
40 0 0 0 32 42 41
41 0 0 0 33 40 34
42 0 0 0 34 40 35
43 0 0 0 36 39 38
44 0 0 0 36 38 37
0
