return [[67,3,2],
[1,68,70],
[1,5,4],
[3,7,68],
[3,8,6],
[5,10,7],
[4,6,12],
[5,67,9],
[8,14,10],
[6,9,11],
[10,15,12],
[7,11,13],
[12,16,68],
[9,17,15],
[11,14,16],
[15,18,13],
[14,67,18],
[17,19,16],
[18,43,68],
[42,41,68],
[68,40,22],
[21,39,23],
[22,37,24],
[68,23,25],
[24,33,26],
[25,31,27],
[68,26,28],
[27,32,30],
[68,30,71],
[28,69,29],
[26,34,32],
[31,36,28],
[25,37,34],
[33,35,31],
[34,38,36],
[35,69,32],
[23,38,33],
[37,39,35],
[22,69,38],
[41,69,21],
[20,45,40],
[43,44,20],
[19,67,42],
[42,46,45],
[44,47,41],
[44,67,48],
[45,48,69],
[46,49,47],
[48,50,51],
[49,67,52],
[49,53,69],
[50,54,53],
[52,56,51],
[52,57,55],
[54,60,56],
[55,58,53],
[54,67,59],
[56,61,69],
[57,62,60],
[55,59,61],
[60,63,58],
[59,64,63],
[62,66,61],
[62,67,65],
[64,73,66],
[65,69,63],
[1,74,64,57,50,46,43,17,8],
[2,4,13,19,20,21,24,27,29],
[30,36,39,40,47,51,58,66,72],
[74,2,71],
[70,29,72],
[71,69,73],
[72,65,74],
[73,67,70]];
