return [[74,2,3],
[1,54,4],
[1,5,6],
[2,7,5],
[4,8,3],
[3,9,56],
[4,10,11],
[5,11,9],
[8,14,6],
[7,54,12],
[8,7,13],
[13,10,15],
[11,12,14],
[9,13,16],   
[12,17,16],
[14,15,56],
[15,54,18],
[17,19,56],
[18,20,23],
[19,54,21],
[20,25,22],
[21,27,23],
[19,22,24],
[23,28,56],
[21,29,26],
[25,31,27],   
[22,26,28],
[24,27,32],
[25,54,30],
[29,33,31],
[26,30,32],
[28,31,34],
[30,55,34],
[32,33,56],
[71,72,73],
[74,41,37],   
[36,43,38],
[53,37,39],
[38,44,40],
[39,47,54],
[36,48,42],
[43,41,46],
[37,42,44],
[39,43,45],
[44,46,47],
[45,42,49],   
[45,50,40],
[41,51,49],
[46,48,50],
[49,52,47],
[48,74,52],
[50,51,54],
[74,38,54],
[2,53,40,52,55,29,20,17,10],
[54,74,33],
[74,6,16,18,24,34,74,72,57],   
[56,60,58],
[57,62,59],
[58,64,74],
[57,65,61],
[60,67,62],
[58,61,63],
[62,68,64],
[59,63,70],
[60,72,66],
[67,65,71],   
[61,66,68],
[63,67,69],
[68,71,70],
[64,69,73],
[66,35,69],
[65,56,35],
[70,35,74],
[1,56,59,73,56,55,51,36,53]];
