return [[70,3,2],
[1,5,71],
[1,6,4],
[3,8,5],
[4,10,2],
[3,11,7],
[6,13,8],
[4,7,9],
[8,14,10],
[9,17,5],
[6,70,12],
[11,15,13],
[7,12,14],
[9,13,16],
[12,18,16],
[14,15,17],
[16,71,10],
[15,70,71],
[70,21,20],
[19,23,71],
[19,24,22],
[21,26,23],
[20,22,28],
[21,29,25],
[24,30,26],
[22,25,27],
[26,31,28],
[27,32,23],
[24,70,33],
[25,33,31],
[30,35,27],
[35,71,28],
[30,29,34],
[33,72,35],
[34,32,31],
[70,39,37],
[36,41,38],
[37,43,72],
[36,45,40],
[39,44,41],
[40,42,37],
[41,74,43],
[42,48,38],
[40,46,74],
[39,50,46],
[45,49,44],
[74,49,48], 
[47,52,43],
[46,51,47],
[45,70,51],
[50,52,49],
[51,72,48],
[72,56,54],
[53,58,55],
[54,60,71],
[53,61,57],
[56,63,58],
[54,57,59],
[58,64,60],
[59,66,55],
[56,67,62],
[63,61,73],
[57,62,64],
[59,63,65],
[64,73,66],
[65,69,60],
[61,72,68],
[67,69,73],
[68,71,66],
[72,50,36,72,29,19,18,11,1],
[2,17,18,20,32,72,55,69,72],
[71,67,53,71,34,70,38,52,70],
[62,68,65],
[44,47,42]];
