return [[53,3,2],
[1,5,74],
[1,6,4],
[3,8,5],
[2,4,10],
[3,69,7],
[6,12,8],
[4,7,9],
[8,13,10],
[5,9,11],
[10,14,74],
[7,15,13],
[12,14,9],
[13,16,11],   
[12,69,16],
[15,17,14],
[16,18,74],
[17,69,19],
[18,21,20],
[19,23,74],
[19,24,22],
[21,26,23],
[20,22,28],
[69,25,21],   
[24,29,26],
[22,25,27],
[26,30,28],
[23,27,68],
[25,31,30],
[29,33,27],
[29,69,32],
[31,35,33],
[30,32,68],
[69,37,35],   
[32,34,36],
[35,38,68],
[34,40,38],
[37,42,36],
[69,44,40],
[37,39,41],
[40,45,42],
[38,41,43],
[42,46,68],
[39,47,45],   
[41,44,46],
[45,48,43],
[44,49,48],
[47,51,46],
[47,69,50],
[49,52,51],
[48,50,68],
[53,74,50],
[1,52,69],
[74,58,55],   
[54,60,56],
[55,62,57],
[56,64,74],
[54,65,59],
[60,58,71],
[55,59,61],
[60,72,62],
[56,61,63],
[62,73,64],
[57,63,70],   
[58,68,66],
[71,65,67],
[73,66,70],
[74,28,33,36,43,51,74,70,65],
[6,53,49,39,34,31,24,18,15],
[64,67,68],
[59,66,72],
[61,71,73],
[63,72,67],
[68,54,57,68,52,2,11,17,20]];
