return [[2,59,3],
[54,1,5],
[1,7,4],
[3,9,5],
[2,4,11],
[7,59,12],
[3,6,8],
[7,13,9],
[4,8,10],
[9,14,11],
[5,10,55],
[6,16,13],
[8,12,14],
[13,17,10],   
[59,19,16],
[12,15,17],
[16,55,14],
[19,20,23],
[15,18,55],
[59,21,18],
[20,25,22],
[21,27,23],
[18,22,29],
[25,59,30],   
[21,24,26],
[25,31,27],
[22,26,28],
[27,32,29],
[23,28,55],
[24,34,31],
[26,30,32],
[28,31,33],
[32,34,55],
[73,61,33,30,35,38,52,53,74],   
[34,59,36],
[35,39,37],
[36,41,38],
[34,37,43],
[36,44,40],
[39,46,41],
[37,40,42],
[41,47,43],
[38,42,50],
[39,59,45],   
[44,48,46],
[40,45,47],
[42,46,49],
[45,51,49],
[47,48,50],
[43,49,52],
[48,59,52],
[51,34,50],
[54,34,59],
[2,55,53],   
[54,11,17,19,29,33,56,60,74],
[55,61,57],
[56,63,58],
[60,57,65],
[6,1,53,51,44,35,24,20,15],
[55,58,67],
[56,34,62],
[63,61,71],
[57,62,64],
[65,63,68],   
[58,64,66],
[67,65,69],
[60,66,70],
[64,71,69],
[66,68,72],
[67,72,74],
[68,62,73],
[70,69,73],   
[72,71,34],
[34,55,70]];
