>>writegraph3d planar <<
1 0 0 0 3 2 8 11 12
2 0 0 0 1 3 4 9 8
3 0 0 0 2 1 36 5 4
4 0 0 0 2 3 5 6 9
5 0 0 0 4 3 36 7 6
6 0 0 0 4 5 7 10 9
7 0 0 0 6 5 12 11 10
8 0 0 0 1 2 9 10 11
9 0 0 0 8 2 4 6 10
10 0 0 0 9 6 7 11 8
11 0 0 0 1 8 10 7 12
12 0 0 0 1 11 7 14 13
13 0 0 0 12 14 15 23 22
14 0 0 0 13 12 17 16 15
15 0 0 0 13 14 16 24 23
16 0 0 0 15 14 17 18 24
17 0 0 0 16 14 20 19 18
18 0 0 0 16 17 19 21 24
19 0 0 0 18 17 20 22 21
20 0 0 0 19 17 27 26 25
21 0 0 0 18 19 22 23 24
22 0 0 0 21 19 37 13 23
23 0 0 0 21 22 13 15 24
24 0 0 0 23 15 16 18 21
25 0 0 0 20 26 28 30 33
26 0 0 0 25 20 27 29 28
27 0 0 0 26 20 35 32 29
28 0 0 0 25 26 29 31 30
29 0 0 0 28 26 27 32 31
30 0 0 0 25 28 31 34 33
31 0 0 0 30 28 29 32 34
32 0 0 0 31 29 27 35 34
33 0 0 0 25 30 34 35 36
34 0 0 0 33 30 31 32 35
35 0 0 0 34 32 27 36 33
36 0 0 0 33 35 5 3 39
37 0 0 0 22 38 40 46 44
38 0 0 0 37 39 42 41 40
39 0 0 0 38 36 44 43 42
40 0 0 0 37 38 41 47 46
41 0 0 0 40 38 42 48 47
42 0 0 0 41 38 39 43 48
43 0 0 0 42 39 44 45 48
44 0 0 0 43 39 37 46 45
45 0 0 0 43 44 46 47 48
46 0 0 0 45 44 37 40 47
47 0 0 0 46 40 41 48 45
48 0 0 0 47 41 42 43 45
0
