>>writegraph3d planar <<
1 0 0 0 3 7 8 5 2
2 0 0 0 1 5 6 4 3
3 0 0 0 2 4 42 41 1
4 0 0 0 2 6 10 42 3
5 0 0 0 1 8 9 6 2
6 0 0 0 5 9 10 4 2
7 0 0 0 1 13 12 11 8
8 0 0 0 7 11 9 5 1
9 0 0 0 8 11 10 6 5
10 0 0 0 9 11 12 4 6
11 0 0 0 7 12 10 9 8
12 0 0 0 7 13 14 10 11
13 0 0 0 7 16 15 14 12
14 0 0 0 13 15 28 29 12
15 0 0 0 13 16 17 28 14
16 0 0 0 13 19 18 17 15
17 0 0 0 16 18 21 25 15
18 0 0 0 16 19 20 21 17
19 0 0 0 16 22 23 20 18
20 0 0 0 19 23 24 21 18
21 0 0 0 20 24 25 17 18
22 0 0 0 19 41 27 26 23
23 0 0 0 22 26 24 20 19
24 0 0 0 23 26 25 21 20
25 0 0 0 24 26 27 17 21
26 0 0 0 22 27 25 24 23
27 0 0 0 22 41 40 25 26
28 0 0 0 15 31 30 29 14
29 0 0 0 28 30 32 33 14
30 0 0 0 28 31 37 32 29
31 0 0 0 28 38 36 37 30
32 0 0 0 30 37 34 33 29
33 0 0 0 32 34 35 39 29
34 0 0 0 32 37 36 35 33
35 0 0 0 34 36 38 39 33
36 0 0 0 34 37 31 38 35
37 0 0 0 34 32 30 31 36
38 0 0 0 31 40 39 35 36
39 0 0 0 38 40 42 33 35
40 0 0 0 38 27 41 42 39
41 0 0 0 27 22 3 42 40
42 0 0 0 39 40 41 3 4
0
