>>writegraph3d planar <<
1 0 0 0 3 10 7 5 2
2 0 0 0 1 5 6 4 3
3 0 0 0 2 4 48 36 1
4 0 0 0 2 6 9 12 3
5 0 0 0 1 7 8 6 2
6 0 0 0 5 8 9 4 2
7 0 0 0 1 10 11 8 5
8 0 0 0 7 11 9 6 5
9 0 0 0 8 11 12 4 6
10 0 0 0 1 13 12 11 7
11 0 0 0 10 12 9 8 7
12 0 0 0 11 10 13 4 9
13 0 0 0 10 14 15 16 12
14 0 0 0 13 24 19 17 15
15 0 0 0 14 17 18 16 13
16 0 0 0 15 18 21 22 13
17 0 0 0 14 19 20 18 15
18 0 0 0 17 20 21 16 15
19 0 0 0 14 24 23 20 17
20 0 0 0 19 23 21 18 17
21 0 0 0 20 23 22 16 18
22 0 0 0 21 23 37 38 16
23 0 0 0 21 20 19 24 22
24 0 0 0 19 14 25 26 23
25 0 0 0 24 34 33 27 26
26 0 0 0 25 27 28 30 24
27 0 0 0 25 33 29 28 26
28 0 0 0 27 29 31 30 26
29 0 0 0 27 33 32 31 28
30 0 0 0 28 31 35 36 26
31 0 0 0 28 29 32 35 30
32 0 0 0 29 33 34 35 31
33 0 0 0 29 27 25 34 32
34 0 0 0 25 36 35 32 33
35 0 0 0 34 36 30 31 32
36 0 0 0 34 3 48 30 35
37 0 0 0 22 45 44 39 38
38 0 0 0 37 39 40 41 22
39 0 0 0 37 44 43 40 38
40 0 0 0 39 43 42 41 38
41 0 0 0 40 42 47 48 38
42 0 0 0 40 43 46 47 41
43 0 0 0 39 44 46 42 40
44 0 0 0 39 37 45 46 43
45 0 0 0 37 48 47 46 44
46 0 0 0 45 47 42 43 44
47 0 0 0 46 45 48 41 42
48 0 0 0 47 45 36 3 41
0
