>>writegraph3d planar <<
1 0 0 0 3 9 7 5 2
2 0 0 0 1 5 6 4 3
3 0 0 0 2 4 48 46 1
4 0 0 0 2 25 27 48 3
5 0 0 0 1 7 8 6 2
6 0 0 0 5 8 11 12 2
7 0 0 0 1 9 10 8 5
8 0 0 0 7 10 11 6 5
9 0 0 0 1 14 13 10 7
10 0 0 0 9 13 11 8 7
11 0 0 0 10 13 12 6 8
12 0 0 0 11 13 14 15 6
13 0 0 0 9 14 12 11 10
14 0 0 0 9 32 15 12 13
15 0 0 0 14 32 16 17 12
16 0 0 0 15 32 33 31 17
17 0 0 0 16 31 18 19 15
18 0 0 0 17 31 30 20 19
19 0 0 0 18 20 21 22 17
20 0 0 0 18 30 29 21 19
21 0 0 0 20 29 23 22 19
22 0 0 0 21 23 24 25 19
23 0 0 0 21 29 28 24 22
24 0 0 0 23 28 26 25 22
25 0 0 0 24 26 27 4 22
26 0 0 0 24 28 30 27 25
27 0 0 0 25 26 47 48 4
28 0 0 0 23 29 30 26 24
29 0 0 0 21 20 30 28 23
30 0 0 0 29 20 18 26 28
31 0 0 0 17 16 33 35 18
32 0 0 0 15 14 34 33 16
33 0 0 0 32 34 35 31 16
34 0 0 0 32 37 36 35 33
35 0 0 0 33 34 36 38 31
36 0 0 0 34 37 39 38 35
37 0 0 0 34 42 40 39 36
38 0 0 0 36 39 41 43 35
39 0 0 0 37 40 41 38 36
40 0 0 0 37 42 44 41 39
41 0 0 0 40 44 43 38 39
42 0 0 0 37 46 45 44 40
43 0 0 0 41 44 45 47 38
44 0 0 0 42 45 43 41 40
45 0 0 0 42 46 47 43 44
46 0 0 0 42 3 48 47 45
47 0 0 0 46 48 27 43 45
48 0 0 0 4 27 47 46 3
0
