>>writegraph3d planar <<
1 0 0 0 3 2 4 32 30
2 0 0 0 1 3 5 6 4
3 0 0 0 2 1 41 7 5
4 0 0 0 1 2 6 8 10
5 0 0 0 2 3 7 9 6
6 0 0 0 4 2 5 9 8
7 0 0 0 5 3 12 11 9
8 0 0 0 4 6 9 11 10
9 0 0 0 6 5 7 11 8
10 0 0 0 4 8 11 12 13
11 0 0 0 10 8 9 7 12
12 0 0 0 10 11 7 14 13
13 0 0 0 10 12 14 15 16
14 0 0 0 13 12 19 18 15
15 0 0 0 13 14 18 17 16
16 0 0 0 13 15 17 20 22
17 0 0 0 16 15 18 21 20
18 0 0 0 17 15 14 19 21
19 0 0 0 18 14 24 23 21
20 0 0 0 16 17 21 23 22
21 0 0 0 20 17 18 19 23
22 0 0 0 16 20 23 24 39
23 0 0 0 22 20 21 19 24
24 0 0 0 22 23 19 26 39
25 0 0 0 27 26 40 45 48
26 0 0 0 25 27 44 24 40
27 0 0 0 26 25 48 47 44
28 0 0 0 30 29 35 38 39
29 0 0 0 28 30 31 36 35
30 0 0 0 29 28 1 32 31
31 0 0 0 29 30 32 33 36
32 0 0 0 31 30 1 34 33
33 0 0 0 31 32 34 37 36
34 0 0 0 33 32 39 38 37
35 0 0 0 28 29 36 37 38
36 0 0 0 35 29 31 33 37
37 0 0 0 36 33 34 38 35
38 0 0 0 28 35 37 34 39
39 0 0 0 28 38 34 22 24
40 0 0 0 26 41 42 45 25
41 0 0 0 40 3 44 43 42
42 0 0 0 40 41 43 46 45
43 0 0 0 42 41 44 47 46
44 0 0 0 43 41 26 27 47
45 0 0 0 40 42 46 48 25
46 0 0 0 45 42 43 47 48
47 0 0 0 46 43 44 27 48
48 0 0 0 25 45 46 47 27
0
