>>writegraph3d planar <<
1 0 0 0 3 4 7 8 5 2
2 0 0 0 1 5 9 10 6 3
3 0 0 0 2 6 4 1
4 0 0 0 3 6 11 12 7 1
5 0 0 0 1 8 13 14 9 2
6 0 0 0 2 10 15 11 4 3
7 0 0 0 4 12 16 17 8 1
8 0 0 0 1 7 17 18 13 5
9 0 0 0 5 14 19 20 10 2
10 0 0 0 2 9 20 21 15 6
11 0 0 0 6 15 22 23 12 4
12 0 0 0 4 11 23 24 16 7
13 0 0 0 8 18 25 26 14 5
14 0 0 0 5 13 26 27 19 9
15 0 0 0 10 21 28 22 11 6
16 0 0 0 12 24 29 30 17 7
17 0 0 0 7 16 30 31 18 8
18 0 0 0 8 17 31 32 25 13
19 0 0 0 14 27 33 34 20 9
20 0 0 0 9 19 34 35 21 10
21 0 0 0 10 20 35 36 28 15
22 0 0 0 15 28 37 38 23 11
23 0 0 0 11 22 38 39 24 12
24 0 0 0 12 23 39 40 29 16
25 0 0 0 18 32 41 42 26 13
26 0 0 0 13 25 42 43 27 14
27 0 0 0 14 26 43 44 33 19
28 0 0 0 21 36 45 37 22 15
29 0 0 0 24 40 46 47 30 16
30 0 0 0 16 29 47 48 31 17
31 0 0 0 17 30 48 41 32 18
32 0 0 0 18 31 41 25
33 0 0 0 27 44 34 19
34 0 0 0 19 33 44 49 35 20
35 0 0 0 20 34 49 50 36 21
36 0 0 0 21 35 50 51 45 28
37 0 0 0 28 45 51 52 38 22
38 0 0 0 22 37 52 53 39 23
39 0 0 0 23 38 53 46 40 24
40 0 0 0 24 39 46 29
41 0 0 0 32 31 48 54 42 25
42 0 0 0 25 41 54 55 43 26
43 0 0 0 26 42 55 56 44 27
44 0 0 0 27 43 56 49 34 33
45 0 0 0 36 51 37 28
46 0 0 0 40 39 53 57 47 29
47 0 0 0 29 46 57 58 48 30
48 0 0 0 30 47 58 54 41 31
49 0 0 0 34 44 56 59 50 35
50 0 0 0 35 49 59 60 51 36
51 0 0 0 36 50 60 52 37 45
52 0 0 0 37 51 60 61 53 38
53 0 0 0 38 52 61 57 46 39
54 0 0 0 41 48 58 62 55 42
55 0 0 0 42 54 62 63 56 43
56 0 0 0 43 55 63 59 49 44
57 0 0 0 46 53 61 64 58 47
58 0 0 0 47 57 64 62 54 48
59 0 0 0 49 56 63 65 60 50
60 0 0 0 50 59 65 61 52 51
61 0 0 0 52 60 65 64 57 53
62 0 0 0 54 58 64 66 63 55
63 0 0 0 55 62 66 65 59 56
64 0 0 0 57 61 65 66 62 58
65 0 0 0 59 63 66 64 61 60
66 0 0 0 62 64 65 63
0
