>>writegraph3d planar <<
1 0 0 0 3 4 7 8 5 2
2 0 0 0 1 5 9 10 6 3
3 0 0 0 2 6 4 1
4 0 0 0 3 6 11 12 7 1
5 0 0 0 1 8 13 14 9 2
6 0 0 0 2 10 15 11 4 3
7 0 0 0 4 12 16 17 8 1
8 0 0 0 1 7 17 18 13 5
9 0 0 0 5 14 19 20 10 2
10 0 0 0 2 9 20 21 15 6
11 0 0 0 6 15 22 23 12 4
12 0 0 0 4 11 23 24 16 7
13 0 0 0 8 18 25 26 14 5
14 0 0 0 5 13 26 27 19 9
15 0 0 0 10 21 28 22 11 6
16 0 0 0 12 24 29 17 7
17 0 0 0 7 16 30 18 8
18 0 0 0 8 17 30 31 25 13
19 0 0 0 14 27 32 33 20 9
20 0 0 0 9 19 33 34 21 10
21 0 0 0 10 20 34 35 28 15
22 0 0 0 15 28 36 37 23 11
23 0 0 0 11 22 37 38 24 12
24 0 0 0 12 23 38 39 29 16
25 0 0 0 18 31 40 27 26 13
26 0 0 0 13 25 27 14
27 0 0 0 14 26 25 40 32 19
28 0 0 0 21 35 41 36 22 15
29 0 0 0 24 39 42 43 16
30 0 0 0 17 44 45 31 18
31 0 0 0 18 30 45 46 40 25
32 0 0 0 27 40 47 48 33 19
33 0 0 0 19 32 48 49 34 20
34 0 0 0 20 33 49 50 35 21
35 0 0 0 21 34 50 51 41 28
36 0 0 0 28 41 52 38 37 22
37 0 0 0 22 36 38 23
38 0 0 0 23 37 36 52 39 24
39 0 0 0 24 38 52 53 42 29
40 0 0 0 31 46 47 32 27 25
41 0 0 0 35 51 54 52 36 28
42 0 0 0 39 53 55 56 43 29
43 0 0 0 29 42 56 57 44
44 0 0 0 43 57 58 45 30
45 0 0 0 30 44 58 59 46 31
46 0 0 0 31 45 59 60 47 40
47 0 0 0 40 46 60 61 48 32
48 0 0 0 32 47 61 62 49 33
49 0 0 0 33 48 62 63 50 34
50 0 0 0 34 49 63 64 51 35
51 0 0 0 35 50 64 65 54 41
52 0 0 0 41 54 53 39 38 36
53 0 0 0 39 52 54 66 55 42
54 0 0 0 51 65 66 53 52 41
55 0 0 0 53 66 65 67 56 42
56 0 0 0 42 55 67 68 57 43
57 0 0 0 43 56 68 69 58 44
58 0 0 0 44 57 69 70 59 45
59 0 0 0 45 58 70 61 60 46
60 0 0 0 46 59 61 47
61 0 0 0 47 60 59 70 62 48
62 0 0 0 48 61 70 71 63 49
63 0 0 0 49 62 71 72 64 50
64 0 0 0 50 63 72 67 65 51
65 0 0 0 51 64 67 55 66 54
66 0 0 0 53 54 65 55
67 0 0 0 55 65 64 72 68 56
68 0 0 0 56 67 72 73 69 57
69 0 0 0 57 68 73 71 70 58
70 0 0 0 58 69 71 62 61 59
71 0 0 0 62 70 69 73 72 63
72 0 0 0 63 71 73 68 67 64
73 0 0 0 68 72 71 69
0
