>>writegraph3d planar <<
1 0 0 0 3 4 7 8 5 2
2 0 0 0 1 5 9 10 6 3
3 0 0 0 2 6 4 1
4 0 0 0 3 6 11 12 7 1
5 0 0 0 1 8 13 14 9 2
6 0 0 0 2 10 15 11 4 3
7 0 0 0 4 12 16 17 8 1
8 0 0 0 1 7 17 18 13 5
9 0 0 0 5 14 19 20 10 2
10 0 0 0 2 9 20 21 15 6
11 0 0 0 6 15 22 23 12 4
12 0 0 0 4 11 23 24 16 7
13 0 0 0 8 18 25 26 14 5
14 0 0 0 5 13 26 27 19 9
15 0 0 0 10 21 28 22 11 6
16 0 0 0 12 24 29 30 17 7
17 0 0 0 7 16 30 31 18 8
18 0 0 0 8 17 31 32 25 13
19 0 0 0 14 27 33 34 20 9
20 0 0 0 9 19 34 35 21 10
21 0 0 0 10 20 35 36 28 15
22 0 0 0 15 28 37 38 23 11
23 0 0 0 11 22 38 39 24 12
24 0 0 0 12 23 39 40 29 16
25 0 0 0 18 32 41 42 26 13
26 0 0 0 13 25 42 33 27 14
27 0 0 0 14 26 33 19
28 0 0 0 21 36 43 37 22 15
29 0 0 0 24 40 44 45 30 16
30 0 0 0 16 29 45 46 31 17
31 0 0 0 17 30 46 47 32 18
32 0 0 0 18 31 47 48 41 25
33 0 0 0 27 26 42 49 34 19
34 0 0 0 19 33 49 50 35 20
35 0 0 0 20 34 50 51 36 21
36 0 0 0 21 35 51 52 43 28
37 0 0 0 28 43 38 22
38 0 0 0 22 37 43 53 39 23
39 0 0 0 23 38 53 54 40 24
40 0 0 0 24 39 54 55 44 29
41 0 0 0 32 48 56 57 42 25
42 0 0 0 25 41 57 49 33 26
43 0 0 0 36 52 53 38 37 28
44 0 0 0 40 55 58 59 45 29
45 0 0 0 29 44 59 60 46 30
46 0 0 0 30 45 60 61 47 31
47 0 0 0 31 46 61 56 48 32
48 0 0 0 32 47 56 41
49 0 0 0 33 42 57 62 50 34
50 0 0 0 34 49 62 63 51 35
51 0 0 0 35 50 63 64 52 36
52 0 0 0 36 51 64 65 53 43
53 0 0 0 38 43 52 65 54 39
54 0 0 0 39 53 65 58 55 40
55 0 0 0 40 54 58 44
56 0 0 0 48 47 61 66 57 41
57 0 0 0 41 56 66 62 49 42
58 0 0 0 55 54 65 67 59 44
59 0 0 0 44 58 67 68 60 45
60 0 0 0 45 59 68 69 61 46
61 0 0 0 46 60 69 66 56 47
62 0 0 0 49 57 66 70 63 50
63 0 0 0 50 62 70 71 64 51
64 0 0 0 51 63 71 67 65 52
65 0 0 0 52 64 67 58 54 53
66 0 0 0 56 61 69 70 62 57
67 0 0 0 58 65 64 71 68 59
68 0 0 0 59 67 71 72 69 60
69 0 0 0 60 68 72 70 66 61
70 0 0 0 62 66 69 72 71 63
71 0 0 0 63 70 72 68 67 64
72 0 0 0 68 71 70 69
0
