>>writegraph3d planar <<
1 0 0 0 3 4 7 8 5 2
2 0 0 0 1 5 9 10 6 3
3 0 0 0 2 6 4 1
4 0 0 0 3 6 11 12 7 1
5 0 0 0 1 8 13 14 9 2
6 0 0 0 2 10 15 11 4 3
7 0 0 0 4 12 16 17 8 1
8 0 0 0 1 7 17 18 13 5
9 0 0 0 5 14 19 20 10 2
10 0 0 0 2 9 20 21 15 6
11 0 0 0 6 15 22 23 12 4
12 0 0 0 4 11 23 24 16 7
13 0 0 0 8 18 25 26 14 5
14 0 0 0 5 13 26 27 19 9
15 0 0 0 10 21 28 22 11 6
16 0 0 0 12 24 29 30 17 7
17 0 0 0 7 16 30 31 18 8
18 0 0 0 8 17 31 32 25 13
19 0 0 0 14 27 33 34 20 9
20 0 0 0 9 19 34 35 21 10
21 0 0 0 10 20 35 36 28 15
22 0 0 0 15 28 37 38 23 11
23 0 0 0 11 22 38 39 24 12
24 0 0 0 12 23 39 40 29 16
25 0 0 0 18 32 41 42 26 13
26 0 0 0 13 25 42 43 27 14
27 0 0 0 14 26 43 44 33 19
28 0 0 0 21 36 45 37 22 15
29 0 0 0 24 40 46 47 30 16
30 0 0 0 16 29 47 48 31 17
31 0 0 0 17 30 48 49 32 18
32 0 0 0 18 31 49 50 41 25
33 0 0 0 27 44 51 52 34 19
34 0 0 0 19 33 52 53 35 20
35 0 0 0 20 34 53 54 36 21
36 0 0 0 21 35 54 55 45 28
37 0 0 0 28 45 56 57 38 22
38 0 0 0 22 37 57 58 39 23
39 0 0 0 23 38 58 59 40 24
40 0 0 0 24 39 59 60 46 29
41 0 0 0 32 50 61 62 42 25
42 0 0 0 25 41 62 44 43 26
43 0 0 0 26 42 44 27
44 0 0 0 27 43 42 62 51 33
45 0 0 0 36 55 63 56 37 28
46 0 0 0 40 60 64 65 47 29
47 0 0 0 29 46 65 66 48 30
48 0 0 0 30 47 66 67 49 31
49 0 0 0 31 48 67 68 50 32
50 0 0 0 32 49 68 69 61 41
51 0 0 0 44 62 70 71 52 33
52 0 0 0 33 51 71 72 53 34
53 0 0 0 34 52 72 73 54 35
54 0 0 0 35 53 73 74 55 36
55 0 0 0 36 54 74 75 63 45
56 0 0 0 45 63 76 58 57 37
57 0 0 0 37 56 58 38
58 0 0 0 38 57 56 76 59 39
59 0 0 0 39 58 76 77 60 40
60 0 0 0 40 59 77 78 64 46
61 0 0 0 50 69 79 70 62 41
62 0 0 0 41 61 70 51 44 42
63 0 0 0 55 75 80 76 56 45
64 0 0 0 60 78 81 82 65 46
65 0 0 0 46 64 82 83 66 47
66 0 0 0 47 65 83 84 67 48
67 0 0 0 48 66 84 85 68 49
68 0 0 0 49 67 85 86 69 50
69 0 0 0 50 68 86 87 79 61
70 0 0 0 62 61 79 88 71 51
71 0 0 0 51 70 88 89 72 52
72 0 0 0 52 71 89 90 73 53
73 0 0 0 53 72 90 91 74 54
74 0 0 0 54 73 91 92 75 55
75 0 0 0 55 74 92 93 80 63
76 0 0 0 63 80 77 59 58 56
77 0 0 0 59 76 80 94 78 60
78 0 0 0 60 77 94 95 81 64
79 0 0 0 69 87 96 88 70 61
80 0 0 0 75 93 94 77 76 63
81 0 0 0 78 95 97 98 82 64
82 0 0 0 64 81 98 99 83 65
83 0 0 0 65 82 99 100 84 66
84 0 0 0 66 83 100 101 85 67
85 0 0 0 67 84 101 102 86 68
86 0 0 0 68 85 102 96 87 69
87 0 0 0 69 86 96 79
88 0 0 0 70 79 96 103 89 71
89 0 0 0 71 88 103 104 90 72
90 0 0 0 72 89 104 105 91 73
91 0 0 0 73 90 105 106 92 74
92 0 0 0 74 91 106 107 93 75
93 0 0 0 75 92 107 97 94 80
94 0 0 0 77 80 93 97 95 78
95 0 0 0 78 94 97 81
96 0 0 0 87 86 102 103 88 79
97 0 0 0 95 94 93 107 98 81
98 0 0 0 81 97 107 108 99 82
99 0 0 0 82 98 108 109 100 83
100 0 0 0 83 99 109 110 101 84
101 0 0 0 84 100 110 111 102 85
102 0 0 0 85 101 111 103 96 86
103 0 0 0 88 96 102 111 104 89
104 0 0 0 89 103 111 112 105 90
105 0 0 0 90 104 112 113 106 91
106 0 0 0 91 105 113 108 107 92
107 0 0 0 92 106 108 98 97 93
108 0 0 0 98 107 106 113 109 99
109 0 0 0 99 108 113 114 110 100
110 0 0 0 100 109 114 112 111 101
111 0 0 0 101 110 112 104 103 102
112 0 0 0 104 111 110 114 113 105
113 0 0 0 105 112 114 109 108 106
114 0 0 0 109 113 112 110
0
