>>writegraph3d planar <<
1 0 0 0 3 4 7 8 5 2
2 0 0 0 1 5 9 10 6 3
3 0 0 0 2 6 4 1
4 0 0 0 3 6 11 12 7 1
5 0 0 0 1 8 13 14 9 2
6 0 0 0 2 10 15 11 4 3
7 0 0 0 4 12 16 17 8 1
8 0 0 0 1 7 17 18 13 5
9 0 0 0 5 14 19 20 10 2
10 0 0 0 2 9 20 21 15 6
11 0 0 0 6 15 22 23 12 4
12 0 0 0 4 11 23 24 16 7
13 0 0 0 8 18 25 26 14 5
14 0 0 0 5 13 26 27 19 9
15 0 0 0 10 21 28 22 11 6
16 0 0 0 12 24 29 30 17 7
17 0 0 0 7 16 30 31 18 8
18 0 0 0 8 17 31 32 25 13
19 0 0 0 14 27 33 34 20 9
20 0 0 0 9 19 34 35 21 10
21 0 0 0 10 20 35 36 28 15
22 0 0 0 15 28 37 38 23 11
23 0 0 0 11 22 38 39 24 12
24 0 0 0 12 23 39 40 29 16
25 0 0 0 18 32 41 42 26 13
26 0 0 0 13 25 42 43 27 14
27 0 0 0 14 26 43 44 33 19
28 0 0 0 21 36 45 37 22 15
29 0 0 0 24 40 46 47 30 16
30 0 0 0 16 29 47 48 31 17
31 0 0 0 17 30 48 49 32 18
32 0 0 0 18 31 49 50 41 25
33 0 0 0 27 44 51 52 34 19
34 0 0 0 19 33 52 53 35 20
35 0 0 0 20 34 53 54 36 21
36 0 0 0 21 35 54 55 45 28
37 0 0 0 28 45 56 57 38 22
38 0 0 0 22 37 57 58 39 23
39 0 0 0 23 38 58 59 40 24
40 0 0 0 24 39 59 60 46 29
41 0 0 0 32 50 61 62 42 25
42 0 0 0 25 41 62 63 43 26
43 0 0 0 26 42 63 64 44 27
44 0 0 0 27 43 64 65 51 33
45 0 0 0 36 55 66 56 37 28
46 0 0 0 40 60 67 68 47 29
47 0 0 0 29 46 68 69 48 30
48 0 0 0 30 47 69 70 49 31
49 0 0 0 31 48 70 61 50 32
50 0 0 0 32 49 61 41
51 0 0 0 44 65 52 33
52 0 0 0 33 51 65 71 53 34
53 0 0 0 34 52 71 72 54 35
54 0 0 0 35 53 72 73 55 36
55 0 0 0 36 54 73 74 66 45
56 0 0 0 45 66 74 75 57 37
57 0 0 0 37 56 75 76 58 38
58 0 0 0 38 57 76 77 59 39
59 0 0 0 39 58 77 67 60 40
60 0 0 0 40 59 67 46
61 0 0 0 50 49 70 78 62 41
62 0 0 0 41 61 78 79 63 42
63 0 0 0 42 62 79 80 64 43
64 0 0 0 43 63 80 81 65 44
65 0 0 0 44 64 81 71 52 51
66 0 0 0 55 74 56 45
67 0 0 0 60 59 77 82 68 46
68 0 0 0 46 67 82 83 69 47
69 0 0 0 47 68 83 84 70 48
70 0 0 0 48 69 84 78 61 49
71 0 0 0 52 65 81 85 72 53
72 0 0 0 53 71 85 86 73 54
73 0 0 0 54 72 86 87 74 55
74 0 0 0 55 73 87 75 56 66
75 0 0 0 56 74 87 88 76 57
76 0 0 0 57 75 88 89 77 58
77 0 0 0 58 76 89 82 67 59
78 0 0 0 61 70 84 90 79 62
79 0 0 0 62 78 90 91 80 63
80 0 0 0 63 79 91 92 81 64
81 0 0 0 64 80 92 85 71 65
82 0 0 0 67 77 89 93 83 68
83 0 0 0 68 82 93 94 84 69
84 0 0 0 69 83 94 90 78 70
85 0 0 0 71 81 92 95 86 72
86 0 0 0 72 85 95 96 87 73
87 0 0 0 73 86 96 88 75 74
88 0 0 0 75 87 96 97 89 76
89 0 0 0 76 88 97 93 82 77
90 0 0 0 78 84 94 98 91 79
91 0 0 0 79 90 98 99 92 80
92 0 0 0 80 91 99 95 85 81
93 0 0 0 82 89 97 100 94 83
94 0 0 0 83 93 100 98 90 84
95 0 0 0 85 92 99 101 96 86
96 0 0 0 86 95 101 97 88 87
97 0 0 0 88 96 101 100 93 89
98 0 0 0 90 94 100 102 99 91
99 0 0 0 91 98 102 101 95 92
100 0 0 0 93 97 101 102 98 94
101 0 0 0 95 99 102 100 97 96
102 0 0 0 98 100 101 99
0
