>>writegraph3d planar <<
1 0 0 0 3 4 7 8 5 2
2 0 0 0 1 5 9 10 6 3
3 0 0 0 2 6 4 1
4 0 0 0 3 6 11 12 7 1
5 0 0 0 1 8 13 14 9 2
6 0 0 0 2 10 15 11 4 3
7 0 0 0 4 12 16 17 8 1
8 0 0 0 1 7 17 18 13 5
9 0 0 0 5 14 19 20 10 2
10 0 0 0 2 9 20 21 15 6
11 0 0 0 6 15 22 23 12 4
12 0 0 0 4 11 23 16 7
13 0 0 0 8 18 24 25 14 5
14 0 0 0 5 13 25 26 19 9
15 0 0 0 10 21 27 22 11 6
16 0 0 0 12 28 29 17 7
17 0 0 0 7 16 29 30 18 8
18 0 0 0 8 17 30 31 24 13
19 0 0 0 14 26 32 33 20 9
20 0 0 0 9 19 33 34 21 10
21 0 0 0 10 20 34 35 27 15
22 0 0 0 15 27 36 37 23 11
23 0 0 0 11 22 37 38 12
24 0 0 0 18 31 40 41 25 13
25 0 0 0 13 24 41 42 26 14
26 0 0 0 14 25 42 43 32 19
27 0 0 0 21 35 44 36 22 15
28 0 0 0 39 45 46 29 16
29 0 0 0 16 28 46 47 30 17
30 0 0 0 17 29 47 48 31 18
31 0 0 0 18 30 48 49 40 24
32 0 0 0 26 43 50 51 33 19
33 0 0 0 19 32 51 52 34 20
34 0 0 0 20 33 52 53 35 21
35 0 0 0 21 34 53 54 44 27
36 0 0 0 27 44 55 56 37 22
37 0 0 0 22 36 56 57 38 23
38 0 0 0 23 37 57 58 39
39 0 0 0 38 58 59 45 28
40 0 0 0 31 49 60 61 41 24
41 0 0 0 24 40 61 62 42 25
42 0 0 0 25 41 62 63 43 26
43 0 0 0 26 42 63 64 50 32
44 0 0 0 35 54 65 55 36 27
45 0 0 0 39 59 66 67 46 28
46 0 0 0 28 45 67 68 47 29
47 0 0 0 29 46 68 69 48 30
48 0 0 0 30 47 69 70 49 31
49 0 0 0 31 48 70 71 60 40
50 0 0 0 43 64 72 73 51 32
51 0 0 0 32 50 73 74 52 33
52 0 0 0 33 51 74 75 53 34
53 0 0 0 34 52 75 76 54 35
54 0 0 0 35 53 76 77 65 44
55 0 0 0 44 65 78 79 56 36
56 0 0 0 36 55 79 80 57 37
57 0 0 0 37 56 80 81 58 38
58 0 0 0 38 57 81 82 59 39
59 0 0 0 39 58 82 83 66 45
60 0 0 0 49 71 84 85 61 40
61 0 0 0 40 60 85 63 62 41
62 0 0 0 41 61 63 42
63 0 0 0 42 62 61 85 64 43
64 0 0 0 43 63 85 86 72 50
65 0 0 0 54 77 87 78 55 44
66 0 0 0 59 83 88 89 67 45
67 0 0 0 45 66 89 69 68 46
68 0 0 0 46 67 69 47
69 0 0 0 47 68 67 89 70 48
70 0 0 0 48 69 89 90 71 49
71 0 0 0 49 70 90 91 84 60
72 0 0 0 64 86 92 93 73 50
73 0 0 0 50 72 93 94 74 51
74 0 0 0 51 73 94 76 75 52
75 0 0 0 52 74 76 53
76 0 0 0 53 75 74 94 77 54
77 0 0 0 54 76 94 95 87 65
78 0 0 0 65 87 96 97 79 55
79 0 0 0 55 78 97 81 80 56
80 0 0 0 56 79 81 57
81 0 0 0 57 80 79 97 82 58
82 0 0 0 58 81 97 98 83 59
83 0 0 0 59 82 98 99 88 66
84 0 0 0 71 91 100 86 85 60
85 0 0 0 60 84 86 64 63 61
86 0 0 0 64 85 84 100 92 72
87 0 0 0 77 95 101 96 78 65
88 0 0 0 83 99 102 90 89 66
89 0 0 0 66 88 90 70 69 67
90 0 0 0 70 89 88 102 91 71
91 0 0 0 71 90 102 103 100 84
92 0 0 0 86 100 104 105 93 72
93 0 0 0 72 92 105 95 94 73
94 0 0 0 73 93 95 77 76 74
95 0 0 0 77 94 93 105 101 87
96 0 0 0 87 101 106 98 97 78
97 0 0 0 78 96 98 82 81 79
98 0 0 0 82 97 96 106 99 83
99 0 0 0 83 98 106 107 102 88
100 0 0 0 91 103 104 92 86 84
101 0 0 0 95 105 108 106 96 87
102 0 0 0 99 107 103 91 90 88
103 0 0 0 91 102 107 109 104 100
104 0 0 0 100 103 109 108 105 92
105 0 0 0 92 104 108 101 95 93
106 0 0 0 101 108 107 99 98 96
107 0 0 0 99 106 108 109 103 102
108 0 0 0 105 104 109 107 106 101
109 0 0 0 103 107 108 104
0
