>>writegraph3d planar <<
1 0 0 0 3 4 7 8 5 2
2 0 0 0 1 5 9 10 6 3
3 0 0 0 2 6 4 1
4 0 0 0 3 6 11 12 7 1
5 0 0 0 1 8 13 14 9 2
6 0 0 0 2 10 15 11 4 3
7 0 0 0 4 12 16 17 8 1
8 0 0 0 1 7 17 18 13 5
9 0 0 0 5 14 19 20 10 2
10 0 0 0 2 9 20 21 15 6
11 0 0 0 6 15 22 23 12 4
12 0 0 0 4 11 23 24 16 7
13 0 0 0 8 18 25 26 14 5
14 0 0 0 5 13 26 27 19 9
15 0 0 0 10 21 28 22 11 6
16 0 0 0 12 24 29 17 7
17 0 0 0 7 16 30 18 8
18 0 0 0 8 17 30 31 25 13
19 0 0 0 14 27 32 33 20 9
20 0 0 0 9 19 33 34 21 10
21 0 0 0 10 20 34 35 28 15
22 0 0 0 15 28 36 37 23 11
23 0 0 0 11 22 37 38 24 12
24 0 0 0 12 23 38 39 29 16
25 0 0 0 18 31 40 41 26 13
26 0 0 0 13 25 41 42 27 14
27 0 0 0 14 26 42 43 32 19
28 0 0 0 21 35 44 36 22 15
29 0 0 0 24 39 45 46 16
30 0 0 0 17 47 48 31 18
31 0 0 0 18 30 48 49 40 25
32 0 0 0 27 43 50 51 33 19
33 0 0 0 19 32 51 52 34 20
34 0 0 0 20 33 52 53 35 21
35 0 0 0 21 34 53 54 44 28
36 0 0 0 28 44 55 56 37 22
37 0 0 0 22 36 56 57 38 23
38 0 0 0 23 37 57 58 39 24
39 0 0 0 24 38 58 59 45 29
40 0 0 0 31 49 60 61 41 25
41 0 0 0 25 40 61 62 42 26
42 0 0 0 26 41 62 50 43 27
43 0 0 0 27 42 50 32
44 0 0 0 35 54 63 55 36 28
45 0 0 0 39 59 64 65 46 29
46 0 0 0 29 45 65 66 47
47 0 0 0 46 66 67 48 30
48 0 0 0 30 47 67 68 49 31
49 0 0 0 31 48 68 69 60 40
50 0 0 0 43 42 62 70 51 32
51 0 0 0 32 50 70 71 52 33
52 0 0 0 33 51 71 72 53 34
53 0 0 0 34 52 72 73 54 35
54 0 0 0 35 53 73 74 63 44
55 0 0 0 44 63 56 36
56 0 0 0 36 55 63 75 57 37
57 0 0 0 37 56 75 76 58 38
58 0 0 0 38 57 76 77 59 39
59 0 0 0 39 58 77 78 64 45
60 0 0 0 49 69 79 80 61 40
61 0 0 0 40 60 80 81 62 41
62 0 0 0 41 61 81 70 50 42
63 0 0 0 54 74 75 56 55 44
64 0 0 0 59 78 82 83 65 45
65 0 0 0 45 64 83 84 66 46
66 0 0 0 46 65 84 85 67 47
67 0 0 0 47 66 85 86 68 48
68 0 0 0 48 67 86 79 69 49
69 0 0 0 49 68 79 60
70 0 0 0 50 62 81 87 71 51
71 0 0 0 51 70 87 88 72 52
72 0 0 0 52 71 88 89 73 53
73 0 0 0 53 72 89 90 74 54
74 0 0 0 54 73 90 91 75 63
75 0 0 0 56 63 74 91 76 57
76 0 0 0 57 75 91 92 77 58
77 0 0 0 58 76 92 82 78 59
78 0 0 0 59 77 82 64
79 0 0 0 69 68 86 93 80 60
80 0 0 0 60 79 93 94 81 61
81 0 0 0 61 80 94 87 70 62
82 0 0 0 78 77 92 95 83 64
83 0 0 0 64 82 95 96 84 65
84 0 0 0 65 83 96 97 85 66
85 0 0 0 66 84 97 98 86 67
86 0 0 0 67 85 98 93 79 68
87 0 0 0 70 81 94 99 88 71
88 0 0 0 71 87 99 100 89 72
89 0 0 0 72 88 100 101 90 73
90 0 0 0 73 89 101 102 91 74
91 0 0 0 74 90 102 92 76 75
92 0 0 0 76 91 102 95 82 77
93 0 0 0 79 86 98 103 94 80
94 0 0 0 80 93 103 99 87 81
95 0 0 0 82 92 102 104 96 83
96 0 0 0 83 95 104 105 97 84
97 0 0 0 84 96 105 106 98 85
98 0 0 0 85 97 106 103 93 86
99 0 0 0 87 94 103 107 100 88
100 0 0 0 88 99 107 108 101 89
101 0 0 0 89 100 108 104 102 90
102 0 0 0 90 101 104 95 92 91
103 0 0 0 93 98 106 107 99 94
104 0 0 0 95 102 101 108 105 96
105 0 0 0 96 104 108 109 106 97
106 0 0 0 97 105 109 107 103 98
107 0 0 0 99 103 106 109 108 100
108 0 0 0 100 107 109 105 104 101
109 0 0 0 105 108 107 106
0
