>>writegraph3d planar <<
1 0 0 0 3 4 7 5 2
2 0 0 0 1 5 8 9 6 3
3 0 0 0 2 6 4 1
4 0 0 0 3 6 10 11 1
5 0 0 0 1 7 12 13 8 2
6 0 0 0 2 9 14 10 4 3
7 0 0 0 1 16 17 12 5
8 0 0 0 5 13 18 19 9 2
9 0 0 0 2 8 19 20 14 6
10 0 0 0 6 14 21 22 11 4
11 0 0 0 4 10 22 23 15
12 0 0 0 7 17 24 25 13 5
13 0 0 0 5 12 25 26 18 8
14 0 0 0 9 20 27 21 10 6
15 0 0 0 11 23 28 29 16
16 0 0 0 15 29 24 17 7
17 0 0 0 7 16 24 12
18 0 0 0 13 26 19 8
19 0 0 0 8 18 26 30 20 9
20 0 0 0 9 19 30 31 27 14
21 0 0 0 14 27 31 32 22 10
22 0 0 0 10 21 32 28 23 11
23 0 0 0 11 22 28 15
24 0 0 0 17 16 29 33 25 12
25 0 0 0 12 24 33 34 26 13
26 0 0 0 13 25 34 30 19 18
27 0 0 0 20 31 21 14
28 0 0 0 23 22 32 35 29 15
29 0 0 0 15 28 35 33 24 16
30 0 0 0 19 26 34 36 31 20
31 0 0 0 20 30 36 32 21 27
32 0 0 0 21 31 36 35 28 22
33 0 0 0 24 29 35 37 34 25
34 0 0 0 25 33 37 36 30 26
35 0 0 0 28 32 36 37 33 29
36 0 0 0 30 34 37 35 32 31
37 0 0 0 33 35 36 34
0
