>>writegraph3d planar <<
1 0 0 0 3 4 7 8 5 2
2 0 0 0 1 5 9 10 6 3
3 0 0 0 2 6 4 1
4 0 0 0 3 6 11 12 7 1
5 0 0 0 1 8 13 14 9 2
6 0 0 0 2 10 15 11 4 3
7 0 0 0 4 12 16 17 8 1
8 0 0 0 1 7 17 18 13 5
9 0 0 0 5 14 19 20 10 2
10 0 0 0 2 9 20 21 15 6
11 0 0 0 6 15 22 23 12 4
12 0 0 0 4 11 23 24 16 7
13 0 0 0 8 18 25 19 14 5
14 0 0 0 5 13 19 9
15 0 0 0 10 21 26 22 11 6
16 0 0 0 12 24 27 28 17 7
17 0 0 0 7 16 28 29 18 8
18 0 0 0 8 17 29 30 25 13
19 0 0 0 14 13 25 31 20 9
20 0 0 0 9 19 31 32 21 10
21 0 0 0 10 20 32 33 26 15
22 0 0 0 15 26 23 11
23 0 0 0 11 22 26 34 24 12
24 0 0 0 12 23 34 35 27 16
25 0 0 0 18 30 36 31 19 13
26 0 0 0 21 33 34 23 22 15
27 0 0 0 24 35 37 38 28 16
28 0 0 0 16 27 38 39 29 17
29 0 0 0 17 28 39 36 30 18
30 0 0 0 18 29 36 25
31 0 0 0 19 25 36 40 32 20
32 0 0 0 20 31 40 41 33 21
33 0 0 0 21 32 41 37 34 26
34 0 0 0 23 26 33 37 35 24
35 0 0 0 24 34 37 27
36 0 0 0 30 29 39 40 31 25
37 0 0 0 35 34 33 41 38 27
38 0 0 0 27 37 41 42 39 28
39 0 0 0 28 38 42 40 36 29
40 0 0 0 31 36 39 42 41 32
41 0 0 0 32 40 42 38 37 33
42 0 0 0 38 41 40 39
0
