>>writegraph3d planar <<
1 0 0 0 3 4 7 8 5 2
2 0 0 0 1 5 9 6 3
3 0 0 0 2 6 4 1
4 0 0 0 3 6 10 11 7 1
5 0 0 0 1 8 12 13 2
6 0 0 0 2 9 14 10 4 3
7 0 0 0 4 11 15 16 8 1
8 0 0 0 1 7 16 17 12 5
9 0 0 0 2 19 20 14 6
10 0 0 0 6 14 21 22 11 4
11 0 0 0 4 10 22 23 15 7
12 0 0 0 8 17 24 25 13 5
13 0 0 0 5 12 25 26 18
14 0 0 0 9 20 27 21 10 6
15 0 0 0 11 23 28 29 16 7
16 0 0 0 7 15 29 30 17 8
17 0 0 0 8 16 30 31 24 12
18 0 0 0 13 26 32 33 19
19 0 0 0 18 33 34 20 9
20 0 0 0 9 19 34 35 27 14
21 0 0 0 14 27 36 37 22 10
22 0 0 0 10 21 37 38 23 11
23 0 0 0 11 22 38 39 28 15
24 0 0 0 17 31 40 26 25 12
25 0 0 0 12 24 26 13
26 0 0 0 13 25 24 40 32 18
27 0 0 0 20 35 41 36 21 14
28 0 0 0 23 39 42 30 29 15
29 0 0 0 15 28 30 16
30 0 0 0 16 29 28 42 31 17
31 0 0 0 17 30 42 43 40 24
32 0 0 0 26 40 44 45 33 18
33 0 0 0 18 32 45 35 34 19
34 0 0 0 19 33 35 20
35 0 0 0 20 34 33 45 41 27
36 0 0 0 27 41 46 38 37 21
37 0 0 0 21 36 38 22
38 0 0 0 22 37 36 46 39 23
39 0 0 0 23 38 46 47 42 28
40 0 0 0 31 43 44 32 26 24
41 0 0 0 35 45 48 46 36 27
42 0 0 0 39 47 43 31 30 28
43 0 0 0 31 42 47 49 44 40
44 0 0 0 40 43 49 48 45 32
45 0 0 0 32 44 48 41 35 33
46 0 0 0 41 48 47 39 38 36
47 0 0 0 39 46 48 49 43 42
48 0 0 0 45 44 49 47 46 41
49 0 0 0 43 47 48 44
0
