>>writegraph3d planar <<
1 0 0 0 2 3 4
2 0 0 0 1 5 6
3 0 0 0 1 7 8
4 0 0 0 1 9 10
5 0 0 0 2 10 11
6 0 0 0 2 12 7
7 0 0 0 3 6 13
8 0 0 0 3 14 15
9 0 0 0 4 16 17
10 0 0 0 4 18 5
11 0 0 0 5 19 12
12 0 0 0 6 11 20
13 0 0 0 7 20 21
14 0 0 0 8 22 23
15 0 0 0 8 24 25
16 0 0 0 9 26 21
17 0 0 0 9 27 18
18 0 0 0 10 17 19
19 0 0 0 11 18 28
20 0 0 0 12 28 13
21 0 0 0 13 27 16
22 0 0 0 14 29 30
23 0 0 0 14 31 24
24 0 0 0 15 23 32
25 0 0 0 15 33 34
26 0 0 0 16 34 29
27 0 0 0 17 21 28
28 0 0 0 19 27 20
29 0 0 0 22 26 35
30 0 0 0 22 36 31
31 0 0 0 23 30 37
32 0 0 0 24 37 33
33 0 0 0 25 32 38
34 0 0 0 25 39 26
35 0 0 0 29 39 36
36 0 0 0 30 35 40
37 0 0 0 31 40 32
38 0 0 0 33 40 39
39 0 0 0 34 38 35
40 0 0 0 36 38 37
0
