>>writegraph3d planar <<
1 0 0 0 31 5 34
2 0 0 0 36 6 41
3 0 0 0 43 4 29
4 0 0 0 3 66 48
5 0 0 0 52 55 1
6 0 0 0 59 62 2
7 0 0 0 64 12 8
8 0 0 0 7 80
9 0 0 0 10 50
10 0 0 0 9 87 11
11 0 0 0 10 12 57
12 0 0 0 11 69 7
13 0 0 0 73 17 76
14 0 0 0 78 18 83
15 0 0 0 85 16 71
16 0 0 0 15 108 90
17 0 0 0 94 97 13
18 0 0 0 101 104 14
19 0 0 0 21 23 25
20 0 0 0 38 21 25
21 0 0 0 19 20 22
22 0 0 0 45 23 21
23 0 0 0 19 22 24
24 0 0 0 27 25 23
25 0 0 0 19 24 20
26 0 0 0 28 30 32
27 0 0 0 24 28 32
28 0 0 0 26 27 29
29 0 0 0 3 30 28
30 0 0 0 26 29 31
31 0 0 0 1 32 30
32 0 0 0 26 31 27
33 0 0 0 35 37 39
34 0 0 0 1 35 39
35 0 0 0 33 34 36
36 0 0 0 2 37 35
37 0 0 0 33 36 38
38 0 0 0 20 39 37
39 0 0 0 33 38 34
40 0 0 0 42 44 46
41 0 0 0 2 42 46
42 0 0 0 40 41 43
43 0 0 0 3 44 42
44 0 0 0 40 43 45
45 0 0 0 22 46 44
46 0 0 0 40 45 41
47 0 0 0 49 51 53
48 0 0 0 4 49 53
49 0 0 0 47 48 50
50 0 0 0 9 51 49
51 0 0 0 47 50 52
52 0 0 0 5 53 51
53 0 0 0 47 52 48
54 0 0 0 56 58 60
55 0 0 0 5 56 60
56 0 0 0 54 55 57
57 0 0 0 11 58 56
58 0 0 0 54 57 59
59 0 0 0 6 60 58
60 0 0 0 54 59 55
61 0 0 0 63 65 67
62 0 0 0 6 63 67
63 0 0 0 61 62 64
64 0 0 0 7 65 63
65 0 0 0 61 64 66
66 0 0 0 4 67 65
67 0 0 0 61 66 62
68 0 0 0 70 72 74
69 0 0 0 12 70 74
70 0 0 0 68 69 71
71 0 0 0 15 72 70
72 0 0 0 68 71 73
73 0 0 0 13 74 72
74 0 0 0 68 73 69
75 0 0 0 77 79 81
76 0 0 0 13 77 81
77 0 0 0 75 76 78
78 0 0 0 14 79 77
79 0 0 0 75 78 80
80 0 0 0 8 81 79
81 0 0 0 75 80 76
82 0 0 0 84 86 88
83 0 0 0 14 84 88
84 0 0 0 82 83 85
85 0 0 0 15 86 84
86 0 0 0 82 85 87
87 0 0 0 10 88 86
88 0 0 0 82 87 83
89 0 0 0 91 93 95
90 0 0 0 16 91 95
91 0 0 0 89 90 92
92 0 0 0 113 93 91
93 0 0 0 89 92 94
94 0 0 0 17 95 93
95 0 0 0 89 94 90
96 0 0 0 98 100 102
97 0 0 0 17 98 102
98 0 0 0 96 97 99
99 0 0 0 111 100 98
100 0 0 0 96 99 101
101 0 0 0 18 102 100
102 0 0 0 96 101 97
103 0 0 0 105 107 109
104 0 0 0 18 105 109
105 0 0 0 103 104 106
106 0 0 0 115 107 105
107 0 0 0 103 106 108
108 0 0 0 16 109 107
109 0 0 0 103 108 104
110 0 0 0 112 114 116
111 0 0 0 99 112 116
112 0 0 0 110 111 113
113 0 0 0 92 114 112
114 0 0 0 110 113 115
115 0 0 0 106 116 114
116 0 0 0 110 115 111
0
