>>writegraph3d planar <<
1 0 0 0 2 3 4
2 0 0 0 1 5 6
3 0 0 0 1 6 7
4 0 0 0 1 8 5
5 0 0 0 2 4 9
6 0 0 0 2 9 3
7 0 0 0 3 10 11
8 0 0 0 4 12 9
9 0 0 0 5 8 6
10 0 0 0 7 13 14
11 0 0 0 7 14 15
12 0 0 0 8 16 17
13 0 0 0 10 18 19
14 0 0 0 10 20 11
15 0 0 0 11 21 22
16 0 0 0 12 22 23
17 0 0 0 12 23 18
18 0 0 0 13 17 24
19 0 0 0 13 24 25
20 0 0 0 14 26 27
21 0 0 0 15 28 29
22 0 0 0 15 29 16
23 0 0 0 16 30 17
24 0 0 0 18 31 19
25 0 0 0 19 32 33
26 0 0 0 20 34 35
27 0 0 0 20 35 36
28 0 0 0 21 33 32
29 0 0 0 21 37 22
30 0 0 0 23 38 39
31 0 0 0 24 40 41
32 0 0 0 25 42 28
33 0 0 0 25 28 43
34 0 0 0 26 43 44
35 0 0 0 26 44 27
36 0 0 0 27 44 43
37 0 0 0 29 41 40
38 0 0 0 30 45 46
39 0 0 0 30 46 47
40 0 0 0 31 48 37
41 0 0 0 31 37 49
42 0 0 0 32 50 51
43 0 0 0 33 36 34
44 0 0 0 34 36 35
45 0 0 0 38 48 52
46 0 0 0 38 52 39
47 0 0 0 39 52 48
48 0 0 0 40 47 45
49 0 0 0 41 53 54
50 0 0 0 42 54 55
51 0 0 0 42 55 53
52 0 0 0 45 47 46
53 0 0 0 49 51 56
54 0 0 0 49 56 50
55 0 0 0 50 56 51
56 0 0 0 53 55 54
0
