>>writegraph3d planar <<
1 0 0 0 2 3 4
2 0 0 0 1 5 6
3 0 0 0 1 7 8
4 0 0 0 1 9 10
5 0 0 0 2 11 12
6 0 0 0 2 12 13
7 0 0 0 3 14 15
8 0 0 0 3 16 17
9 0 0 0 4 18 19
10 0 0 0 4 19 20
11 0 0 0 5 21 22
12 0 0 0 5 22 6
13 0 0 0 6 22 21
14 0 0 0 7 23
15 0 0 0 7 24
16 0 0 0 8 25 26
17 0 0 0 8 26 27
18 0 0 0 9 28 29
19 0 0 0 9 29 10
20 0 0 0 10 29 30
21 0 0 0 11 31 13
22 0 0 0 11 13 12
23 0 0 0 14 31 32
24 0 0 0 15 32 33
25 0 0 0 16 34 35
26 0 0 0 16 35 17
27 0 0 0 17 35 34
28 0 0 0 18 34 33
29 0 0 0 18 20 19
30 0 0 0 20 36 31
31 0 0 0 21 30 23
32 0 0 0 23 24
33 0 0 0 24 37 28
34 0 0 0 25 28 27
35 0 0 0 25 27 26
36 0 0 0 30 38 39
37 0 0 0 33 40 41
38 0 0 0 36 41 42
39 0 0 0 36 42 40
40 0 0 0 37 39 43
41 0 0 0 37 43 38
42 0 0 0 38 43 39
43 0 0 0 40 42 41
0
