>>writegraph3d planar <<
1 0 0 0 2 3 4
2 0 0 0 1 5 6
3 0 0 0 1 7 8
4 0 0 0 1 9 10
5 0 0 0 2 11 12
6 0 0 0 2 12 13
7 0 0 0 3 14 15
8 0 0 0 3 16 17
9 0 0 0 4 18 19
10 0 0 0 4 19 20
11 0 0 0 5 21 22
12 0 0 0 5 22 6
13 0 0 0 6 22 21
14 0 0 0 7 23 24
15 0 0 0 7 24 25
16 0 0 0 8 26 27
17 0 0 0 8 28 29
18 0 0 0 9 30 31
19 0 0 0 9 31 10
20 0 0 0 10 31 27
21 0 0 0 11 32 13
22 0 0 0 11 13 12
23 0 0 0 14 32 33
24 0 0 0 14 33 15
25 0 0 0 15 33 34
26 0 0 0 16 35 36
27 0 0 0 16 32 20
28 0 0 0 17 37 38
29 0 0 0 17 38 39
30 0 0 0 18 39 37
31 0 0 0 18 20 19
32 0 0 0 21 27 23
33 0 0 0 23 25 24
34 0 0 0 25 40 41
35 0 0 0 26 41 42
36 0 0 0 26 42 40
37 0 0 0 28 30 43
38 0 0 0 28 43 29
39 0 0 0 29 43 30
40 0 0 0 34 36 44
41 0 0 0 34 44 35
42 0 0 0 35 44 36
43 0 0 0 37 39 38
44 0 0 0 40 42 41
0
