>>writegraph3d planar <<
1 0 0 0 2 3 4
2 0 0 0 1 5 6
3 0 0 0 1 7 8
4 0 0 0 1 8 9
5 0 0 0 2 10 11
6 0 0 0 2 12 13
7 0 0 0 3 14 15
8 0 0 0 3 16 4
9 0 0 0 4 16 17
10 0 0 0 5 18 19
11 0 0 0 5 19 20
12 0 0 0 6 21 22
13 0 0 0 6 22 23
14 0 0 0 7 24 25
15 0 0 0 7 25 26
16 0 0 0 8 9
17 0 0 0 9 27 28
18 0 0 0 10 29 30
19 0 0 0 10 31 11
20 0 0 0 11 31 32
21 0 0 0 12 33 34
22 0 0 0 12 35 13
23 0 0 0 13 35 36
24 0 0 0 14 36 37
25 0 0 0 14 37 15
26 0 0 0 15 37 36
27 0 0 0 17 30 38
28 0 0 0 17 38 29
29 0 0 0 18 28 39
30 0 0 0 18 39 27
31 0 0 0 19 20
32 0 0 0 20 40 41
33 0 0 0 21 41 42
34 0 0 0 21 42 40
35 0 0 0 22 23
36 0 0 0 23 26 24
37 0 0 0 24 26 25
38 0 0 0 27 39 28
39 0 0 0 29 38 30
40 0 0 0 32 34 43
41 0 0 0 32 43 33
42 0 0 0 33 43 34
43 0 0 0 40 42 41
0
