>>writegraph3d planar <<
1 0 0 0 2 3 4
2 0 0 0 1 5 6
3 0 0 0 1 7 8
4 0 0 0 1 8 5
5 0 0 0 2 4 9
6 0 0 0 2 10 11
7 0 0 0 3 12 13
8 0 0 0 3 9 4
9 0 0 0 5 8 14
10 0 0 0 6 15 16
11 0 0 0 6 17
12 0 0 0 7 18 19
13 0 0 0 7 19 15
14 0 0 0 9 20 21
15 0 0 0 10 22 13
16 0 0 0 10 23
17 0 0 0 11 23 24
18 0 0 0 12 24 25
19 0 0 0 12 25 13
20 0 0 0 14 26 27
21 0 0 0 14 27 28
22 0 0 0 15 28 26
23 0 0 0 16 29 17
24 0 0 0 17 30 18
25 0 0 0 18 31 19
26 0 0 0 20 22 32
27 0 0 0 20 32 21
28 0 0 0 21 32 22
29 0 0 0 23 33 34
30 0 0 0 24 35 36
31 0 0 0 25 37 33
32 0 0 0 26 28 27
33 0 0 0 29 31 38
34 0 0 0 29 38 39
35 0 0 0 30 40 41
36 0 0 0 30 41 42
37 0 0 0 31 39 38
38 0 0 0 33 37 34
39 0 0 0 34 37 43
40 0 0 0 35 43 44
41 0 0 0 35 44 36
42 0 0 0 36 44 43
43 0 0 0 39 42 40
44 0 0 0 40 42 41
0
