>>writegraph3d planar <<
1 0 0 0 2 3 4
2 0 0 0 1 5 6
3 0 0 0 1 7 8
4 0 0 0 1 9 5
5 0 0 0 2 4 10
6 0 0 0 2 11 12
7 0 0 0 3 13 14
8 0 0 0 3 14 15
9 0 0 0 4 16 10
10 0 0 0 5 9 17
11 0 0 0 6 18 19
12 0 0 0 6 19 20
13 0 0 0 7 21 22
14 0 0 0 7 22 8
15 0 0 0 8 18 23
16 0 0 0 9 24 17
17 0 0 0 10 16 25
18 0 0 0 11 26 15
19 0 0 0 11 27 12
20 0 0 0 12 27 28
21 0 0 0 13 28 29
22 0 0 0 13 29 14
23 0 0 0 15 26 30
24 0 0 0 16 30 25
25 0 0 0 17 24 31
26 0 0 0 18 31 23
27 0 0 0 19 32 20
28 0 0 0 20 32 21
29 0 0 0 21 32 22
30 0 0 0 23 31 24
31 0 0 0 25 30 26
32 0 0 0 27 29 28
0
