>>writegraph3d planar <<
1 0 0 0 2 3 4
2 0 0 0 1 5 6
3 0 0 0 1 7 8
4 0 0 0 1 8 5
5 0 0 0 2 4 9
6 0 0 0 2 10 11
7 0 0 0 3 12 13
8 0 0 0 3 9 4
9 0 0 0 5 8 14
10 0 0 0 6 15 16
11 0 0 0 6 16 17
12 0 0 0 7 18 19
13 0 0 0 7 19 20
14 0 0 0 9 21 22
15 0 0 0 10 23 24
16 0 0 0 10 24 11
17 0 0 0 11 24 25
18 0 0 0 12 25 26
19 0 0 0 12 26 13
20 0 0 0 13 27 28
21 0 0 0 14 29 30
22 0 0 0 14 31 32
23 0 0 0 15 32 33
24 0 0 0 15 17 16
25 0 0 0 17 34 18
26 0 0 0 18 31 19
27 0 0 0 20 30 35
28 0 0 0 20 35 29
29 0 0 0 21 28 36
30 0 0 0 21 36 27
31 0 0 0 22 26 37
32 0 0 0 22 37 23
33 0 0 0 23 37 38
34 0 0 0 25 39 40
35 0 0 0 27 36 28
36 0 0 0 29 35 30
37 0 0 0 31 33 32
38 0 0 0 33 41 42
39 0 0 0 34 42 43
40 0 0 0 34 43 41
41 0 0 0 38 40 44
42 0 0 0 38 44 39
43 0 0 0 39 44 40
44 0 0 0 41 43 42
0
