>>writegraph3d planar <<
1 0 0 0 2 3 4
2 0 0 0 1 5 6
3 0 0 0 1 7 8
4 0 0 0 1 9 5
5 0 0 0 2 4 10
6 0 0 0 2 11 12
7 0 0 0 3 13 14
8 0 0 0 3 15 16
9 0 0 0 4 17 18
10 0 0 0 5 19 20
11 0 0 0 6 21 22
12 0 0 0 6 22 23
13 0 0 0 7 24 25
14 0 0 0 7 25 26
15 0 0 0 8 21 27
16 0 0 0 8 27 28
17 0 0 0 9 29 30
18 0 0 0 9 30 31
19 0 0 0 10 32 33
20 0 0 0 10 34 35
21 0 0 0 11 15 36
22 0 0 0 11 36 12
23 0 0 0 12 36 37
24 0 0 0 13 37 38
25 0 0 0 13 38 14
26 0 0 0 14 38 37
27 0 0 0 15 35 16
28 0 0 0 16 35 34
29 0 0 0 17 34 39
30 0 0 0 17 39 18
31 0 0 0 18 39 40
32 0 0 0 19 41 42
33 0 0 0 19 42 43
34 0 0 0 20 29 28
35 0 0 0 20 28 27
36 0 0 0 21 23 22
37 0 0 0 23 26 24
38 0 0 0 24 26 25
39 0 0 0 29 31 30
40 0 0 0 31 43 41
41 0 0 0 32 40 44
42 0 0 0 32 44 33
43 0 0 0 33 44 40
44 0 0 0 41 43 42
0
