>>writegraph3d planar <<
1 0 0 0 2 3 4
2 0 0 0 1 5 6
3 0 0 0 1 7 8
4 0 0 0 1 9
5 0 0 0 2 10 11
6 0 0 0 2 11 12
7 0 0 0 3 13 14
8 0 0 0 3 15
9 0 0 0 4 15 16
10 0 0 0 5 17 18
11 0 0 0 5 18 6
12 0 0 0 6 18 17
13 0 0 0 7 19 20
14 0 0 0 7 20 21
15 0 0 0 8 22 9
16 0 0 0 9 23 24
17 0 0 0 10 25 12
18 0 0 0 10 12 11
19 0 0 0 13 25 26
20 0 0 0 13 26 14
21 0 0 0 14 27 28
22 0 0 0 15 29 30
23 0 0 0 16 27 31
24 0 0 0 16 31 25
25 0 0 0 17 24 19
26 0 0 0 19 32 20
27 0 0 0 21 33 23
28 0 0 0 21 34 35
29 0 0 0 22 35 36
30 0 0 0 22 36 34
31 0 0 0 23 33 24
32 0 0 0 26 37 38
33 0 0 0 27 39 31
34 0 0 0 28 30 40
35 0 0 0 28 40 29
36 0 0 0 29 40 30
37 0 0 0 32 41 42
38 0 0 0 32 42 43
39 0 0 0 33 43 41
40 0 0 0 34 36 35
41 0 0 0 37 39 44
42 0 0 0 37 44 38
43 0 0 0 38 44 39
44 0 0 0 41 43 42
0
