>>writegraph3d planar <<
1 0 0 0 2 3 4
2 0 0 0 1 5 6
3 0 0 0 1 7 8
4 0 0 0 1 9 10
5 0 0 0 2 10 11
6 0 0 0 2 12 13
7 0 0 0 3 13 14
8 0 0 0 3 15 16
9 0 0 0 4 16 17
10 0 0 0 4 18 5
11 0 0 0 5 19 20
12 0 0 0 6 20 21
13 0 0 0 6 22 7
14 0 0 0 7 23 15
15 0 0 0 8 14 24
16 0 0 0 8 25 9
17 0 0 0 9 26 18
18 0 0 0 10 17 27
19 0 0 0 11 27 28
20 0 0 0 11 29 12
21 0 0 0 12 30 31
22 0 0 0 13 31 23
23 0 0 0 14 22 32
24 0 0 0 15 32 25
25 0 0 0 16 24 26
26 0 0 0 17 25 33
27 0 0 0 18 33 19
28 0 0 0 19 34 29
29 0 0 0 20 28 30
30 0 0 0 21 29 35
31 0 0 0 21 36 22
32 0 0 0 23 36 24
33 0 0 0 26 34 27
34 0 0 0 28 33 35
35 0 0 0 30 34 36
36 0 0 0 31 35 32
0
