>>writegraph3d planar <<
1 0 0 0 2 3 4
2 0 0 0 1 5 6
3 0 0 0 1 7 8
4 0 0 0 1 9 10
5 0 0 0 2 11 12
6 0 0 0 2 13 7
7 0 0 0 3 6 14
8 0 0 0 3 15 16
9 0 0 0 4 16 17
10 0 0 0 4 18 11
11 0 0 0 5 10 19
12 0 0 0 5 20 13
13 0 0 0 6 12 21
14 0 0 0 7 22 15
15 0 0 0 8 14 23
16 0 0 0 8 24 9
17 0 0 0 9 25 26
18 0 0 0 10 26 27
19 0 0 0 11 27 20
20 0 0 0 12 19 28
21 0 0 0 13 28 29
22 0 0 0 14 30 31
23 0 0 0 15 31 24
24 0 0 0 16 23 32
25 0 0 0 17 32 33
26 0 0 0 17 34 18
27 0 0 0 18 35 19
28 0 0 0 20 35 21
29 0 0 0 21 36 37
30 0 0 0 22 37 38
31 0 0 0 22 39 23
32 0 0 0 24 39 25
33 0 0 0 25 38 40
34 0 0 0 26 40 36
35 0 0 0 27 36 28
36 0 0 0 29 35 34
37 0 0 0 29 40 30
38 0 0 0 30 33 39
39 0 0 0 31 38 32
40 0 0 0 33 37 34
0
