>>writegraph3d planar <<
1 0 0 0 2 3 4
2 0 0 0 1 5 6
3 0 0 0 1 7 8
4 0 0 0 1 9 10
5 0 0 0 2 10 11
6 0 0 0 2 12 13
7 0 0 0 3 13 14
8 0 0 0 3 15 9
9 0 0 0 4 8 16
10 0 0 0 4 17 5
11 0 0 0 5 18 12
12 0 0 0 6 11 19
13 0 0 0 6 20 7
14 0 0 0 7 21 22
15 0 0 0 8 22 23
16 0 0 0 9 24 17
17 0 0 0 10 16 18
18 0 0 0 11 17 25
19 0 0 0 12 26 27
20 0 0 0 13 27 28
21 0 0 0 14 28 29
22 0 0 0 14 30 15
23 0 0 0 15 31 24
24 0 0 0 16 23 32
25 0 0 0 18 32 33
26 0 0 0 19 34 35
27 0 0 0 19 36 20
28 0 0 0 20 37 21
29 0 0 0 21 38 39
30 0 0 0 22 39 40
31 0 0 0 23 40 41
32 0 0 0 24 42 25
33 0 0 0 25 43 44
34 0 0 0 26 44 45
35 0 0 0 26 46 36
36 0 0 0 27 35 37
37 0 0 0 28 36 38
38 0 0 0 29 37 46
39 0 0 0 29 47 30
40 0 0 0 30 48 31
41 0 0 0 31 49 42
42 0 0 0 32 41 43
43 0 0 0 33 42 50
44 0 0 0 33 51 34
45 0 0 0 34 47 46
46 0 0 0 35 45 38
47 0 0 0 39 45 52
48 0 0 0 40 52 49
49 0 0 0 41 48 50
50 0 0 0 43 49 51
51 0 0 0 44 50 52
52 0 0 0 47 51 48
0
