>>writegraph3d planar <<
1 0 0 0 2 3 4
2 0 0 0 1 5 6
3 0 0 0 1 7 8
4 0 0 0 1 9 10
5 0 0 0 2 11 12
6 0 0 0 2 13 14
7 0 0 0 3 14 15
8 0 0 0 3 16 17
9 0 0 0 4 17 18
10 0 0 0 4 19 11
11 0 0 0 5 10 20
12 0 0 0 5 21 13
13 0 0 0 6 12 22
14 0 0 0 6 23 7
15 0 0 0 7 24 16
16 0 0 0 8 15 25
17 0 0 0 8 26 9
18 0 0 0 9 27 28
19 0 0 0 10 28 29
20 0 0 0 11 29 21
21 0 0 0 12 20 30
22 0 0 0 13 30 23
23 0 0 0 14 22 24
24 0 0 0 15 23 31
25 0 0 0 16 31 26
26 0 0 0 17 25 27
27 0 0 0 18 26 32
28 0 0 0 18 33 19
29 0 0 0 19 34 20
30 0 0 0 21 34 22
31 0 0 0 24 32 25
32 0 0 0 27 31 33
33 0 0 0 28 32 34
34 0 0 0 29 33 30
0
