>>writegraph3d planar <<
1 0 0 0 2 3 4
2 0 0 0 1 5 6
3 0 0 0 1 7 8
4 0 0 0 1 9 10
5 0 0 0 2 11 12
6 0 0 0 2 13 14
7 0 0 0 3 14 15
8 0 0 0 3 16 17
9 0 0 0 4 17 18
10 0 0 0 4 19 11
11 0 0 0 5 10 20
12 0 0 0 5 21 13
13 0 0 0 6 12 22
14 0 0 0 6 23 7
15 0 0 0 7 24 16
16 0 0 0 8 15 25
17 0 0 0 8 26 9
18 0 0 0 9 27 28
19 0 0 0 10 28 29
20 0 0 0 11 29 21
21 0 0 0 12 20 30
22 0 0 0 13 30 31
23 0 0 0 14 32 24
24 0 0 0 15 23 33
25 0 0 0 16 33 26
26 0 0 0 17 25 34
27 0 0 0 18 34 35
28 0 0 0 18 36 19
29 0 0 0 19 37 20
30 0 0 0 21 37 22
31 0 0 0 22 36 35
32 0 0 0 23 35 38
33 0 0 0 24 38 25
34 0 0 0 26 38 27
35 0 0 0 27 32 31
36 0 0 0 28 31 37
37 0 0 0 29 36 30
38 0 0 0 32 34 33
0
