>>writegraph3d planar <<
1 0 0 0 3 7 8 4 2
2 0 0 0 1 4 9 10 5
3 0 0 0 6 12 13 7 1
4 0 0 0 1 8 14 9 2
5 0 0 0 2 10 15 16 11
6 0 0 0 11 17 18 12 3
7 0 0 0 3 13 19 8 1
8 0 0 0 1 7 19 14 4
9 0 0 0 4 14 20 10 2
10 0 0 0 2 9 20 15 5
11 0 0 0 5 16 21 17 6
12 0 0 0 6 18 22 13 3
13 0 0 0 3 12 22 19 7
14 0 0 0 8 19 23 20 9 4
15 0 0 0 10 20 24 16 5
16 0 0 0 5 15 24 21 11
17 0 0 0 11 21 25 18 6
18 0 0 0 6 17 25 22 12
19 0 0 0 13 22 23 14 8 7
20 0 0 0 14 23 24 15 10 9
21 0 0 0 16 24 25 17 11
22 0 0 0 18 25 23 19 13 12
23 0 0 0 19 22 25 24 20 14
24 0 0 0 20 23 25 21 16 15
25 0 0 0 21 24 23 22 18 17
0
