>>writegraph3d planar <<
1 0 0 0 3 4 8 9 5 2
2 0 0 0 1 5 10 6 3
3 0 0 0 2 6 7 4 1
4 0 0 0 3 7 11 8 1
5 0 0 0 1 9 12 13 10 2
6 0 0 0 2 10 14 15 7 3
7 0 0 0 3 6 15 16 4
8 0 0 0 4 11 17 9 1
9 0 0 0 1 8 17 12 5
10 0 0 0 5 13 18 14 6 2
11 0 0 0 4 20 21 17 8
12 0 0 0 9 17 22 23 13 5
13 0 0 0 5 12 23 24 18 10
14 0 0 0 10 18 25 15 6
15 0 0 0 6 14 25 16 7
16 0 0 0 7 15 25 26 19
17 0 0 0 11 21 22 12 9 8
18 0 0 0 13 24 27 25 14 10
19 0 0 0 16 26 28 29 20
20 0 0 0 19 29 30 21 11
21 0 0 0 11 20 30 22 17
22 0 0 0 17 21 30 23 12
23 0 0 0 12 22 30 31 24 13
24 0 0 0 13 23 31 28 27 18
25 0 0 0 18 27 26 16 15 14
26 0 0 0 16 25 27 28 19
27 0 0 0 24 28 26 25 18
28 0 0 0 26 27 24 31 29 19
29 0 0 0 19 28 31 30 20
30 0 0 0 20 29 31 23 22 21
31 0 0 0 23 30 29 28 24
0
