>>writegraph3d planar <<
1 0 0 0 3 7 8 4 2
2 0 0 0 1 4 9 10 5 3
3 0 0 0 2 5 11 6 1
4 0 0 0 1 8 14 9 2
5 0 0 0 2 10 15 11 3
6 0 0 0 3 11 16 17 12
7 0 0 0 13 18 19 8 1
8 0 0 0 1 7 19 20 14 4
9 0 0 0 4 14 21 10 2
10 0 0 0 2 9 21 22 15 5
11 0 0 0 5 15 23 16 6 3
12 0 0 0 6 17 24 25 13
13 0 0 0 12 25 26 18 7
14 0 0 0 8 20 27 21 9 4
15 0 0 0 10 22 23 11 5
16 0 0 0 11 23 28 17 6
17 0 0 0 6 16 28 29 24 12
18 0 0 0 13 26 30 31 19 7
19 0 0 0 7 18 31 20 8
20 0 0 0 8 19 31 27 14
21 0 0 0 14 27 32 22 10 9
22 0 0 0 10 21 32 33 23 15
23 0 0 0 15 22 33 28 16 11
24 0 0 0 17 29 34 25 12
25 0 0 0 12 24 34 35 26 13
26 0 0 0 13 25 35 30 18
27 0 0 0 20 31 36 32 21 14
28 0 0 0 23 33 29 17 16
29 0 0 0 17 28 33 37 34 24
30 0 0 0 26 35 36 31 18
31 0 0 0 18 30 36 27 20 19
32 0 0 0 27 36 37 33 22 21
33 0 0 0 22 32 37 29 28 23
34 0 0 0 29 37 35 25 24
35 0 0 0 25 34 37 36 30 26
36 0 0 0 31 30 35 37 32 27
37 0 0 0 29 33 32 36 35 34
0
