>>writegraph3d planar <<
1 0 0 0 2 4 5 13 12 3
2 0 0 0 3 8 7 6 4 1
3 0 0 0 1 12 24 8 2
4 0 0 0 1 2 6 19 17 5
5 0 0 0 4 17 18 13 1
6 0 0 0 2 7 10 21 19 4
7 0 0 0 8 9 10 6 2
8 0 0 0 2 3 24 11 9 7
9 0 0 0 7 8 11 22 10
10 0 0 0 9 22 21 6 7
11 0 0 0 8 24 15 22 9
12 0 0 0 13 14 15 24 3 1
13 0 0 0 1 5 18 16 14 12
14 0 0 0 12 13 16 20 23 15
15 0 0 0 14 23 22 11 24 12
16 0 0 0 13 18 17 19 20 14
17 0 0 0 18 5 4 19 16
18 0 0 0 16 13 5 17
19 0 0 0 16 17 4 6 21 20
20 0 0 0 19 21 23 14 16
21 0 0 0 6 10 22 23 20 19
22 0 0 0 10 9 11 15 23 21
23 0 0 0 15 14 20 21 22
24 0 0 0 11 8 3 12 15
0
