>>writegraph3d planar <<
1 0 0 0 2 4 5 24 15 3
2 0 0 0 3 8 7 6 4 1
3 0 0 0 1 15 13 12 8 2
4 0 0 0 1 2 6 16 5
5 0 0 0 4 16 23 24 1
6 0 0 0 2 7 17 16 4
7 0 0 0 8 9 10 17 6 2
8 0 0 0 2 3 12 11 9 7
9 0 0 0 7 8 11 21 10
10 0 0 0 9 21 14 19 17 7
11 0 0 0 8 12 21 9
12 0 0 0 3 13 14 21 11 8
13 0 0 0 12 3 15 22 20 14
14 0 0 0 13 20 19 10 21 12
15 0 0 0 3 1 24 22 13
16 0 0 0 6 17 18 23 5 4
17 0 0 0 16 6 7 10 19 18
18 0 0 0 17 19 20 22 23 16
19 0 0 0 10 14 20 18 17
20 0 0 0 14 13 22 18 19
21 0 0 0 10 9 11 12 14
22 0 0 0 13 15 24 23 18 20
23 0 0 0 22 24 5 16 18
24 0 0 0 1 5 23 22 15
0
