>>writegraph3d planar <<
1 0 0 0 3 4 8 9 5 2
2 0 0 0 1 5 10 11 6 3
3 0 0 0 2 6 12 7 4 1
4 0 0 0 3 7 13 8 1
5 0 0 0 1 9 14 15 10 2
6 0 0 0 2 11 16 17 12 3
7 0 0 0 3 12 18 13 4
8 0 0 0 4 13 19 9 1
9 0 0 0 1 8 19 14 5
10 0 0 0 5 15 20 11 2
11 0 0 0 2 10 20 21 16 6
12 0 0 0 6 17 22 18 7 3
13 0 0 0 7 18 14 19 8 4
14 0 0 0 9 19 13 18 15 5
15 0 0 0 5 14 18 22 20 10
16 0 0 0 11 21 17 6
17 0 0 0 6 16 21 22 12
18 0 0 0 12 22 15 14 13 7
19 0 0 0 13 14 9 8
20 0 0 0 15 22 21 11 10
21 0 0 0 11 20 22 17 16
22 0 0 0 17 21 20 15 18 12
0
