>>writegraph3d planar <<
1 0 0 0 3 2 5 9 8 4
2 0 0 0 1 3 6 11 10 5
3 0 0 0 2 1 4 7 12 6
4 0 0 0 3 1 8 14 13 7
5 0 0 0 1 2 10 16 15 9
6 0 0 0 2 3 12 18 17 11
7 0 0 0 3 4 13 20 19 12
8 0 0 0 4 1 9 22 21 14
9 0 0 0 1 5 15 23 22 8
10 0 0 0 5 2 11 25 24 16
11 0 0 0 2 6 17 26 25 10
12 0 0 0 6 3 7 19 27 18
13 0 0 0 7 4 14 19 20
14 0 0 0 4 8 21 27 19 13
15 0 0 0 9 5 16 28 24 23
16 0 0 0 5 10 24 28 15
17 0 0 0 11 6 18 21 22 26
18 0 0 0 6 12 27 21 17
19 0 0 0 12 7 20 13 14 27
20 0 0 0 7 13 19
21 0 0 0 14 8 22 17 18 27
22 0 0 0 8 9 23 26 17 21
23 0 0 0 9 15 24 25 26 22
24 0 0 0 16 10 25 23 15 28
25 0 0 0 10 11 26 23 24
26 0 0 0 11 17 22 23 25
27 0 0 0 12 19 14 21 18
28 0 0 0 15 16 24
0
