>>writegraph3d planar <<
1 0 0 0 3 4 8 5 2
2 0 0 0 1 5 9 6 3
3 0 0 0 2 6 10 7 4 1
4 0 0 0 3 7 11 12 8 1
5 0 0 0 1 8 13 14 9 2
6 0 0 0 2 9 15 16 10 3
7 0 0 0 3 10 17 11 4
8 0 0 0 4 12 18 13 5 1
9 0 0 0 5 14 19 15 6 2
10 0 0 0 6 16 20 17 7 3
11 0 0 0 7 17 21 22 12 4
12 0 0 0 4 11 22 18 8
13 0 0 0 8 18 23 24 14 5
14 0 0 0 5 13 24 19 9
15 0 0 0 9 19 25 16 6
16 0 0 0 6 15 25 20 10
17 0 0 0 10 20 21 11 7
18 0 0 0 12 22 23 13 8
19 0 0 0 14 24 26 25 15 9
20 0 0 0 16 25 27 21 17 10
21 0 0 0 17 20 27 28 22 11
22 0 0 0 11 21 28 23 18 12
23 0 0 0 18 22 28 26 24 13
24 0 0 0 13 23 26 19 14
25 0 0 0 19 26 27 20 16 15
26 0 0 0 24 23 28 27 25 19
27 0 0 0 25 26 28 21 20
28 0 0 0 21 27 26 23 22
0
