>>writegraph3d planar <<
1 0 0 0 3 2 5 9 8 4
2 0 0 0 1 3 6 11 10 5
3 0 0 0 2 1 4 7 12 6
4 0 0 0 3 1 8 13 7
5 0 0 0 1 2 10 15 14 9
6 0 0 0 2 3 12 16 11
7 0 0 0 3 4 18 17 12
8 0 0 0 4 1 9 20 19 13
9 0 0 0 1 5 14 21 20 8
10 0 0 0 5 2 11 23 22 15
11 0 0 0 2 6 16 24 23 10
12 0 0 0 6 3 7 17 24 16
13 0 0 0 4 8 19 27 26
14 0 0 0 9 5 15 29 28 21
15 0 0 0 5 10 22 30 29 14
16 0 0 0 11 6 12 24
17 0 0 0 12 7 18 31 23 24
18 0 0 0 7 25 32 31 17
19 0 0 0 13 8 20 34 33 27
20 0 0 0 8 9 21 34 19
21 0 0 0 9 14 28 33 34 20
22 0 0 0 15 10 23 31 35 30
23 0 0 0 10 11 24 17 31 22
24 0 0 0 11 16 12 17 23
25 0 0 0 18 26 37 36 32
26 0 0 0 13 27 38 37 25
27 0 0 0 13 19 33 28 38 26
28 0 0 0 21 14 29 38 27 33
29 0 0 0 14 15 30 39 38 28
30 0 0 0 15 22 35 40 39 29
31 0 0 0 17 18 32 35 22 23
32 0 0 0 18 25 36 41 35 31
33 0 0 0 27 19 34 21 28
34 0 0 0 19 20 21 33
35 0 0 0 30 22 31 32 41 40
36 0 0 0 32 25 37 43 42 41
37 0 0 0 25 26 38 39 43 36
38 0 0 0 26 27 28 29 39 37
39 0 0 0 29 30 40 43 37 38
40 0 0 0 30 35 41 42 43 39
41 0 0 0 32 36 42 40 35
42 0 0 0 41 36 43 40
43 0 0 0 36 37 39 40 42
0
