>>writegraph3d planar <<
1 0 0 0 3 2 5 9 8 4
2 0 0 0 1 3 6 11 10 5
3 0 0 0 2 1 4 7 12 6
4 0 0 0 3 1 8 14 13 7
5 0 0 0 1 2 10 16 15 9
6 0 0 0 2 3 12 18 17 11
7 0 0 0 3 4 13 20 19 12
8 0 0 0 4 1 9 22 21 14
9 0 0 0 1 5 15 23 22 8
10 0 0 0 5 2 11 25 24 16
11 0 0 0 2 6 17 26 25 10
12 0 0 0 6 3 7 19 27 18
13 0 0 0 7 4 14 28 20
14 0 0 0 4 8 21 29 28 13
15 0 0 0 9 5 16 31 30 23
16 0 0 0 5 10 24 31 15
17 0 0 0 11 6 18 32 26
18 0 0 0 6 12 27 32 17
19 0 0 0 12 7 20 34 33 27
20 0 0 0 7 13 28 34 19
21 0 0 0 14 8 22 36 35 29
22 0 0 0 8 9 23 36 21
23 0 0 0 9 15 30 37 36 22
24 0 0 0 16 10 25 38 31
25 0 0 0 10 11 26 39 38 24
26 0 0 0 11 17 32 40 39 25
27 0 0 0 18 12 19 33 40 32
28 0 0 0 20 13 14 29 41 34
29 0 0 0 14 21 35 42 41 28
30 0 0 0 23 15 31 43 42 37
31 0 0 0 15 16 24 38 43 30
32 0 0 0 26 17 18 27 40
33 0 0 0 27 19 34 44 39 40
34 0 0 0 19 20 28 41 44 33
35 0 0 0 29 21 36 37 42
36 0 0 0 21 22 23 37 35
37 0 0 0 23 30 42 35 36
38 0 0 0 31 24 25 39 44 43
39 0 0 0 25 26 40 33 44 38
40 0 0 0 26 32 27 33 39
41 0 0 0 34 28 29 42 43 44
42 0 0 0 29 35 37 30 43 41
43 0 0 0 30 31 38 44 41 42
44 0 0 0 33 34 41 43 38 39
0
