>>writegraph3d planar <<
1 0 0 0 3 2 5 9 8 4
2 0 0 0 1 3 6 11 10 5
3 0 0 0 2 1 4 7 12 6
4 0 0 0 3 1 8 14 13 7
5 0 0 0 1 2 10 16 15 9
6 0 0 0 2 3 12 17 11
7 0 0 0 3 4 13 19 18 12
8 0 0 0 4 1 9 21 20 14
9 0 0 0 1 5 15 22 21 8
10 0 0 0 5 2 11 24 23 16
11 0 0 0 2 6 17 25 24 10
12 0 0 0 6 3 7 18 25 17
13 0 0 0 7 4 14 27 26 19
14 0 0 0 4 8 20 28 27 13
15 0 0 0 9 5 16 30 29 22
16 0 0 0 5 10 23 31 30 15
17 0 0 0 11 6 12 25
18 0 0 0 12 7 19 32 24 25
19 0 0 0 7 13 26 33 32 18
20 0 0 0 14 8 21 35 34 28
21 0 0 0 8 9 22 35 20
22 0 0 0 9 15 29 34 35 21
23 0 0 0 16 10 24 32 36 31
24 0 0 0 10 11 25 18 32 23
25 0 0 0 11 17 12 18 24
26 0 0 0 19 13 27 38 37 33
27 0 0 0 13 14 28 39 38 26
28 0 0 0 14 20 34 29 39 27
29 0 0 0 22 15 30 39 28 34
30 0 0 0 15 16 31 40 39 29
31 0 0 0 16 23 36 41 40 30
32 0 0 0 18 19 33 36 23 24
33 0 0 0 19 26 37 42 36 32
34 0 0 0 28 20 35 22 29
35 0 0 0 20 21 22 34
36 0 0 0 31 23 32 33 42 41
37 0 0 0 33 26 38 44 43 42
38 0 0 0 26 27 39 40 44 37
39 0 0 0 27 28 29 30 40 38
40 0 0 0 30 31 41 44 38 39
41 0 0 0 31 36 42 43 44 40
42 0 0 0 33 37 43 41 36
43 0 0 0 42 37 44 41
44 0 0 0 37 38 40 41 43
0
