>>writegraph3d planar <<
1 0 0 0 3 4 8 5 2
2 0 0 0 1 5 9 10 6 3
3 0 0 0 2 6 11 7 4 1
4 0 0 0 3 7 12 5 8 1
5 0 0 0 1 8 4 12 9 2
6 0 0 0 2 10 13 14 11 3
7 0 0 0 3 11 15 16 12 4
8 0 0 0 4 5 1
9 0 0 0 5 12 17 18 10 2
10 0 0 0 2 9 18 19 13 6
11 0 0 0 6 14 20 15 7 3
12 0 0 0 7 16 17 9 5 4
13 0 0 0 10 19 21 22 14 6
14 0 0 0 6 13 22 21 20 11
15 0 0 0 11 20 23 24 16 7
16 0 0 0 7 15 24 25 17 12
17 0 0 0 12 16 25 26 18 9
18 0 0 0 9 17 26 23 19 10
19 0 0 0 10 18 23 20 21 13
20 0 0 0 14 21 19 23 15 11
21 0 0 0 19 20 14 22 13
22 0 0 0 13 21 14
23 0 0 0 20 19 18 26 24 15
24 0 0 0 15 23 26 27 25 16
25 0 0 0 16 24 27 26 17
26 0 0 0 17 25 27 24 23 18
27 0 0 0 24 26 25
0
