>>writegraph3d planar <<
1 0 0 0 3 4 8 9 5 2
2 0 0 0 1 5 10 11 6 3
3 0 0 0 2 6 12 7 4 1
4 0 0 0 3 7 13 14 8 1
5 0 0 0 1 9 15 16 10 2
6 0 0 0 2 11 17 18 12 3
7 0 0 0 3 12 19 20 13 4
8 0 0 0 4 14 21 22 9 1
9 0 0 0 1 8 22 23 15 5
10 0 0 0 5 16 24 25 11 2
11 0 0 0 2 10 25 26 17 6
12 0 0 0 6 18 27 19 7 3
13 0 0 0 7 20 28 29 14 4
14 0 0 0 4 13 29 30 21 8
15 0 0 0 9 23 31 32 16 5
16 0 0 0 5 15 32 33 24 10
17 0 0 0 11 26 34 35 18 6
18 0 0 0 6 17 35 36 27 12
19 0 0 0 12 27 37 38 20 7
20 0 0 0 7 19 38 39 28 13
21 0 0 0 14 30 40 41 22 8
22 0 0 0 8 21 41 42 23 9
23 0 0 0 9 22 42 43 31 15
24 0 0 0 16 33 44 45 25 10
25 0 0 0 10 24 45 46 26 11
26 0 0 0 11 25 46 47 34 17
27 0 0 0 18 36 48 37 19 12
28 0 0 0 20 39 49 50 29 13
29 0 0 0 13 28 50 51 30 14
30 0 0 0 14 29 51 52 40 21
31 0 0 0 23 43 53 54 32 15
32 0 0 0 15 31 54 55 33 16
33 0 0 0 16 32 55 56 44 24
34 0 0 0 26 47 57 58 35 17
35 0 0 0 17 34 58 59 36 18
36 0 0 0 18 35 59 60 48 27
37 0 0 0 27 48 61 62 38 19
38 0 0 0 19 37 62 63 39 20
39 0 0 0 20 38 63 64 49 28
40 0 0 0 30 52 65 66 41 21
41 0 0 0 21 40 66 67 42 22
42 0 0 0 22 41 67 68 43 23
43 0 0 0 23 42 68 65 53 31
44 0 0 0 33 56 69 70 45 24
45 0 0 0 24 44 70 71 46 25
46 0 0 0 25 45 71 72 47 26
47 0 0 0 26 46 72 69 57 34
48 0 0 0 36 60 64 61 37 27
49 0 0 0 39 64 60 73 50 28
50 0 0 0 28 49 73 74 51 29
51 0 0 0 29 50 74 75 52 30
52 0 0 0 30 51 75 53 65 40
53 0 0 0 43 65 52 75 54 31
54 0 0 0 31 53 75 76 55 32
55 0 0 0 32 54 76 77 56 33
56 0 0 0 33 55 77 57 69 44
57 0 0 0 47 69 56 77 58 34
58 0 0 0 34 57 77 78 59 35
59 0 0 0 35 58 78 73 60 36
60 0 0 0 36 59 73 49 64 48
61 0 0 0 48 64 63 79 62 37
62 0 0 0 37 61 79 63 38
63 0 0 0 38 62 79 61 64 39
64 0 0 0 39 63 61 48 60 49
65 0 0 0 52 53 43 68 66 40
66 0 0 0 40 65 68 80 67 41
67 0 0 0 41 66 80 68 42
68 0 0 0 42 67 80 66 65 43
69 0 0 0 56 57 47 72 70 44
70 0 0 0 44 69 72 81 71 45
71 0 0 0 45 70 81 72 46
72 0 0 0 46 71 81 70 69 47
73 0 0 0 49 60 59 78 74 50
74 0 0 0 50 73 78 76 75 51
75 0 0 0 51 74 76 54 53 52
76 0 0 0 54 75 74 78 77 55
77 0 0 0 55 76 78 58 57 56
78 0 0 0 58 77 76 74 73 59
79 0 0 0 61 63 62
80 0 0 0 66 68 67
81 0 0 0 70 72 71
0
