>>writegraph3d planar <<
1 0 0 0 2 3 4
2 0 0 0 1 5 6
3 0 0 0 1 7 8
4 0 0 0 1 9 10
5 0 0 0 2 11 12
6 0 0 0 2 13 14
7 0 0 0 3 14 15
8 0 0 0 3 16 9
9 0 0 0 4 8 17
10 0 0 0 4 18 11
11 0 0 0 5 10 19
12 0 0 0 5 20 21
13 0 0 0 6 21 22
14 0 0 0 6 23 7
15 0 0 0 7 24 16
16 0 0 0 8 15 25
17 0 0 0 9 25 26
18 0 0 0 10 26 27
19 0 0 0 11 28 29
20 0 0 0 12 29 30
21 0 0 0 12 31 13
22 0 0 0 13 27 32
23 0 0 0 14 32 24
24 0 0 0 15 23 33
25 0 0 0 16 33 17
26 0 0 0 17 34 18
27 0 0 0 18 22 28
28 0 0 0 19 27 31
29 0 0 0 19 35 20
30 0 0 0 20 35 36
31 0 0 0 21 36 28
32 0 0 0 22 34 23
33 0 0 0 24 34 25
34 0 0 0 26 33 32
35 0 0 0 29 36 30
36 0 0 0 30 35 31
0
