>>writegraph3d planar <<
1 0 0 0 2 3 4
2 0 0 0 1 5 6
3 0 0 0 1 7 8
4 0 0 0 1 9 10
5 0 0 0 2 11 12
6 0 0 0 2 13 14
7 0 0 0 3 14 15
8 0 0 0 3 16 17
9 0 0 0 4 17 18
10 0 0 0 4 19 11
11 0 0 0 5 10 20
12 0 0 0 5 20 21
13 0 0 0 6 21 19
14 0 0 0 6 22 7
15 0 0 0 7 23 24
16 0 0 0 8 24 25
17 0 0 0 8 26 9
18 0 0 0 9 27 28
19 0 0 0 10 28 13
20 0 0 0 11 21 12
21 0 0 0 12 20 13
22 0 0 0 14 28 29
23 0 0 0 15 29 30
24 0 0 0 15 31 16
25 0 0 0 16 32 33
26 0 0 0 17 33 34
27 0 0 0 18 34 35
28 0 0 0 18 22 19
29 0 0 0 22 35 23
30 0 0 0 23 36 31
31 0 0 0 24 30 37
32 0 0 0 25 37 38
33 0 0 0 25 39 26
34 0 0 0 26 40 27
35 0 0 0 27 41 29
36 0 0 0 30 41 42
37 0 0 0 31 42 32
38 0 0 0 32 43 39
39 0 0 0 33 38 40
40 0 0 0 34 39 44
41 0 0 0 35 44 36
42 0 0 0 36 43 37
43 0 0 0 38 42 44
44 0 0 0 40 43 41
0
