>>writegraph3d planar <<
1 0 0 0 2 3 4
2 0 0 0 1 5 6
3 0 0 0 1 7 8
4 0 0 0 1 9 10
5 0 0 0 2 11 12
6 0 0 0 2 13 14
7 0 0 0 3 14 15
8 0 0 0 3 16 17
9 0 0 0 4 17 18
10 0 0 0 4 19 11
11 0 0 0 5 10 20
12 0 0 0 5 21 22
13 0 0 0 6 22 23
14 0 0 0 6 23 7
15 0 0 0 7 23 24
16 0 0 0 8 24 25
17 0 0 0 8 26 9
18 0 0 0 9 27 19
19 0 0 0 10 18 28
20 0 0 0 11 28 21
21 0 0 0 12 20 29
22 0 0 0 12 30 13
23 0 0 0 13 15 14
24 0 0 0 15 30 16
25 0 0 0 16 31 26
26 0 0 0 17 25 27
27 0 0 0 18 26 32
28 0 0 0 19 32 20
29 0 0 0 21 31 30
30 0 0 0 22 29 24
31 0 0 0 25 29 32
32 0 0 0 27 31 28
0
