>>writegraph3d planar <<
1 0 0 0 2 3 4
2 0 0 0 1 5 6
3 0 0 0 1 7 8
4 0 0 0 1 9 10
5 0 0 0 2 10 11
6 0 0 0 2 12 13
7 0 0 0 3 13 14
8 0 0 0 3 15 16
9 0 0 0 4 16 17
10 0 0 0 4 18 5
11 0 0 0 5 19 20
12 0 0 0 6 20 21
13 0 0 0 6 21 7
14 0 0 0 7 21 22
15 0 0 0 8 22 23
16 0 0 0 8 24 9
17 0 0 0 9 25 18
18 0 0 0 10 17 26
19 0 0 0 11 26 27
20 0 0 0 11 28 12
21 0 0 0 12 14 13
22 0 0 0 14 28 15
23 0 0 0 15 29 24
24 0 0 0 16 23 25
25 0 0 0 17 24 30
26 0 0 0 18 30 19
27 0 0 0 19 29 28
28 0 0 0 20 27 22
29 0 0 0 23 27 30
30 0 0 0 25 29 26
0
