>>writegraph3d planar <<
1 0 0 0 2 3 4
2 0 0 0 1 5 6
3 0 0 0 1 7 8
4 0 0 0 1 9 10
5 0 0 0 2 11 12
6 0 0 0 2 13 14
7 0 0 0 3 14 15
8 0 0 0 3 16 17
9 0 0 0 4 17 18
10 0 0 0 4 19 11
11 0 0 0 5 10 20
12 0 0 0 5 21 13
13 0 0 0 6 12 22
14 0 0 0 6 23 7
15 0 0 0 7 24 25
16 0 0 0 8 25 26
17 0 0 0 8 27 9
18 0 0 0 9 28 29
19 0 0 0 10 29 30
20 0 0 0 11 30 21
21 0 0 0 12 20 31
22 0 0 0 13 31 23
23 0 0 0 14 22 24
24 0 0 0 15 23 32
25 0 0 0 15 33 16
26 0 0 0 16 34 35
27 0 0 0 17 35 36
28 0 0 0 18 36 37
29 0 0 0 18 38 19
30 0 0 0 19 39 20
31 0 0 0 21 39 22
32 0 0 0 24 40 33
33 0 0 0 25 32 34
34 0 0 0 26 33 41
35 0 0 0 26 42 27
36 0 0 0 27 43 28
37 0 0 0 28 44 38
38 0 0 0 29 37 39
39 0 0 0 30 38 31
40 0 0 0 32 44 41
41 0 0 0 34 40 42
42 0 0 0 35 41 43
43 0 0 0 36 42 44
44 0 0 0 37 43 40
0
