>>writegraph3d planar <<
1 0 0 0 2 3 4
2 0 0 0 1 5 6
3 0 0 0 1 7 8
4 0 0 0 1 9 10
5 0 0 0 2 11 12
6 0 0 0 2 13 14
7 0 0 0 3 14 15
8 0 0 0 3 16 17
9 0 0 0 4 17 18
10 0 0 0 4 19 11
11 0 0 0 5 10 20
12 0 0 0 5 21 13
13 0 0 0 6 12 22
14 0 0 0 6 23 7
15 0 0 0 7 24 25
16 0 0 0 8 25 26
17 0 0 0 8 27 9
18 0 0 0 9 28 29
19 0 0 0 10 29 30
20 0 0 0 11 30 21
21 0 0 0 12 20 31
22 0 0 0 13 31 32
23 0 0 0 14 33 24
24 0 0 0 15 23 34
25 0 0 0 15 35 16
26 0 0 0 16 36 37
27 0 0 0 17 37 38
28 0 0 0 18 38 32
29 0 0 0 18 39 19
30 0 0 0 19 40 20
31 0 0 0 21 40 22
32 0 0 0 22 39 28
33 0 0 0 23 41 42
34 0 0 0 24 42 35
35 0 0 0 25 34 43
36 0 0 0 26 43 44
37 0 0 0 26 45 27
38 0 0 0 27 46 28
39 0 0 0 29 32 40
40 0 0 0 30 39 31
41 0 0 0 33 46 47
42 0 0 0 33 48 34
43 0 0 0 35 48 36
44 0 0 0 36 47 45
45 0 0 0 37 44 46
46 0 0 0 38 45 41
47 0 0 0 41 44 48
48 0 0 0 42 47 43
0
