>>writegraph3d planar <<
1 0 0 0 2 3 4
2 0 0 0 1 5 6
3 0 0 0 1 7 8
4 0 0 0 1 9 10
5 0 0 0 2 11 12
6 0 0 0 2 13 14
7 0 0 0 3 15 16
8 0 0 0 3 17 18
9 0 0 0 4 18 19
10 0 0 0 4 20 11
11 0 0 0 5 10 21
12 0 0 0 5 22 13
13 0 0 0 6 12 23
14 0 0 0 6 24 25
15 0 0 0 7 26 27
16 0 0 0 7 28 29
17 0 0 0 8 29 30
18 0 0 0 8 31 9
19 0 0 0 9 32 33
20 0 0 0 10 33 34
21 0 0 0 11 34 22
22 0 0 0 12 21 35
23 0 0 0 13 35 24
24 0 0 0 14 23 36
25 0 0 0 14 37 32
26 0 0 0 15 38 39
27 0 0 0 15 40 28
28 0 0 0 16 27 41
29 0 0 0 16 42 17
30 0 0 0 17 43 44
31 0 0 0 18 44 38
32 0 0 0 19 38 25
33 0 0 0 19 37 20
34 0 0 0 20 45 21
35 0 0 0 22 45 23
36 0 0 0 24 45 37
37 0 0 0 25 36 33
38 0 0 0 26 32 31
39 0 0 0 26 46 40
40 0 0 0 27 39 47
41 0 0 0 28 47 42
42 0 0 0 29 41 43
43 0 0 0 30 42 48
44 0 0 0 30 46 31
45 0 0 0 34 36 35
46 0 0 0 39 44 48
47 0 0 0 40 48 41
48 0 0 0 43 47 46
0
