>>writegraph3d planar <<
1 0 0 0 2 3 4
2 0 0 0 1 5 6
3 0 0 0 1 7 8
4 0 0 0 1 9 10
5 0 0 0 2 11 12
6 0 0 0 2 13 7
7 0 0 0 3 6 14
8 0 0 0 3 15 16
9 0 0 0 4 16 17
10 0 0 0 4 18 11
11 0 0 0 5 10 19
12 0 0 0 5 20 13
13 0 0 0 6 12 21
14 0 0 0 7 22 23
15 0 0 0 8 23 24
16 0 0 0 8 25 9
17 0 0 0 9 26 27
18 0 0 0 10 27 28
19 0 0 0 11 28 20
20 0 0 0 12 19 29
21 0 0 0 13 29 30
22 0 0 0 14 31 32
23 0 0 0 14 33 15
24 0 0 0 15 34 35
25 0 0 0 16 35 36
26 0 0 0 17 36 30
27 0 0 0 17 37 18
28 0 0 0 18 38 19
29 0 0 0 20 38 21
30 0 0 0 21 37 26
31 0 0 0 22 39 40
32 0 0 0 22 41 33
33 0 0 0 23 32 42
34 0 0 0 24 42 43
35 0 0 0 24 44 25
36 0 0 0 25 39 26
37 0 0 0 27 30 38
38 0 0 0 28 37 29
39 0 0 0 31 36 45
40 0 0 0 31 46 41
41 0 0 0 32 40 47
42 0 0 0 33 47 34
43 0 0 0 34 48 44
44 0 0 0 35 43 45
45 0 0 0 39 44 46
46 0 0 0 40 45 48
47 0 0 0 41 48 42
48 0 0 0 43 47 46
0
