>>writegraph3d planar <<
1 0 0 0 2 3 4
2 0 0 0 1 5 6
3 0 0 0 1 7 8
4 0 0 0 1 9 10
5 0 0 0 2 11 12
6 0 0 0 2 13 14
7 0 0 0 3 14 15
8 0 0 0 3 16 17
9 0 0 0 4 17 18
10 0 0 0 4 19 11
11 0 0 0 5 10 20
12 0 0 0 5 21 13
13 0 0 0 6 12 22
14 0 0 0 6 23 7
15 0 0 0 7 24 25
16 0 0 0 8 25 26
17 0 0 0 8 27 9
18 0 0 0 9 28 29
19 0 0 0 10 29 30
20 0 0 0 11 30 31
21 0 0 0 12 31 32
22 0 0 0 13 32 23
23 0 0 0 14 22 33
24 0 0 0 15 34 35
25 0 0 0 15 36 16
26 0 0 0 16 37 38
27 0 0 0 17 38 39
28 0 0 0 18 39 34
29 0 0 0 18 40 19
30 0 0 0 19 41 20
31 0 0 0 20 42 21
32 0 0 0 21 43 22
33 0 0 0 23 43 40
34 0 0 0 24 28 44
35 0 0 0 24 45 36
36 0 0 0 25 35 37
37 0 0 0 26 36 46
38 0 0 0 26 47 27
39 0 0 0 27 48 28
40 0 0 0 29 33 41
41 0 0 0 30 40 42
42 0 0 0 31 41 43
43 0 0 0 32 42 33
44 0 0 0 34 48 45
45 0 0 0 35 44 46
46 0 0 0 37 45 47
47 0 0 0 38 46 48
48 0 0 0 39 47 44
0
