>>writegraph3d planar <<
1 0 0 0 2 3 4
2 0 0 0 1 5 6
3 0 0 0 1 7 8
4 0 0 0 1 9 10
5 0 0 0 2 10 11
6 0 0 0 2 12 13
7 0 0 0 3 13 14
8 0 0 0 3 15 16
9 0 0 0 4 16 17
10 0 0 0 4 18 5
11 0 0 0 5 19 20
12 0 0 0 6 20 21
13 0 0 0 6 22 7
14 0 0 0 7 23 24
15 0 0 0 8 24 25
16 0 0 0 8 26 9
17 0 0 0 9 27 28
18 0 0 0 10 28 29
19 0 0 0 11 29 30
20 0 0 0 11 31 12
21 0 0 0 12 32 22
22 0 0 0 13 21 33
23 0 0 0 14 34 35
24 0 0 0 14 36 15
25 0 0 0 15 37 38
26 0 0 0 16 38 39
27 0 0 0 17 39 34
28 0 0 0 17 40 18
29 0 0 0 18 41 19
30 0 0 0 19 42 31
31 0 0 0 20 30 32
32 0 0 0 21 31 43
33 0 0 0 22 43 40
34 0 0 0 23 27 44
35 0 0 0 23 45 36
36 0 0 0 24 35 37
37 0 0 0 25 36 46
38 0 0 0 25 47 26
39 0 0 0 26 48 27
40 0 0 0 28 33 41
41 0 0 0 29 40 42
42 0 0 0 30 41 43
43 0 0 0 32 42 33
44 0 0 0 34 48 45
45 0 0 0 35 44 46
46 0 0 0 37 45 47
47 0 0 0 38 46 48
48 0 0 0 39 47 44
0
