>>writegraph3d planar <<
1 0 0 0 2 3 4
2 0 0 0 1 5 6
3 0 0 0 1 7 8
4 0 0 0 1 9 10
5 0 0 0 2 11 12
6 0 0 0 2 13 14
7 0 0 0 3 15 13
8 0 0 0 3 16 17
9 0 0 0 4 17 18
10 0 0 0 4 19 11
11 0 0 0 5 10 20
12 0 0 0 5 21 22
13 0 0 0 6 22 7
14 0 0 0 6 23 24
15 0 0 0 7 25 23
16 0 0 0 8 22 26
17 0 0 0 8 27 9
18 0 0 0 9 28 19
19 0 0 0 10 18 29
20 0 0 0 11 29 21
21 0 0 0 12 20 30
22 0 0 0 12 16 13
23 0 0 0 14 15 31
24 0 0 0 14 32 33
25 0 0 0 15 34 35
26 0 0 0 16 30 27
27 0 0 0 17 26 28
28 0 0 0 18 27 36
29 0 0 0 19 36 20
30 0 0 0 21 36 26
31 0 0 0 23 37 38
32 0 0 0 24 38 39
33 0 0 0 24 40 34
34 0 0 0 25 33 41
35 0 0 0 25 42 37
36 0 0 0 28 30 29
37 0 0 0 31 35 43
38 0 0 0 31 44 32
39 0 0 0 32 45 40
40 0 0 0 33 39 46
41 0 0 0 34 46 42
42 0 0 0 35 41 47
43 0 0 0 37 47 44
44 0 0 0 38 43 45
45 0 0 0 39 44 48
46 0 0 0 40 48 41
47 0 0 0 42 48 43
48 0 0 0 45 47 46
0
