>>writegraph3d planar <<
1 0 0 0 2 3 4
2 0 0 0 1 5 6
3 0 0 0 1 7 8
4 0 0 0 1 9 10
5 0 0 0 2 10 11
6 0 0 0 2 12 13
7 0 0 0 3 13 14
8 0 0 0 3 15 9
9 0 0 0 4 8 16
10 0 0 0 4 17 5
11 0 0 0 5 18 19
12 0 0 0 6 19 20
13 0 0 0 6 21 7
14 0 0 0 7 20 22
15 0 0 0 8 22 23
16 0 0 0 9 23 17
17 0 0 0 10 16 18
18 0 0 0 11 17 24
19 0 0 0 11 25 12
20 0 0 0 12 14 26
21 0 0 0 13 26 27
22 0 0 0 14 25 15
23 0 0 0 15 24 16
24 0 0 0 18 23 25
25 0 0 0 19 24 22
26 0 0 0 20 28 21
27 0 0 0 21 29 30
28 0 0 0 26 31 32
29 0 0 0 27 32 33
30 0 0 0 27 34 35
31 0 0 0 28 35 36
32 0 0 0 28 37 29
33 0 0 0 29 38 39
34 0 0 0 30 39 40
35 0 0 0 30 41 31
36 0 0 0 31 42 43
37 0 0 0 32 43 38
38 0 0 0 33 37 44
39 0 0 0 33 45 34
40 0 0 0 34 46 41
41 0 0 0 35 40 42
42 0 0 0 36 41 47
43 0 0 0 36 48 37
44 0 0 0 38 48 45
45 0 0 0 39 44 46
46 0 0 0 40 45 47
47 0 0 0 42 46 48
48 0 0 0 43 47 44
0
