>>writegraph3d planar <<
1 0 0 0 2 3 4
2 0 0 0 1 5 6
3 0 0 0 1 7 8
4 0 0 0 1 9 10
5 0 0 0 2 11 12
6 0 0 0 2 13 14
7 0 0 0 3 14 15
8 0 0 0 3 16 17
9 0 0 0 4 17 18
10 0 0 0 4 19 11
11 0 0 0 5 10 20
12 0 0 0 5 21 13
13 0 0 0 6 12 22
14 0 0 0 6 23 7
15 0 0 0 7 24 25
16 0 0 0 8 25 26
17 0 0 0 8 27 9
18 0 0 0 9 23 28
19 0 0 0 10 28 29
20 0 0 0 11 29 21
21 0 0 0 12 20 30
22 0 0 0 13 30 31
23 0 0 0 14 31 18
24 0 0 0 15 32 33
25 0 0 0 15 34 16
26 0 0 0 16 35 36
27 0 0 0 17 36 37
28 0 0 0 18 38 19
29 0 0 0 19 39 20
30 0 0 0 21 39 22
31 0 0 0 22 38 23
32 0 0 0 24 37 40
33 0 0 0 24 41 34
34 0 0 0 25 33 42
35 0 0 0 26 42 43
36 0 0 0 26 44 27
37 0 0 0 27 45 32
38 0 0 0 28 31 39
39 0 0 0 29 38 30
40 0 0 0 32 46 41
41 0 0 0 33 40 47
42 0 0 0 34 47 35
43 0 0 0 35 48 44
44 0 0 0 36 43 45
45 0 0 0 37 44 46
46 0 0 0 40 45 48
47 0 0 0 41 48 42
48 0 0 0 43 47 46
0
