>>writegraph3d planar <<
1 0 0 0 2 3 4
2 0 0 0 1 5 6
3 0 0 0 1 7 8
4 0 0 0 1 9 10
5 0 0 0 2 11 12
6 0 0 0 2 13 14
7 0 0 0 3 15 16
8 0 0 0 3 17 18
9 0 0 0 4 18 19
10 0 0 0 4 20 11
11 0 0 0 5 10 21
12 0 0 0 5 22 13
13 0 0 0 6 12 23
14 0 0 0 6 24 19
15 0 0 0 7 25 26
16 0 0 0 7 27 28
17 0 0 0 8 28 29
18 0 0 0 8 30 9
19 0 0 0 9 14 31
20 0 0 0 10 31 32
21 0 0 0 11 32 22
22 0 0 0 12 21 33
23 0 0 0 13 33 24
24 0 0 0 14 23 34
25 0 0 0 15 30 35
26 0 0 0 15 36 27
27 0 0 0 16 26 37
28 0 0 0 16 38 17
29 0 0 0 17 39 40
30 0 0 0 18 40 25
31 0 0 0 19 34 20
32 0 0 0 20 41 21
33 0 0 0 22 41 23
34 0 0 0 24 41 31
35 0 0 0 25 42 36
36 0 0 0 26 35 43
37 0 0 0 27 43 38
38 0 0 0 28 37 39
39 0 0 0 29 38 44
40 0 0 0 29 42 30
41 0 0 0 32 34 33
42 0 0 0 35 40 44
43 0 0 0 36 44 37
44 0 0 0 39 43 42
0
