>>writegraph3d planar <<
1 0 0 0 2 3 4
2 0 0 0 1 5 6
3 0 0 0 1 7 8
4 0 0 0 1 9 10
5 0 0 0 2 11 12
6 0 0 0 2 13 14
7 0 0 0 3 14 15
8 0 0 0 3 16 17
9 0 0 0 4 17 18
10 0 0 0 4 19 20
11 0 0 0 5 21 22
12 0 0 0 5 23 13
13 0 0 0 6 12 24
14 0 0 0 6 25 7
15 0 0 0 7 26 16
16 0 0 0 8 15 27
17 0 0 0 8 28 9
18 0 0 0 9 29 19
19 0 0 0 10 18 30
20 0 0 0 10 31 32
21 0 0 0 11 26 33
22 0 0 0 11 34 23
23 0 0 0 12 22 35
24 0 0 0 13 35 36
25 0 0 0 14 36 37
26 0 0 0 15 37 21
27 0 0 0 16 32 38
28 0 0 0 17 38 39
29 0 0 0 18 39 40
30 0 0 0 19 40 31
31 0 0 0 20 30 41
32 0 0 0 20 42 27
33 0 0 0 21 43 34
34 0 0 0 22 33 44
35 0 0 0 23 44 24
36 0 0 0 24 45 25
37 0 0 0 25 43 26
38 0 0 0 27 46 28
39 0 0 0 28 47 29
40 0 0 0 29 48 30
41 0 0 0 31 48 42
42 0 0 0 32 41 46
43 0 0 0 33 37 45
44 0 0 0 34 45 35
45 0 0 0 36 44 43
46 0 0 0 38 42 47
47 0 0 0 39 46 48
48 0 0 0 40 47 41
0
