>>writegraph3d planar <<
1 0 0 0 2 3 4
2 0 0 0 1 5 6
3 0 0 0 1 7 8
4 0 0 0 1 9 10
5 0 0 0 2 11 12
6 0 0 0 2 13 14
7 0 0 0 3 14 15
8 0 0 0 3 16 9
9 0 0 0 4 8 17
10 0 0 0 4 18 19
11 0 0 0 5 20 21
12 0 0 0 5 22 13
13 0 0 0 6 12 23
14 0 0 0 6 24 7
15 0 0 0 7 25 16
16 0 0 0 8 15 26
17 0 0 0 9 27 28
18 0 0 0 10 28 29
19 0 0 0 10 30 31
20 0 0 0 11 25 32
21 0 0 0 11 33 22
22 0 0 0 12 21 34
23 0 0 0 13 34 35
24 0 0 0 14 35 36
25 0 0 0 15 36 20
26 0 0 0 16 37 27
27 0 0 0 17 26 38
28 0 0 0 17 39 18
29 0 0 0 18 40 30
30 0 0 0 19 29 41
31 0 0 0 19 42 37
32 0 0 0 20 43 33
33 0 0 0 21 32 44
34 0 0 0 22 44 23
35 0 0 0 23 45 24
36 0 0 0 24 43 25
37 0 0 0 26 31 46
38 0 0 0 27 46 47
39 0 0 0 28 47 40
40 0 0 0 29 39 48
41 0 0 0 30 48 42
42 0 0 0 31 41 49
43 0 0 0 32 36 45
44 0 0 0 33 45 34
45 0 0 0 35 44 43
46 0 0 0 37 49 38
47 0 0 0 38 50 39
48 0 0 0 40 50 41
49 0 0 0 42 50 46
50 0 0 0 47 49 48
0
