>>writegraph3d planar <<
1 0 0 0 2 3 4
2 0 0 0 1 5 6
3 0 0 0 1 7 8
4 0 0 0 1 9 10
5 0 0 0 2 10 11
6 0 0 0 2 12 7
7 0 0 0 3 6 13
8 0 0 0 3 14 9
9 0 0 0 4 8 15
10 0 0 0 4 16 5
11 0 0 0 5 17 18
12 0 0 0 6 18 19
13 0 0 0 7 20 21
14 0 0 0 8 21 22
15 0 0 0 9 23 24
16 0 0 0 10 25 26
17 0 0 0 11 26 27
18 0 0 0 11 28 12
19 0 0 0 12 29 30
20 0 0 0 13 31 32
21 0 0 0 13 33 14
22 0 0 0 14 34 23
23 0 0 0 15 22 35
24 0 0 0 15 36 31
25 0 0 0 16 30 37
26 0 0 0 16 38 17
27 0 0 0 17 39 40
28 0 0 0 18 40 29
29 0 0 0 19 28 41
30 0 0 0 19 42 25
31 0 0 0 20 24 43
32 0 0 0 20 44 33
33 0 0 0 21 32 45
34 0 0 0 22 45 46
35 0 0 0 23 46 36
36 0 0 0 24 35 47
37 0 0 0 25 48 38
38 0 0 0 26 37 39
39 0 0 0 27 38 49
40 0 0 0 27 50 28
41 0 0 0 29 50 42
42 0 0 0 30 41 48
43 0 0 0 31 47 44
44 0 0 0 32 43 51
45 0 0 0 33 51 34
46 0 0 0 34 52 35
47 0 0 0 36 52 43
48 0 0 0 37 42 49
49 0 0 0 39 48 50
50 0 0 0 40 49 41
51 0 0 0 44 52 45
52 0 0 0 46 51 47
0
