>>writegraph3d planar <<
1 0 0 0 2 3 4
2 0 0 0 1 5 6
3 0 0 0 1 7 8
4 0 0 0 1 9 10
5 0 0 0 2 10 11
6 0 0 0 2 12 7
7 0 0 0 3 6 13
8 0 0 0 3 14 9
9 0 0 0 4 8 15
10 0 0 0 4 16 5
11 0 0 0 5 17 12
12 0 0 0 6 11 18
13 0 0 0 7 18 14
14 0 0 0 8 13 19
15 0 0 0 9 19 16
16 0 0 0 10 15 20
17 0 0 0 11 21 22
18 0 0 0 12 23 13
19 0 0 0 14 24 15
20 0 0 0 16 24 25
21 0 0 0 17 26 27
22 0 0 0 17 28 23
23 0 0 0 18 22 24
24 0 0 0 19 23 20
25 0 0 0 20 28 29
26 0 0 0 21 30 31
27 0 0 0 21 32 28
28 0 0 0 22 27 25
29 0 0 0 25 32 33
30 0 0 0 26 34 35
31 0 0 0 26 36 32
32 0 0 0 27 31 29
33 0 0 0 29 36 37
34 0 0 0 30 38 39
35 0 0 0 30 40 36
36 0 0 0 31 35 33
37 0 0 0 33 40 41
38 0 0 0 34 42 43
39 0 0 0 34 44 45
40 0 0 0 35 45 37
41 0 0 0 37 46 47
42 0 0 0 38 47 48
43 0 0 0 38 49 44
44 0 0 0 39 43 50
45 0 0 0 39 51 40
46 0 0 0 41 51 52
47 0 0 0 41 53 42
48 0 0 0 42 54 49
49 0 0 0 43 48 55
50 0 0 0 44 55 56
51 0 0 0 45 56 46
52 0 0 0 46 57 53
53 0 0 0 47 52 54
54 0 0 0 48 53 58
55 0 0 0 49 58 50
56 0 0 0 50 57 51
57 0 0 0 52 56 58
58 0 0 0 54 57 55
0
