>>writegraph3d planar <<
1 0 0 0 2 3 4
2 0 0 0 1 5 6
3 0 0 0 1 7 8
4 0 0 0 1 9 10
5 0 0 0 2 11 12
6 0 0 0 2 13 7
7 0 0 0 3 6 14
8 0 0 0 3 15 9
9 0 0 0 4 8 16
10 0 0 0 4 17 11
11 0 0 0 5 10 18
12 0 0 0 5 19 13
13 0 0 0 6 12 20
14 0 0 0 7 21 15
15 0 0 0 8 14 22
16 0 0 0 9 22 23
17 0 0 0 10 23 24
18 0 0 0 11 24 19
19 0 0 0 12 18 25
20 0 0 0 13 25 26
21 0 0 0 14 26 27
22 0 0 0 15 27 16
23 0 0 0 16 28 17
24 0 0 0 17 29 18
25 0 0 0 19 29 20
26 0 0 0 20 30 21
27 0 0 0 21 28 22
28 0 0 0 23 27 30
29 0 0 0 24 30 25
30 0 0 0 26 29 28
0
