>>writegraph3d planar <<
1 0 0 0 2 3 4
2 0 0 0 1 5 6
3 0 0 0 1 7 8
4 0 0 0 1 9 10
5 0 0 0 2 10 11
6 0 0 0 2 12 13
7 0 0 0 3 13 14
8 0 0 0 3 15 16
9 0 0 0 4 16 17
10 0 0 0 4 18 5
11 0 0 0 5 19 12
12 0 0 0 6 11 20
13 0 0 0 6 21 7
14 0 0 0 7 22 23
15 0 0 0 8 23 24
16 0 0 0 8 25 9
17 0 0 0 9 26 18
18 0 0 0 10 17 19
19 0 0 0 11 18 27
20 0 0 0 12 27 28
21 0 0 0 13 28 29
22 0 0 0 14 29 30
23 0 0 0 14 31 15
24 0 0 0 15 32 25
25 0 0 0 16 24 26
26 0 0 0 17 25 33
27 0 0 0 19 34 20
28 0 0 0 20 35 21
29 0 0 0 21 36 22
30 0 0 0 22 37 38
31 0 0 0 23 38 32
32 0 0 0 24 31 33
33 0 0 0 26 32 39
34 0 0 0 27 40 35
35 0 0 0 28 34 36
36 0 0 0 29 35 37
37 0 0 0 30 36 40
38 0 0 0 30 39 31
39 0 0 0 33 38 40
40 0 0 0 34 39 37
0
