>>writegraph3d planar <<
1 0 0 0 21 22 23
2 0 0 0 24 22 25
3 0 0 0 25 26 27
4 0 0 0 28 29 21
5 0 0 0 26 29 30
6 0 0 0 31 28 32
7 0 0 0 33 23 34
8 0 0 0 32 33 35
9 0 0 0 36 37 24
10 0 0 0 34 37 38
11 0 0 0 39 27 40
12 0 0 0 41 36 39
13 0 0 0 42 30 43
14 0 0 0 44 43 31
15 0 0 0 40 42 45
16 0 0 0 46 35 47
17 0 0 0 47 38 48
18 0 0 0 49 48 41
19 0 0 0 50 44 46
20 0 0 0 45 50 49
21 0 0 0 1 23 53 28 4 29 51 22
22 0 0 0 1 21 51 25 2 24 52 23
23 0 0 0 1 22 52 34 7 33 53 21
24 0 0 0 2 25 54 36 9 37 52 22
25 0 0 0 2 22 51 26 3 27 54 24
26 0 0 0 3 25 51 29 5 30 55 27
27 0 0 0 3 26 55 40 11 39 54 25
28 0 0 0 4 21 53 32 6 31 56 29
29 0 0 0 4 28 56 30 5 26 51 21
30 0 0 0 5 29 56 43 13 42 55 26
31 0 0 0 6 32 57 44 14 43 56 28
32 0 0 0 6 28 53 33 8 35 57 31
33 0 0 0 7 34 58 35 8 32 53 23
34 0 0 0 7 23 52 37 10 38 58 33
35 0 0 0 8 33 58 47 16 46 57 32
36 0 0 0 9 24 54 39 12 41 59 37
37 0 0 0 9 36 59 38 10 34 52 24
38 0 0 0 10 37 59 48 17 47 58 34
39 0 0 0 11 40 60 41 12 36 54 27
40 0 0 0 11 27 55 42 15 45 60 39
41 0 0 0 12 39 60 49 18 48 59 36
42 0 0 0 13 43 61 45 15 40 55 30
43 0 0 0 13 30 56 31 14 44 61 42
44 0 0 0 14 31 57 46 19 50 61 43
45 0 0 0 15 42 61 50 20 49 60 40
46 0 0 0 16 47 50 19 44 57 35
47 0 0 0 16 35 58 38 17 48 46
48 0 0 0 17 38 59 41 18 49 47
49 0 0 0 18 41 60 45 20 50 48
50 0 0 0 19 46 49 20 45 61 44
51 0 0 0 21 29 26 25 22
52 0 0 0 22 24 37 34 23
53 0 0 0 23 33 32 28 21
54 0 0 0 25 27 39 36 24
55 0 0 0 26 30 42 40 27
56 0 0 0 28 31 43 30 29
57 0 0 0 32 35 46 44 31
58 0 0 0 34 38 47 35 33
59 0 0 0 36 41 48 38 37
60 0 0 0 40 45 49 41 39
61 0 0 0 43 44 50 45 42
0
