>>writegraph3d planar <<
1 0 0 0 2 10 9 3
2 0 0 0 3 17 16 1
3 0 0 0 1 5 4 2
4 0 0 0 5 30 29 3
5 0 0 0 3 7 6 4
6 0 0 0 7 32 31 5
7 0 0 0 5 9 8 6
8 0 0 0 9 19 18 7
9 0 0 0 7 1 10 8
10 0 0 0 1 12 11 9
11 0 0 0 12 20 19 10
12 0 0 0 10 14 13 11
13 0 0 0 14 23 22 12
14 0 0 0 12 16 15 13
15 0 0 0 16 26 25 14
16 0 0 0 14 2 17 15
17 0 0 0 2 29 28 16
18 0 0 0 19 35 34 8
19 0 0 0 8 11 20 18
20 0 0 0 11 22 21 19
21 0 0 0 22 94 93 20
22 0 0 0 20 13 23 21
23 0 0 0 13 25 24 22
24 0 0 0 25 113 112 23
25 0 0 0 23 15 26 24
26 0 0 0 15 28 27 25
27 0 0 0 28 77 131 26
28 0 0 0 26 17 29 27
29 0 0 0 17 4 30 28
30 0 0 0 4 36 76 29
31 0 0 0 32 37 36 6
32 0 0 0 6 34 33 31
33 0 0 0 34 42 41 32
34 0 0 0 32 18 35 33
35 0 0 0 18 93 92 34
36 0 0 0 37 76 30 31
37 0 0 0 31 39 38 36
38 0 0 0 39 44 43 37
39 0 0 0 37 41 40 38
40 0 0 0 41 49 48 39
41 0 0 0 39 33 42 40
42 0 0 0 33 96 95 41
43 0 0 0 44 79 78 38
44 0 0 0 38 46 45 43
45 0 0 0 46 51 50 44
46 0 0 0 44 48 47 45
47 0 0 0 48 56 55 46
48 0 0 0 46 40 49 47
49 0 0 0 40 99 98 48
50 0 0 0 51 82 81 45
51 0 0 0 45 53 52 50
52 0 0 0 53 58 57 51
53 0 0 0 51 55 54 52
54 0 0 0 55 63 62 53
55 0 0 0 53 47 56 54
56 0 0 0 47 102 101 55
57 0 0 0 58 85 84 52
58 0 0 0 52 60 59 57
59 0 0 0 60 65 64 58
60 0 0 0 58 62 61 59
61 0 0 0 62 70 69 60
62 0 0 0 60 54 63 61
63 0 0 0 54 105 104 62
64 0 0 0 65 88 87 59
65 0 0 0 59 67 66 64
66 0 0 0 67 72 71 65
67 0 0 0 65 69 68 66
68 0 0 0 69 75 74 67
69 0 0 0 67 61 70 68
70 0 0 0 61 108 107 69
71 0 0 0 72 91 90 66
72 0 0 0 66 74 73 71
73 0 0 0 74 143 144 72
74 0 0 0 72 68 75 73
75 0 0 0 68 107 110 74
76 0 0 0 36 78 77 30
77 0 0 0 78 131 27 76
78 0 0 0 76 43 79 77
79 0 0 0 43 81 80 78
80 0 0 0 81 133 130 79
81 0 0 0 79 50 82 80
82 0 0 0 50 84 83 81
83 0 0 0 84 135 132 82
84 0 0 0 82 57 85 83
85 0 0 0 57 87 86 84
86 0 0 0 87 137 134 85
87 0 0 0 85 64 88 86
88 0 0 0 64 90 89 87
89 0 0 0 90 139 136 88
90 0 0 0 88 71 91 89
91 0 0 0 71 144 142 90
92 0 0 0 93 97 96 35
93 0 0 0 35 21 94 92
94 0 0 0 21 112 111 93
95 0 0 0 96 100 99 42
96 0 0 0 42 92 97 95
97 0 0 0 92 115 114 96
98 0 0 0 99 103 102 49
99 0 0 0 49 95 100 98
100 0 0 0 95 118 117 99
101 0 0 0 102 106 105 56
102 0 0 0 56 98 103 101
103 0 0 0 98 121 120 102
104 0 0 0 105 109 108 63
105 0 0 0 63 101 106 104
106 0 0 0 101 124 123 105
107 0 0 0 108 110 75 70
108 0 0 0 70 104 109 107
109 0 0 0 104 127 126 108
110 0 0 0 107 126 129 75
111 0 0 0 112 116 115 94
112 0 0 0 94 24 113 111
113 0 0 0 24 131 130 112
114 0 0 0 115 119 118 97
115 0 0 0 97 111 116 114
116 0 0 0 111 133 132 115
117 0 0 0 118 122 121 100
118 0 0 0 100 114 119 117
119 0 0 0 114 135 134 118
120 0 0 0 121 125 124 103
121 0 0 0 103 117 122 120
122 0 0 0 117 137 136 121
123 0 0 0 124 128 127 106
124 0 0 0 106 120 125 123
125 0 0 0 120 139 138 124
126 0 0 0 127 129 110 109
127 0 0 0 109 123 128 126
128 0 0 0 123 141 140 127
129 0 0 0 126 140 143 110
130 0 0 0 131 80 133 113
131 0 0 0 113 27 77 130
132 0 0 0 133 83 135 116
133 0 0 0 116 130 80 132
134 0 0 0 135 86 137 119
135 0 0 0 119 132 83 134
136 0 0 0 137 89 139 122
137 0 0 0 122 134 86 136
138 0 0 0 139 142 141 125
139 0 0 0 125 136 89 138
140 0 0 0 141 143 129 128
141 0 0 0 128 138 142 140
142 0 0 0 138 91 144 141
143 0 0 0 140 144 73 129
144 0 0 0 91 73 143 142
0
