>>writegraph3d planar <<
1 0 0 0 2 5 4 3
2 0 0 0 3 7 6 1
3 0 0 0 1 9 8 2
4 0 0 0 5 10 9 1
5 0 0 0 1 12 11 4
6 0 0 0 7 14 13 2
7 0 0 0 2 8 15 6
8 0 0 0 9 15 7 3
9 0 0 0 3 4 10 8
10 0 0 0 4 17 16 9
11 0 0 0 12 19 18 5
12 0 0 0 5 13 20 11
13 0 0 0 14 20 12 6
14 0 0 0 6 22 21 13
15 0 0 0 8 24 23 7
16 0 0 0 17 25 24 10
17 0 0 0 10 18 26 16
18 0 0 0 19 26 17 11
19 0 0 0 11 20 21 18
20 0 0 0 13 21 19 12
21 0 0 0 22 19 20 14
22 0 0 0 14 23 27 21
23 0 0 0 24 27 22 15
24 0 0 0 15 16 25 23
25 0 0 0 16 26 27 24
26 0 0 0 18 27 25 17
27 0 0 0 23 25 26 22
0
