>>writegraph3d planar <<
1 0 0 0 9 13 2
2 0 0 0 1 14 3
3 0 0 0 2 17 4
4 0 0 0 3 20 5
5 0 0 0 4 21 6
6 0 0 0 5 24 7
7 0 0 0 6 27 8
8 0 0 0 7 28 9
9 0 0 0 8 10 1
10 0 0 0 9 30 11
11 0 0 0 10 36 12
12 0 0 0 11 37 13
13 0 0 0 12 14 1
14 0 0 0 13 15 2
15 0 0 0 14 38 16
16 0 0 0 15 39 17
17 0 0 0 16 18 3
18 0 0 0 17 44 19
19 0 0 0 18 45 20
20 0 0 0 19 21 4
21 0 0 0 20 22 5
22 0 0 0 21 46 23
23 0 0 0 22 47 24
24 0 0 0 23 25 6
25 0 0 0 24 52 26
26 0 0 0 25 53 27
27 0 0 0 26 28 7
28 0 0 0 27 29 8
29 0 0 0 28 54 30
30 0 0 0 29 31 10
31 0 0 0 30 54 32
32 0 0 0 31 51 33
33 0 0 0 32 56 34
34 0 0 0 33 57 35
35 0 0 0 34 40 36
36 0 0 0 35 37 11
37 0 0 0 36 38 12
38 0 0 0 37 39 15
39 0 0 0 38 40 16
40 0 0 0 39 35 41
41 0 0 0 40 58 42
42 0 0 0 41 59 43
43 0 0 0 42 48 44
44 0 0 0 43 45 18
45 0 0 0 44 46 19
46 0 0 0 45 47 22
47 0 0 0 46 48 23
48 0 0 0 47 43 49
49 0 0 0 48 60 50
50 0 0 0 49 55 51
51 0 0 0 50 32 52
52 0 0 0 51 53 25
53 0 0 0 52 54 26
54 0 0 0 53 31 29
55 0 0 0 50 60 56
56 0 0 0 55 57 33
57 0 0 0 56 58 34
58 0 0 0 57 59 41
59 0 0 0 58 60 42
60 0 0 0 59 55 49
0
