>>writegraph3d planar <<
1 0 0 0 2 3
2 0 0 0 1 4 5
3 0 0 0 1 6 7
4 0 0 0 2 9 10
5 0 0 0 2 11 12
6 0 0 0 3 13 14
7 0 0 0 3 15 8
8 0 0 0 7 16
9 0 0 0 17 4
10 0 0 0 4 18 11
11 0 0 0 5 10 19
12 0 0 0 5 20 13
13 0 0 0 6 12 21
14 0 0 0 6 22 15
15 0 0 0 7 14 23
16 0 0 0 8 24 17
17 0 0 0 9 16 25
18 0 0 0 10 26 27
19 0 0 0 11 27 20
20 0 0 0 12 19 28
21 0 0 0 13 29 22
22 0 0 0 14 21 30
23 0 0 0 15 30 31
24 0 0 0 16 31 32
25 0 0 0 17 32 26
26 0 0 0 18 25 33
27 0 0 0 18 34 19
28 0 0 0 20 34 35
29 0 0 0 21 35 36
30 0 0 0 22 36 23
31 0 0 0 23 37 24
32 0 0 0 24 38 25
33 0 0 0 26 38 39
34 0 0 0 27 40 28
35 0 0 0 28 41 29
36 0 0 0 29 42 30
37 0 0 0 31 43 38
38 0 0 0 32 37 33
39 0 0 0 33 43 40
40 0 0 0 34 39 41
41 0 0 0 35 40 42
42 0 0 0 36 41 43
43 0 0 0 37 42 39
0
