>>writegraph3d planar <<
1 0 0 0 4 8 2
2 0 0 0 1 11 3
3 0 0 0 2 14 4
4 0 0 0 3 5 1
5 0 0 0 4 16 6
6 0 0 0 5 18 7
7 0 0 0 6 19 8
8 0 0 0 7 9 1
9 0 0 0 8 19 10
10 0 0 0 9 20 11
11 0 0 0 10 12 2
12 0 0 0 11 20 13
13 0 0 0 12 17 14
14 0 0 0 13 15 3
15 0 0 0 14 17 16
16 0 0 0 15 18 5
17 0 0 0 13 24 15
18 0 0 0 16 27 6
19 0 0 0 7 30 9
20 0 0 0 10 21 12
21 0 0 0 20 32 22
22 0 0 0 21 33 23
23 0 0 0 22 34 24
24 0 0 0 23 25 17
25 0 0 0 24 34 26
26 0 0 0 25 35 27
27 0 0 0 26 28 18
28 0 0 0 27 35 29
29 0 0 0 28 36 30
30 0 0 0 29 31 19
31 0 0 0 30 36 32
32 0 0 0 31 33 21
33 0 0 0 32 38 22
34 0 0 0 23 39 25
35 0 0 0 26 40 28
36 0 0 0 29 37 31
37 0 0 0 36 40 38
38 0 0 0 37 39 33
39 0 0 0 38 40 34
40 0 0 0 39 37 35
0
