>>writegraph3d planar <<
1 0 0 0 7 12 2
2 0 0 0 1 16 3
3 0 0 0 2 20 4
4 0 0 0 3 24 5
5 0 0 0 4 28 6
6 0 0 0 5 32 7
7 0 0 0 6 8 1
8 0 0 0 7 35 9
9 0 0 0 8 37 10
10 0 0 0 9 39 11
11 0 0 0 10 41 12
12 0 0 0 11 13 1
13 0 0 0 12 42 14
14 0 0 0 13 44 15
15 0 0 0 14 46 16
16 0 0 0 15 17 2
17 0 0 0 16 47 18
18 0 0 0 17 49 19
19 0 0 0 18 51 20
20 0 0 0 19 21 3
21 0 0 0 20 52 22
22 0 0 0 21 54 23
23 0 0 0 22 56 24
24 0 0 0 23 25 4
25 0 0 0 24 57 26
26 0 0 0 25 59 27
27 0 0 0 26 61 28
28 0 0 0 27 29 5
29 0 0 0 28 62 30
30 0 0 0 29 64 31
31 0 0 0 30 66 32
32 0 0 0 31 33 6
33 0 0 0 32 67 34
34 0 0 0 33 69 35
35 0 0 0 34 36 8
36 0 0 0 35 70 37
37 0 0 0 36 38 9
38 0 0 0 37 71 39
39 0 0 0 38 40 10
40 0 0 0 39 74 41
41 0 0 0 40 42 11
42 0 0 0 41 43 13
43 0 0 0 42 74 44
44 0 0 0 43 45 14
45 0 0 0 44 76 46
46 0 0 0 45 47 15
47 0 0 0 46 48 17
48 0 0 0 47 76 49
49 0 0 0 48 50 18
50 0 0 0 49 78 51
51 0 0 0 50 52 19
52 0 0 0 51 53 21
53 0 0 0 52 78 54
54 0 0 0 53 55 22
55 0 0 0 54 80 56
56 0 0 0 55 57 23
57 0 0 0 56 58 25
58 0 0 0 57 80 59
59 0 0 0 58 60 26
60 0 0 0 59 82 61
61 0 0 0 60 62 27
62 0 0 0 61 63 29
63 0 0 0 62 82 64
64 0 0 0 63 65 30
65 0 0 0 64 84 66
66 0 0 0 65 67 31
67 0 0 0 66 68 33
68 0 0 0 67 84 69
69 0 0 0 68 70 34
70 0 0 0 69 71 36
71 0 0 0 70 72 38
72 0 0 0 71 83 73
73 0 0 0 72 75 74
74 0 0 0 73 43 40
75 0 0 0 73 77 76
76 0 0 0 75 48 45
77 0 0 0 75 79 78
78 0 0 0 77 53 50
79 0 0 0 77 81 80
80 0 0 0 79 58 55
81 0 0 0 79 83 82
82 0 0 0 81 63 60
83 0 0 0 81 72 84
84 0 0 0 83 68 65
0
