>>writegraph3d planar <<
1 0 0 0 9 2 8
2 0 0 0 14 3 1
3 0 0 0 15 4 2
4 0 0 0 34 5 3
5 0 0 0 30 6 4
6 0 0 0 26 7 5
7 0 0 0 22 8 6
8 0 0 0 7 18 1
9 0 0 0 10 1 17
10 0 0 0 11 9
11 0 0 0 12 10 28
12 0 0 0 13 11 24
13 0 0 0 14 12 20
14 0 0 0 16 2 13
15 0 0 0 35 3 16
16 0 0 0 15 14 19
17 0 0 0 18 32 9
18 0 0 0 21 17 8
19 0 0 0 20 45 16
20 0 0 0 23 19 13
21 0 0 0 39 18 22
22 0 0 0 21 7 25
23 0 0 0 24 46 20
24 0 0 0 27 23 12
25 0 0 0 22 26 40
26 0 0 0 25 6 29
27 0 0 0 67 24 28
28 0 0 0 31 27 11
29 0 0 0 26 30 51
30 0 0 0 29 5 33
31 0 0 0 41 28
32 0 0 0 17 36
33 0 0 0 30 34 47
34 0 0 0 33 4 35
35 0 0 0 34 15 42
36 0 0 0 32 37 41
37 0 0 0 36 38 78
38 0 0 0 37 39 64
39 0 0 0 38 21 40
40 0 0 0 62 39 25
41 0 0 0 76 31 36
42 0 0 0 43 50 35
43 0 0 0 53 42 44
44 0 0 0 59 43 45
45 0 0 0 46 44 19
46 0 0 0 23 60 45
47 0 0 0 48 51 33
48 0 0 0 56 47 49
49 0 0 0 54 48 50
50 0 0 0 52 49 42
51 0 0 0 47 58 29
52 0 0 0 55 50 53
53 0 0 0 52 43 61
54 0 0 0 57 49 55
55 0 0 0 54 52 72
56 0 0 0 57 58 48
57 0 0 0 71 56 54
58 0 0 0 56 63 51
59 0 0 0 61 44 60
60 0 0 0 46 65 59
61 0 0 0 53 59 77
62 0 0 0 63 64 40
63 0 0 0 58 68 62
64 0 0 0 62 73 38
65 0 0 0 60 66 77
66 0 0 0 65 67 84
67 0 0 0 66 27 74
68 0 0 0 63 69 73
69 0 0 0 68 70 86
70 0 0 0 69 71 85
71 0 0 0 70 57 72
72 0 0 0 79 71 55
73 0 0 0 68 83 64
74 0 0 0 67 75 88
75 0 0 0 74 76 87
76 0 0 0 75 41 78
77 0 0 0 80 61 65
78 0 0 0 81 76 37
79 0 0 0 80 85 72
80 0 0 0 84 79 77
81 0 0 0 82 87 78
82 0 0 0 91 81 83
83 0 0 0 86 82 73
84 0 0 0 88 80 66
85 0 0 0 79 89 70
86 0 0 0 89 83 69
87 0 0 0 81 90 75
88 0 0 0 90 84 74
89 0 0 0 91 86 85
90 0 0 0 87 91 88
91 0 0 0 90 82 89
0
