>>writegraph3d planar <<
1 0 0 0 9 2 8
2 0 0 0 14 3 1
3 0 0 0 15 4 2
4 0 0 0 34 5 3
5 0 0 0 30 6 4
6 0 0 0 26 7 5
7 0 0 0 22 8 6
8 0 0 0 7 18 1
9 0 0 0 10 1 17
10 0 0 0 11 9
11 0 0 0 12 10 28
12 0 0 0 13 11 24
13 0 0 0 14 12 20
14 0 0 0 16 2 13
15 0 0 0 35 3 16
16 0 0 0 15 14 19
17 0 0 0 18 32 9
18 0 0 0 21 17 8
19 0 0 0 20 45 16
20 0 0 0 23 19 13
21 0 0 0 39 18 22
22 0 0 0 21 7 25
23 0 0 0 24 46 20
24 0 0 0 27 23 12
25 0 0 0 22 26 40
26 0 0 0 25 6 29
27 0 0 0 74 24 28
28 0 0 0 31 27 11
29 0 0 0 26 30 52
30 0 0 0 29 5 33
31 0 0 0 41 28
32 0 0 0 17 36
33 0 0 0 30 34 47
34 0 0 0 33 4 35
35 0 0 0 34 15 42
36 0 0 0 32 37 41
37 0 0 0 36 38 80
38 0 0 0 37 39 48
39 0 0 0 38 21 40
40 0 0 0 49 39 25
41 0 0 0 84 31 36
42 0 0 0 43 47 35
43 0 0 0 44 56 42
44 0 0 0 68 43 45
45 0 0 0 46 44 19
46 0 0 0 23 69 45
47 0 0 0 42 55 33
48 0 0 0 49 64 38
49 0 0 0 50 48 40
50 0 0 0 51 62 49
51 0 0 0 57 50 52
52 0 0 0 53 51 29
53 0 0 0 54 58 52
54 0 0 0 60 53 55
55 0 0 0 56 54 47
56 0 0 0 43 61 55
57 0 0 0 63 51 58
58 0 0 0 53 59 57
59 0 0 0 58 60 70
60 0 0 0 59 54 61
61 0 0 0 56 65 60
62 0 0 0 50 63 64
63 0 0 0 62 57 78
64 0 0 0 62 83 48
65 0 0 0 61 66 70
66 0 0 0 65 67 75
67 0 0 0 66 68 71
68 0 0 0 67 44 69
69 0 0 0 46 72 68
70 0 0 0 77 59 65
71 0 0 0 76 67 72
72 0 0 0 69 73 71
73 0 0 0 72 74 88
74 0 0 0 73 27 86
75 0 0 0 76 77 66
76 0 0 0 88 75 71
77 0 0 0 75 79 70
78 0 0 0 79 83 63
79 0 0 0 85 78 77
80 0 0 0 81 84 37
81 0 0 0 82 89 80
82 0 0 0 85 81 83
83 0 0 0 78 82 64
84 0 0 0 87 41 80
85 0 0 0 91 82 79
86 0 0 0 74 87 90
87 0 0 0 86 84 89
88 0 0 0 90 76 73
89 0 0 0 81 91 87
90 0 0 0 91 88 86
91 0 0 0 89 85 90
0
