>>writegraph3d planar <<
1 0 0 0 5 9 2
2 0 0 0 1 6 3
3 0 0 0 2 8 4
4 0 0 0 3 83 5
5 0 0 0 4 11 1
6 0 0 0 2 10 7
7 0 0 0 6 13 8
8 0 0 0 7 15 3
9 0 0 0 1 12 10
10 0 0 0 9 16 6
11 0 0 0 5 18 12
12 0 0 0 11 17 9
13 0 0 0 7 16 14
14 0 0 0 13 19 15
15 0 0 0 14 88 8
16 0 0 0 10 17 13
17 0 0 0 12 19 16
18 0 0 0 11 89 19
19 0 0 0 18 14 17
20 0 0 0 24 26 21
21 0 0 0 20 33 22
22 0 0 0 21 35 23
23 0 0 0 22 77 24
24 0 0 0 23 27 20
25 0 0 0 27 28 26
26 0 0 0 25 32 20
27 0 0 0 24 29 25
28 0 0 0 30 31 25
29 0 0 0 27 87 30
30 0 0 0 29 37 28
31 0 0 0 28 36 32
32 0 0 0 31 33 26
33 0 0 0 32 34 21
34 0 0 0 33 36 35
35 0 0 0 34 38 22
36 0 0 0 31 37 34
37 0 0 0 30 38 36
38 0 0 0 37 85 35
39 0 0 0 43 45 40
40 0 0 0 39 47 41
41 0 0 0 40 49 42
42 0 0 0 41 76 43
43 0 0 0 42 46 39
44 0 0 0 46 50 45
45 0 0 0 44 39
46 0 0 0 43 56 44
47 0 0 0 48 40
48 0 0 0 47 52 49
49 0 0 0 48 54 41
50 0 0 0 44 55 51
51 0 0 0 50 52
52 0 0 0 51 53 48
53 0 0 0 52 55 54
54 0 0 0 53 82 49
55 0 0 0 50 56 53
56 0 0 0 46 79 55
57 0 0 0 61 64 58
58 0 0 0 57 66 59
59 0 0 0 58 68 60
60 0 0 0 59 90 61
61 0 0 0 60 62 57
62 0 0 0 61 69 63
63 0 0 0 62 71 64
64 0 0 0 63 65 57
65 0 0 0 64 72 66
66 0 0 0 65 67 58
67 0 0 0 66 73 68
68 0 0 0 67 75 59
69 0 0 0 62 80 70
70 0 0 0 69 74 71
71 0 0 0 70 72 63
72 0 0 0 71 73 65
73 0 0 0 72 74 67
74 0 0 0 70 75 73
75 0 0 0 74 86 68
76 0 0 0 42 84 77
77 0 0 0 76 23 78
78 0 0 0 77 86 79
79 0 0 0 78 80 56
80 0 0 0 79 69 81
81 0 0 0 80 89 82
82 0 0 0 81 83 54
83 0 0 0 82 4 84
84 0 0 0 83 87 76
85 0 0 0 38 91 86
86 0 0 0 85 75 78
87 0 0 0 84 88 29
88 0 0 0 15 91 87
89 0 0 0 81 90 18
90 0 0 0 60 91 89
91 0 0 0 85 88 90
0
