>>writegraph3d planar <<
1 0 0 0 5 9 2
2 0 0 0 1 6 3
3 0 0 0 2 8 4
4 0 0 0 3 84 5
5 0 0 0 4 11 1
6 0 0 0 2 10 7
7 0 0 0 6 13 8
8 0 0 0 7 15 3
9 0 0 0 1 12 10
10 0 0 0 9 16 6
11 0 0 0 5 18 12
12 0 0 0 11 17 9
13 0 0 0 7 16 14
14 0 0 0 13 19 15
15 0 0 0 14 89 8
16 0 0 0 10 17 13
17 0 0 0 12 19 16
18 0 0 0 11 90 19
19 0 0 0 18 14 17
20 0 0 0 24 26 21
21 0 0 0 20 33 22
22 0 0 0 21 35 23
23 0 0 0 22 78 24
24 0 0 0 23 27 20
25 0 0 0 27 28 26
26 0 0 0 25 32 20
27 0 0 0 24 29 25
28 0 0 0 30 31 25
29 0 0 0 27 88 30
30 0 0 0 29 37 28
31 0 0 0 28 36 32
32 0 0 0 31 33 26
33 0 0 0 32 34 21
34 0 0 0 33 36 35
35 0 0 0 34 38 22
36 0 0 0 31 37 34
37 0 0 0 30 38 36
38 0 0 0 37 86 35
39 0 0 0 43 45 40
40 0 0 0 39 48 41
41 0 0 0 40 50 42
42 0 0 0 41 77 43
43 0 0 0 42 46 39
44 0 0 0 46 51 45
45 0 0 0 44 47 39
46 0 0 0 43 57 44
47 0 0 0 45 52 48
48 0 0 0 47 49 40
49 0 0 0 48 53 50
50 0 0 0 49 55 41
51 0 0 0 44 56 52
52 0 0 0 51 53 47
53 0 0 0 52 54 49
54 0 0 0 53 56 55
55 0 0 0 54 83 50
56 0 0 0 51 57 54
57 0 0 0 46 80 56
58 0 0 0 62 65 59
59 0 0 0 58 67 60
60 0 0 0 59 69 61
61 0 0 0 60 91 62
62 0 0 0 61 63 58
63 0 0 0 62 70 64
64 0 0 0 63 72 65
65 0 0 0 64 66 58
66 0 0 0 65 73 67
67 0 0 0 66 68 59
68 0 0 0 67 74 69
69 0 0 0 68 76 60
70 0 0 0 63 81 71
71 0 0 0 70 75 72
72 0 0 0 71 73 64
73 0 0 0 72 74 66
74 0 0 0 73 75 68
75 0 0 0 71 76 74
76 0 0 0 75 87 69
77 0 0 0 42 85 78
78 0 0 0 77 23 79
79 0 0 0 78 87 80
80 0 0 0 79 81 57
81 0 0 0 80 70 82
82 0 0 0 81 90 83
83 0 0 0 82 84 55
84 0 0 0 83 4 85
85 0 0 0 84 88 77
86 0 0 0 38 87
87 0 0 0 86 76 79
88 0 0 0 85 89 29
89 0 0 0 15 88
90 0 0 0 82 91 18
91 0 0 0 61 90
0
