>>writegraph3d planar <<
1 0 0 0 2 3 4
2 0 0 0 1 5 6
3 0 0 0 1 7 8
4 0 0 0 1 9 10
5 0 0 0 2 10 11
6 0 0 0 2 12 7
7 0 0 0 3 6 13
8 0 0 0 3 14 9
9 0 0 0 4 8 15
10 0 0 0 4 16 5
11 0 0 0 5 17 18
12 0 0 0 6 19 20
13 0 0 0 7 21 22
14 0 0 0 8 23 24
15 0 0 0 9 24
16 0 0 0 10 17
17 0 0 0 11 16 25
18 0 0 0 11 26 27
19 0 0 0 12 27 28
20 0 0 0 12 29 30
21 0 0 0 13 31 32
22 0 0 0 13 33 34
23 0 0 0 14 34 26
24 0 0 0 14 25 15
25 0 0 0 17 24 26
26 0 0 0 18 25 23
27 0 0 0 18 34 19
28 0 0 0 19 35 29
29 0 0 0 20 28 36
30 0 0 0 20 37 31
31 0 0 0 21 30 38
32 0 0 0 21 39 33
33 0 0 0 22 32 40
34 0 0 0 22 27 23
35 0 0 0 28 40 41
36 0 0 0 29 41 37
37 0 0 0 30 36 42
38 0 0 0 31 42 39
39 0 0 0 32 38 43
40 0 0 0 33 43 35
41 0 0 0 35 44 36
42 0 0 0 37 44 38
43 0 0 0 39 44 40
44 0 0 0 41 43 42
0
