>>writegraph3d planar <<
1 0 0 0 2 3 4
2 0 0 0 1 5 6
3 0 0 0 1 7 8
4 0 0 0 1 9 10
5 0 0 0 2 10 11
6 0 0 0 2 12 7
7 0 0 0 3 6 13
8 0 0 0 3 14 15
9 0 0 0 4 16 17
10 0 0 0 4 18 5
11 0 0 0 5 19 12
12 0 0 0 6 11 20
13 0 0 0 7 21 14
14 0 0 0 8 13 22
15 0 0 0 8 23 24
16 0 0 0 9 24 25
17 0 0 0 9 26 27
18 0 0 0 10 28 19
19 0 0 0 11 18 29
20 0 0 0 12 30 31
21 0 0 0 13 32 33
22 0 0 0 14 34 23
23 0 0 0 15 22 35
24 0 0 0 15 36 16
25 0 0 0 16 37 26
26 0 0 0 17 25 38
27 0 0 0 17 39 40
28 0 0 0 18 40 41
29 0 0 0 19 41 42
30 0 0 0 20 43 44
31 0 0 0 20 45 32
32 0 0 0 21 31 46
33 0 0 0 21 47 48
34 0 0 0 22 49 50
35 0 0 0 23 50 51
36 0 0 0 24 52 37
37 0 0 0 25 36 53
38 0 0 0 26 53 39
39 0 0 0 27 38 54
40 0 0 0 27 55 28
41 0 0 0 28 56 29
42 0 0 0 29 57 43
43 0 0 0 30 42 58
44 0 0 0 30 59 45
45 0 0 0 31 44 60
46 0 0 0 32 60 47
47 0 0 0 33 46 61
48 0 0 0 33 62 49
49 0 0 0 34 48 63
50 0 0 0 34 64 35
51 0 0 0 35 65 66
52 0 0 0 36 66 67
53 0 0 0 37 67 38
54 0 0 0 39 67 55
55 0 0 0 40 54 66
56 0 0 0 41 65 57
57 0 0 0 42 56 63
58 0 0 0 43 62 59
59 0 0 0 44 58 68
60 0 0 0 45 68 46
61 0 0 0 47 68 62
62 0 0 0 48 61 58
63 0 0 0 49 57 64
64 0 0 0 50 63 65
65 0 0 0 51 64 56
66 0 0 0 51 55 52
67 0 0 0 52 54 53
68 0 0 0 59 61 60
0
