>>writegraph3d planar <<
1 0 0 0 2 3 4
2 0 0 0 1 5 6
3 0 0 0 1 7 8
4 0 0 0 1 9 10
5 0 0 0 2 10 11
6 0 0 0 2 12 13
7 0 0 0 3 14 15
8 0 0 0 3 16 9
9 0 0 0 4 8 17
10 0 0 0 4 18 5
11 0 0 0 5 19 12
12 0 0 0 6 11 20
13 0 0 0 6 21 22
14 0 0 0 7 22 23
15 0 0 0 7 24 16
16 0 0 0 8 15 25
17 0 0 0 9 25 18
18 0 0 0 10 17 26
19 0 0 0 11 27 28
20 0 0 0 12 28 21
21 0 0 0 13 20 29
22 0 0 0 13 30 14
23 0 0 0 14 31 32
24 0 0 0 15 33 34
25 0 0 0 16 35 17
26 0 0 0 18 35 36
27 0 0 0 19 36 37
28 0 0 0 19 38 20
29 0 0 0 21 38 39
30 0 0 0 22 40 31
31 0 0 0 23 30 41
32 0 0 0 23 42 43
33 0 0 0 24 43 44
34 0 0 0 24 45 46
35 0 0 0 25 47 26
36 0 0 0 26 48 27
37 0 0 0 27 49 50
38 0 0 0 28 51 29
39 0 0 0 29 52 53
40 0 0 0 30 53 54
41 0 0 0 31 54 42
42 0 0 0 32 41 55
43 0 0 0 32 56 33
44 0 0 0 33 57 45
45 0 0 0 34 44 58
46 0 0 0 34 59 47
47 0 0 0 35 46 60
48 0 0 0 36 61 49
49 0 0 0 37 48 62
50 0 0 0 37 63 64
51 0 0 0 38 64 52
52 0 0 0 39 51 58
53 0 0 0 39 65 40
54 0 0 0 40 66 41
55 0 0 0 42 66 56
56 0 0 0 43 55 57
57 0 0 0 44 56 65
58 0 0 0 45 52 59
59 0 0 0 46 58 67
60 0 0 0 47 67 68
61 0 0 0 48 68 69
62 0 0 0 49 69 63
63 0 0 0 50 62 70
64 0 0 0 50 71 51
65 0 0 0 53 57 66
66 0 0 0 54 65 55
67 0 0 0 59 72 60
68 0 0 0 60 73 61
69 0 0 0 61 74 62
70 0 0 0 63 74 71
71 0 0 0 64 70 72
72 0 0 0 67 71 73
73 0 0 0 68 72 74
74 0 0 0 69 73 70
0
