>>writegraph3d planar <<
1 0 0 0 2 3 4
2 0 0 0 1 5 6
3 0 0 0 1 7 8
4 0 0 0 1 9 10
5 0 0 0 2 10 11
6 0 0 0 2 12 7
7 0 0 0 3 6 13
8 0 0 0 3 14 9
9 0 0 0 4 8 15
10 0 0 0 4 16 5
11 0 0 0 5 17 18
12 0 0 0 6 19 20
13 0 0 0 7 21 14
14 0 0 0 8 13 22
15 0 0 0 9 23 24
16 0 0 0 10 25 26
17 0 0 0 11 27 28
18 0 0 0 11 29 30
19 0 0 0 12 30 31
20 0 0 0 12 32 33
21 0 0 0 13 34 35
22 0 0 0 14 36 37
23 0 0 0 15 38 28
24 0 0 0 15 39 40
25 0 0 0 16 40 41
26 0 0 0 16 42 43
27 0 0 0 17 43 44
28 0 0 0 17 23 29
29 0 0 0 18 28 45
30 0 0 0 18 46 19
31 0 0 0 19 47 36
32 0 0 0 20 48 49
33 0 0 0 20 50 34
34 0 0 0 21 33 51
35 0 0 0 21 52 53
36 0 0 0 22 54 31
37 0 0 0 22 47 38
38 0 0 0 23 37 45
39 0 0 0 24 44 55
40 0 0 0 24 56 25
41 0 0 0 25 57 42
42 0 0 0 26 41 58
43 0 0 0 26 59 27
44 0 0 0 27 60 39
45 0 0 0 29 38 46
46 0 0 0 30 45 47
47 0 0 0 31 46 37
48 0 0 0 32 54 61
49 0 0 0 32 62 50
50 0 0 0 33 49 63
51 0 0 0 34 63 52
52 0 0 0 35 51 64
53 0 0 0 35 65 54
54 0 0 0 36 53 48
55 0 0 0 39 66 56
56 0 0 0 40 55 57
57 0 0 0 41 56 67
58 0 0 0 42 67 59
59 0 0 0 43 58 60
60 0 0 0 44 59 66
61 0 0 0 48 65 62
62 0 0 0 49 61 68
63 0 0 0 50 68 51
64 0 0 0 52 68 65
65 0 0 0 53 64 61
66 0 0 0 55 60 67
67 0 0 0 57 66 58
68 0 0 0 62 64 63
0
