>>writegraph3d planar <<
1 0 0 0 2 3 4
2 0 0 0 1 5 6
3 0 0 0 1 7 8
4 0 0 0 1 9 10
5 0 0 0 2 10 11
6 0 0 0 2 12 7
7 0 0 0 3 6 13
8 0 0 0 3 14
9 0 0 0 4 15 16
10 0 0 0 4 17 5
11 0 0 0 5 18 12
12 0 0 0 6 11 19
13 0 0 0 7 20
14 0 0 0 8 22 23
15 0 0 0 9 23 24
16 0 0 0 9 25 17
17 0 0 0 10 16 18
18 0 0 0 11 17 26
19 0 0 0 12 27 28
20 0 0 0 13 29 30
21 0 0 0 30 22
22 0 0 0 14 21 31
23 0 0 0 14 32 15
24 0 0 0 15 33 34
25 0 0 0 16 35 26
26 0 0 0 18 25 36
27 0 0 0 19 37 38
28 0 0 0 19 39 29
29 0 0 0 20 28 40
30 0 0 0 20 41 21
31 0 0 0 22 42 32
32 0 0 0 23 31 33
33 0 0 0 24 32 43
34 0 0 0 24 44 45
35 0 0 0 25 45 46
36 0 0 0 26 46 37
37 0 0 0 27 36 47
38 0 0 0 27 48 39
39 0 0 0 28 38 49
40 0 0 0 29 49 41
41 0 0 0 30 40 50
42 0 0 0 31 51 43
43 0 0 0 33 42 44
44 0 0 0 34 43 52
45 0 0 0 34 53 35
46 0 0 0 35 54 36
47 0 0 0 37 54 48
48 0 0 0 38 47 55
49 0 0 0 39 55 40
50 0 0 0 41 55 51
51 0 0 0 42 50 52
52 0 0 0 44 51 53
53 0 0 0 45 52 54
54 0 0 0 46 53 47
55 0 0 0 48 50 49
0
