>>writegraph3d planar <<
1 0 0 0 2 3 4
2 0 0 0 1 5 6
3 0 0 0 1 7 8
4 0 0 0 1 9 10
5 0 0 0 2 10 9
6 0 0 0 2 8 7
7 0 0 0 3 6 11
8 0 0 0 3 12 6
9 0 0 0 4 5 13
10 0 0 0 4 14 5
11 0 0 0 7 15 16
12 0 0 0 8 17 18
13 0 0 0 9 19 14
14 0 0 0 10 13 20
15 0 0 0 11 21 22
16 0 0 0 11 23 24
17 0 0 0 12 24 25
18 0 0 0 12 26 21
19 0 0 0 13 27 28
20 0 0 0 14 28 27
21 0 0 0 15 18 29
22 0 0 0 15 30 23
23 0 0 0 16 22 31
24 0 0 0 16 32 17
25 0 0 0 17 33 26
26 0 0 0 18 25 34
27 0 0 0 19 20 35
28 0 0 0 19 36 20
29 0 0 0 21 34 30
30 0 0 0 22 29 37
31 0 0 0 23 37 32
32 0 0 0 24 31 33
33 0 0 0 25 32 38
34 0 0 0 26 38 29
35 0 0 0 27 39 40
36 0 0 0 28 41 42
37 0 0 0 30 38 31
38 0 0 0 33 37 34
39 0 0 0 35 43 44
40 0 0 0 35 45 46
41 0 0 0 36 46 47
42 0 0 0 36 48 43
43 0 0 0 39 42 49
44 0 0 0 39 50 45
45 0 0 0 40 44 51
46 0 0 0 40 52 41
47 0 0 0 41 53 48
48 0 0 0 42 47 54
49 0 0 0 43 54 50
50 0 0 0 44 49 55
51 0 0 0 45 55 52
52 0 0 0 46 51 53
53 0 0 0 47 52 56
54 0 0 0 48 56 49
55 0 0 0 50 56 51
56 0 0 0 53 55 54
0
