>>writegraph3d planar <<
1 0 0 0 2 3 4
2 0 0 0 1 5 6
3 0 0 0 1 7 8
4 0 0 0 1 9 10
5 0 0 0 2 10 11
6 0 0 0 2 12 7
7 0 0 0 3 6 13
8 0 0 0 3 14 15
9 0 0 0 4 16 17
10 0 0 0 4 18 5
11 0 0 0 5 19 12
12 0 0 0 6 11
13 0 0 0 7 21 14
14 0 0 0 8 13 22
15 0 0 0 8 23 24
16 0 0 0 9 24 25
17 0 0 0 9 26 18
18 0 0 0 10 17 19
19 0 0 0 11 18 27
20 0 0 0 28 29
21 0 0 0 13 30 31
22 0 0 0 14 31 23
23 0 0 0 15 22 32
24 0 0 0 15 33 16
25 0 0 0 16 34 26
26 0 0 0 17 25 27
27 0 0 0 19 26 35
28 0 0 0 20 36 37
29 0 0 0 20 38 30
30 0 0 0 21 29 39
31 0 0 0 21 40 22
32 0 0 0 23 40 41
33 0 0 0 24 42 34
34 0 0 0 25 33 35
35 0 0 0 27 34 36
36 0 0 0 28 35 42
37 0 0 0 28 43 38
38 0 0 0 29 37 44
39 0 0 0 30 44 40
40 0 0 0 31 39 32
41 0 0 0 32 44 43
42 0 0 0 33 43 36
43 0 0 0 37 42 41
44 0 0 0 38 41 39
0
