>>writegraph3d planar <<
1 0 0 0 2 3 4
2 0 0 0 1 5 6
3 0 0 0 1 7 8
4 0 0 0 1 9 10
5 0 0 0 2 10 11
6 0 0 0 2 12 7
7 0 0 0 3 6 13
8 0 0 0 3 14 9
9 0 0 0 4 8 15
10 0 0 0 4 16 5
11 0 0 0 5 17 12
12 0 0 0 6 11 18
13 0 0 0 7 19 20
14 0 0 0 8 21 22
15 0 0 0 9 22 16
16 0 0 0 10 15 23
17 0 0 0 11 24 25
18 0 0 0 12 25 26
19 0 0 0 13 27 28
20 0 0 0 13 29 30
21 0 0 0 14 30 31
22 0 0 0 14 32 15
23 0 0 0 16 32
24 0 0 0 17 33
25 0 0 0 17 34 18
26 0 0 0 18 35 27
27 0 0 0 19 26 36
28 0 0 0 19 37 38
29 0 0 0 20 39 40
30 0 0 0 20 41 21
31 0 0 0 21 42 32
32 0 0 0 22 31 23
33 0 0 0 24 44 34
34 0 0 0 25 33 35
35 0 0 0 26 34 45
36 0 0 0 27 45 37
37 0 0 0 28 36 46
38 0 0 0 28 47 48
39 0 0 0 29 48 49
40 0 0 0 29 50 41
41 0 0 0 30 40 42
42 0 0 0 31 41 51
43 0 0 0 52 53
44 0 0 0 33 46 45
45 0 0 0 35 44 36
46 0 0 0 37 44 47
47 0 0 0 38 46 53
48 0 0 0 38 54 39
49 0 0 0 39 55 50
50 0 0 0 40 49 51
51 0 0 0 42 50 52
52 0 0 0 43 51 55
53 0 0 0 43 54 47
54 0 0 0 48 53 55
55 0 0 0 49 54 52
0
