>>writegraph3d planar <<
1 0 0 0 2 3 4
2 0 0 0 1 5 6
3 0 0 0 1 7 8
4 0 0 0 1 9 10
5 0 0 0 2 10 11
6 0 0 0 2 12 7
7 0 0 0 3 6 13
8 0 0 0 3 14 9
9 0 0 0 4 8 15
10 0 0 0 4 16 5
11 0 0 0 5 17 12
12 0 0 0 6 11 18
13 0 0 0 7 19 14
14 0 0 0 8 13 20
15 0 0 0 9 20 21
16 0 0 0 10 22 17
17 0 0 0 11 16 23
18 0 0 0 12 24 25
19 0 0 0 13 26 27
20 0 0 0 14 28 15
21 0 0 0 15 29
22 0 0 0 16 30
23 0 0 0 17 30 31
24 0 0 0 18 32 33
25 0 0 0 18 34 26
26 0 0 0 19 25 35
27 0 0 0 19 36 37
28 0 0 0 20 38 29
29 0 0 0 21 28 39
30 0 0 0 22 41 23
31 0 0 0 23 42 32
32 0 0 0 24 31 43
33 0 0 0 24 44 34
34 0 0 0 25 33 45
35 0 0 0 26 45 36
36 0 0 0 27 35 46
37 0 0 0 27 47 38
38 0 0 0 28 37 48
39 0 0 0 29 48 49
40 0 0 0 50 51
41 0 0 0 30 52 42
42 0 0 0 31 41 53
43 0 0 0 32 53 54
44 0 0 0 33 55 56
45 0 0 0 34 56 35
46 0 0 0 36 56 57
47 0 0 0 37 58 59
48 0 0 0 38 59 39
49 0 0 0 39 60 61
50 0 0 0 40 61 62
51 0 0 0 40 63 64
52 0 0 0 41 64 65
53 0 0 0 42 65 43
54 0 0 0 43 66 67
55 0 0 0 44 67 57
56 0 0 0 44 46 45
57 0 0 0 46 55 68
58 0 0 0 47 68 69
59 0 0 0 47 60 48
60 0 0 0 49 59 69
61 0 0 0 49 70 50
62 0 0 0 50 71 63
63 0 0 0 51 62 72
64 0 0 0 51 73 52
65 0 0 0 52 66 53
66 0 0 0 54 65 73
67 0 0 0 54 72 55
68 0 0 0 57 71 58
69 0 0 0 58 70 60
70 0 0 0 61 69 71
71 0 0 0 62 70 68
72 0 0 0 63 67 73
73 0 0 0 64 72 66
0
