>>writegraph3d planar <<
1 0 0 0 2 3 4
2 0 0 0 1 5 6
3 0 0 0 1 7 8
4 0 0 0 1 9 10
5 0 0 0 2 11 12
6 0 0 0 2 13 7
7 0 0 0 3 6 14
8 0 0 0 3 15 16
9 0 0 0 4 17 18
10 0 0 0 4 19 20
11 0 0 0 5 21 22
12 0 0 0 5 23 13
13 0 0 0 6 12 24
14 0 0 0 7 24 15
15 0 0 0 8 14 25
16 0 0 0 8 26 27
17 0 0 0 9 27 28
18 0 0 0 9 29 19
19 0 0 0 10 18 30
20 0 0 0 10 31 21
21 0 0 0 11 20 32
22 0 0 0 11 23
23 0 0 0 12 22 33
24 0 0 0 13 34 14
25 0 0 0 15 35 26
26 0 0 0 16 25 36
27 0 0 0 16 37 17
28 0 0 0 17 38 29
29 0 0 0 18 28 39
30 0 0 0 19 39 31
31 0 0 0 20 30 40
32 0 0 0 21 40
33 0 0 0 23 41 42
34 0 0 0 24 43 44
35 0 0 0 25 45 46
36 0 0 0 26 46 37
37 0 0 0 27 36 38
38 0 0 0 28 37 47
39 0 0 0 29 48 30
40 0 0 0 31 49 32
41 0 0 0 49 33
42 0 0 0 33 50 43
43 0 0 0 34 42 51
44 0 0 0 34 52 45
45 0 0 0 35 44 53
46 0 0 0 35 47 36
47 0 0 0 38 46 53
48 0 0 0 39 54 55
49 0 0 0 40 50 41
50 0 0 0 42 49 55
51 0 0 0 43 55 52
52 0 0 0 44 51 54
53 0 0 0 45 54 47
54 0 0 0 48 53 52
55 0 0 0 48 51 50
0
