>>writegraph3d planar <<
1 0 0 0 2 3 4
2 0 0 0 1 5 6
3 0 0 0 1 7 8
4 0 0 0 1 6 9
5 0 0 0 2 10 11
6 0 0 0 2 4 12
7 0 0 0 3 13 14
8 0 0 0 3 15 16
9 0 0 0 4 17 18
10 0 0 0 5 19 20
11 0 0 0 5 21 22
12 0 0 0 6 23 24
13 0 0 0 7 24 25
14 0 0 0 7 26 15
15 0 0 0 8 14 27
16 0 0 0 8 28 23
17 0 0 0 9 22 29
18 0 0 0 9 19
19 0 0 0 10 18 31
20 0 0 0 10 32 21
21 0 0 0 11 20 33
22 0 0 0 11 34 17
23 0 0 0 12 16 35
24 0 0 0 12 36 13
25 0 0 0 13 37 26
26 0 0 0 14 25 38
27 0 0 0 15 38 28
28 0 0 0 16 27 39
29 0 0 0 17 40 30
30 0 0 0 29 41
31 0 0 0 19 41 32
32 0 0 0 20 31 42
33 0 0 0 21 42 34
34 0 0 0 22 33 40
35 0 0 0 23 39 36
36 0 0 0 24 35 37
37 0 0 0 25 36 43
38 0 0 0 26 43 27
39 0 0 0 28 43 35
40 0 0 0 29 34 44
41 0 0 0 30 45 31
42 0 0 0 32 44 33
43 0 0 0 37 39 38
44 0 0 0 40 42 46
45 0 0 0 41 47 48
46 0 0 0 44 48 47
47 0 0 0 45 46 49
48 0 0 0 45 50 46
49 0 0 0 47 51 52
50 0 0 0 48 53 54
51 0 0 0 49 55 56
52 0 0 0 49 57 58
53 0 0 0 50 58 59
54 0 0 0 50 60 55
55 0 0 0 51 54 61
56 0 0 0 51 62 57
57 0 0 0 52 56 63
58 0 0 0 52 64 53
59 0 0 0 53 65 60
60 0 0 0 54 59 66
61 0 0 0 55 66 62
62 0 0 0 56 61 67
63 0 0 0 57 67 64
64 0 0 0 58 63 65
65 0 0 0 59 64 68
66 0 0 0 60 68 61
67 0 0 0 62 68 63
68 0 0 0 65 67 66
0
