>>writegraph3d planar <<
1 0 0 0 2 3 4
2 0 0 0 1 5 6
3 0 0 0 1 7 8
4 0 0 0 1 9 10
5 0 0 0 2 11 12
6 0 0 0 2 13 7
7 0 0 0 3 6 14
8 0 0 0 3 15 16
9 0 0 0 4 17 18
10 0 0 0 4 19 20
11 0 0 0 5 21
12 0 0 0 5 23 13
13 0 0 0 6 12 24
14 0 0 0 7 25 15
15 0 0 0 8 14 26
16 0 0 0 8 27 28
17 0 0 0 9 28 29
18 0 0 0 9 30 19
19 0 0 0 10 18 31
20 0 0 0 10 32 21
21 0 0 0 11 20 33
22 0 0 0 34 23
23 0 0 0 12 22 35
24 0 0 0 13 35 36
25 0 0 0 14 37 38
26 0 0 0 15 39 27
27 0 0 0 16 26 40
28 0 0 0 16 41 17
29 0 0 0 17 42 30
30 0 0 0 18 29 43
31 0 0 0 19 43 32
32 0 0 0 20 31 44
33 0 0 0 21 44 34
34 0 0 0 22 33 45
35 0 0 0 23 46 24
36 0 0 0 24 47 37
37 0 0 0 25 36 48
38 0 0 0 25 49 50
39 0 0 0 26 51 52
40 0 0 0 27 52 41
41 0 0 0 28 40 42
42 0 0 0 29 41 53
43 0 0 0 30 53 31
44 0 0 0 32 54 33
45 0 0 0 34 54 55
46 0 0 0 35 56 47
47 0 0 0 36 46 57
48 0 0 0 37 57 49
49 0 0 0 38 48 58
50 0 0 0 38 59 51
51 0 0 0 39 50 60
52 0 0 0 39 61 40
53 0 0 0 42 62 43
54 0 0 0 44 63 45
55 0 0 0 45 64 56
56 0 0 0 46 55 65
57 0 0 0 47 65 48
58 0 0 0 49 65 59
59 0 0 0 50 58 66
60 0 0 0 51 66 61
61 0 0 0 52 60 67
62 0 0 0 53 67 63
63 0 0 0 54 62 64
64 0 0 0 55 63 68
65 0 0 0 56 58 57
66 0 0 0 59 68 60
67 0 0 0 61 68 62
68 0 0 0 64 67 66
0
