>>writegraph3d planar <<
1 0 0 0 2 3 4
2 0 0 0 1 5 6
3 0 0 0 1 7 8
4 0 0 0 1 9 10
5 0 0 0 2 10 11
6 0 0 0 2 12 7
7 0 0 0 3 6 13
8 0 0 0 3 14 9
9 0 0 0 4 8 15
10 0 0 0 4 16 5
11 0 0 0 5 17 18
12 0 0 0 6 19 20
13 0 0 0 7 21 22
14 0 0 0 8 23 24
15 0 0 0 9 24 16
16 0 0 0 10 15 17
17 0 0 0 11 16 25
18 0 0 0 11 26 27
19 0 0 0 12 27 28
20 0 0 0 12 29 30
21 0 0 0 13 31 32
22 0 0 0 13 33 34
23 0 0 0 14 34 35
24 0 0 0 14 25 15
25 0 0 0 17 24 35
26 0 0 0 18 36 37
27 0 0 0 18 38 19
28 0 0 0 19 39 29
29 0 0 0 20 28 40
30 0 0 0 20 41 31
31 0 0 0 21 30 42
32 0 0 0 21 43 33
33 0 0 0 22 32 44
34 0 0 0 22 45 23
35 0 0 0 23 46 25
36 0 0 0 26 46 47
37 0 0 0 26 48 38
38 0 0 0 27 37 39
39 0 0 0 28 38 49
40 0 0 0 29 49 41
41 0 0 0 30 40 50
42 0 0 0 31 50 43
43 0 0 0 32 42 51
44 0 0 0 33 52 53
45 0 0 0 34 54 46
46 0 0 0 35 45 36
47 0 0 0 36 54 55
48 0 0 0 37 56 57
49 0 0 0 39 58 40
50 0 0 0 41 58 42
51 0 0 0 43 58 57
52 0 0 0 44 59 60
53 0 0 0 44 61 62
54 0 0 0 45 62 47
55 0 0 0 47 63 64
56 0 0 0 48 64 65
57 0 0 0 48 59 51
58 0 0 0 49 51 50
59 0 0 0 52 57 65
60 0 0 0 52 66 61
61 0 0 0 53 60 67
62 0 0 0 53 63 54
63 0 0 0 55 62 67
64 0 0 0 55 68 56
65 0 0 0 56 66 59
66 0 0 0 60 65 68
67 0 0 0 61 68 63
68 0 0 0 64 67 66
0
