>>writegraph3d planar <<
1 0 0 0 2 3 4
2 0 0 0 1 5 6
3 0 0 0 1 7 8
4 0 0 0 1 9 10
5 0 0 0 2 10 11
6 0 0 0 2 12 7
7 0 0 0 3 6 13
8 0 0 0 3 14 9
9 0 0 0 4 8 15
10 0 0 0 4 16 5
11 0 0 0 5 17 18
12 0 0 0 6 19 20
13 0 0 0 7 21 14
14 0 0 0 8 13 22
15 0 0 0 9 22 16
16 0 0 0 10 15 17
17 0 0 0 11 16 23
18 0 0 0 11 24 25
19 0 0 0 12 25 26
20 0 0 0 12 27 28
21 0 0 0 13 29 30
22 0 0 0 14 23 15
23 0 0 0 17 22
24 0 0 0 18 31 32
25 0 0 0 18 33 19
26 0 0 0 19 34 35
27 0 0 0 20 36 37
28 0 0 0 20 38 29
29 0 0 0 21 28 39
30 0 0 0 21 40 41
31 0 0 0 24 42 43
32 0 0 0 24 44 33
33 0 0 0 25 32 34
34 0 0 0 26 33 45
35 0 0 0 26 46 47
36 0 0 0 27 47 48
37 0 0 0 27 49 38
38 0 0 0 28 37 50
39 0 0 0 29 50 40
40 0 0 0 30 39 51
41 0 0 0 30 52
42 0 0 0 53 31
43 0 0 0 31 54 44
44 0 0 0 32 43 45
45 0 0 0 34 44 46
46 0 0 0 35 45 54
47 0 0 0 35 53 36
48 0 0 0 36 52 49
49 0 0 0 37 48 55
50 0 0 0 38 55 39
51 0 0 0 40 55 52
52 0 0 0 41 51 48
53 0 0 0 42 47 54
54 0 0 0 43 53 46
55 0 0 0 49 51 50
0
