>>writegraph3d planar <<
1 0 0 0 2 3 4
2 0 0 0 1 5 6
3 0 0 0 1 7 8
4 0 0 0 1 9 10
5 0 0 0 2 10 11
6 0 0 0 2 12 7
7 0 0 0 3 6 13
8 0 0 0 3 14 9
9 0 0 0 4 8 15
10 0 0 0 4 16 5
11 0 0 0 5 17 12
12 0 0 0 6 11 18
13 0 0 0 7 19 14
14 0 0 0 8 13 20
15 0 0 0 9 20 16
16 0 0 0 10 15 17
17 0 0 0 11 16 21
18 0 0 0 12 22 23
19 0 0 0 13 24 25
20 0 0 0 14 21 15
21 0 0 0 17 20 26
22 0 0 0 18 27 28
23 0 0 0 18 29 24
24 0 0 0 19 23 30
25 0 0 0 19 31 32
26 0 0 0 21 32 27
27 0 0 0 22 26 33
28 0 0 0 22 34 29
29 0 0 0 23 28 35
30 0 0 0 24 35 31
31 0 0 0 25 30 36
32 0 0 0 25 37 26
33 0 0 0 27 37 34
34 0 0 0 28 33
35 0 0 0 29 30
36 0 0 0 31 37
37 0 0 0 32 36 33
0
