>>writegraph3d planar <<
1 0 0 0 2 3 4
2 0 0 0 1 5 6
3 0 0 0 1 7 8
4 0 0 0 1 9 10
5 0 0 0 2 11 12
6 0 0 0 2 13 7
7 0 0 0 3 6 14
8 0 0 0 3 15 16
9 0 0 0 4 17 18
10 0 0 0 4 19 20
11 0 0 0 5 21 22
12 0 0 0 5 23 13
13 0 0 0 6 12 24
14 0 0 0 7 25 15
15 0 0 0 8 14 26
16 0 0 0 8 27 28
17 0 0 0 9 28 29
18 0 0 0 9 30 19
19 0 0 0 10 18 31
20 0 0 0 10 32 21
21 0 0 0 11 20 33
22 0 0 0 11 27 23
23 0 0 0 12 22 34
24 0 0 0 13 35 36
25 0 0 0 14 37 38
26 0 0 0 15 34 27
27 0 0 0 16 26 22
28 0 0 0 16 39 17
29 0 0 0 17 40 30
30 0 0 0 18 29
31 0 0 0 19 32
32 0 0 0 20 31 41
33 0 0 0 21 41 39
34 0 0 0 23 26 42
35 0 0 0 24 43 44
36 0 0 0 24 45 37
37 0 0 0 25 36 46
38 0 0 0 25 47 48
39 0 0 0 28 33 40
40 0 0 0 29 39 49
41 0 0 0 32 49 33
42 0 0 0 34 48 43
43 0 0 0 35 42 50
44 0 0 0 35 51 45
45 0 0 0 36 44 52
46 0 0 0 37 52 47
47 0 0 0 38 46 53
48 0 0 0 38 54 42
49 0 0 0 40 41
50 0 0 0 43 54 51
51 0 0 0 44 50 55
52 0 0 0 45 55 46
53 0 0 0 47 55 54
54 0 0 0 48 53 50
55 0 0 0 51 53 52
0
