>>writegraph3d planar <<
1 0 0 0 2 3 4
2 0 0 0 1 5 6
3 0 0 0 1 7 8
4 0 0 0 1 9 10
5 0 0 0 2 10 11
6 0 0 0 2 12 7
7 0 0 0 3 6 13
8 0 0 0 3 14 9
9 0 0 0 4 8 15
10 0 0 0 4 16 5
11 0 0 0 5 17 12
12 0 0 0 6 11 18
13 0 0 0 7 19 14
14 0 0 0 8 13 20
15 0 0 0 9 20 21
16 0 0 0 10 22 17
17 0 0 0 11 16 23
18 0 0 0 12 24 25
19 0 0 0 13 26 27
20 0 0 0 14 28 15
21 0 0 0 15 29 30
22 0 0 0 16 30 31
23 0 0 0 17 31 32
24 0 0 0 18 33 34
25 0 0 0 18 35 26
26 0 0 0 19 25 36
27 0 0 0 19 37 38
28 0 0 0 20 39 29
29 0 0 0 21 28 40
30 0 0 0 21 41 22
31 0 0 0 22 42 23
32 0 0 0 23 43 33
33 0 0 0 24 32 44
34 0 0 0 24 45 35
35 0 0 0 25 34 46
36 0 0 0 26 46 37
37 0 0 0 27 36 47
38 0 0 0 27 48 39
39 0 0 0 28 38 49
40 0 0 0 29 49 50
41 0 0 0 30 51 52
42 0 0 0 31 53 43
43 0 0 0 32 42 54
44 0 0 0 33 54 55
45 0 0 0 34 56 57
46 0 0 0 35 57 36
47 0 0 0 37 57 58
48 0 0 0 38 59 60
49 0 0 0 39 60 40
50 0 0 0 40 61 62
51 0 0 0 41 62 63
52 0 0 0 41 64 65
53 0 0 0 42 65 66
54 0 0 0 43 66 44
55 0 0 0 44 67 68
56 0 0 0 45 68 58
57 0 0 0 45 47 46
58 0 0 0 47 56 69
59 0 0 0 48 69 70
60 0 0 0 48 61 49
61 0 0 0 50 60 70
62 0 0 0 50 71 51
63 0 0 0 51 72 64
64 0 0 0 52 63 73
65 0 0 0 52 74 53
66 0 0 0 53 67 54
67 0 0 0 55 66 74
68 0 0 0 55 73 56
69 0 0 0 58 72 59
70 0 0 0 59 71 61
71 0 0 0 62 70 72
72 0 0 0 63 71 69
73 0 0 0 64 68 74
74 0 0 0 65 73 67
0
