>>writegraph3d planar <<
1 0 0 0 2 3 4
2 0 0 0 1 5 6
3 0 0 0 1 8
4 0 0 0 1 9 10
5 0 0 0 2 11 12
6 0 0 0 2 13 7
7 0 0 0 6 14
8 0 0 0 3 15 16
9 0 0 0 4 17 18
10 0 0 0 4 19 20
11 0 0 0 5 21 22
12 0 0 0 5 23 24
13 0 0 0 6 25 26
14 0 0 0 7 27 15
15 0 0 0 8 14 28
16 0 0 0 8 29 30
17 0 0 0 9 30 31
18 0 0 0 9 32 19
19 0 0 0 10 18 33
20 0 0 0 10 34 21
21 0 0 0 11 20 35
22 0 0 0 11 29 23
23 0 0 0 12 22 36
24 0 0 0 12 37 38
25 0 0 0 13 38 39
26 0 0 0 13 40 41
27 0 0 0 14 42 43
28 0 0 0 15 44 45
29 0 0 0 16 46 22
30 0 0 0 16 47 17
31 0 0 0 17 48 32
32 0 0 0 18 31 49
33 0 0 0 19 49 34
34 0 0 0 20 33 50
35 0 0 0 21 50 47
36 0 0 0 23 46 37
37 0 0 0 24 36 51
38 0 0 0 24 52 25
39 0 0 0 25 53 44
40 0 0 0 26 54 55
41 0 0 0 26 56 42
42 0 0 0 27 41 57
43 0 0 0 27 58 59
44 0 0 0 28 60 39
45 0 0 0 28 53 61
46 0 0 0 29 61 36
47 0 0 0 30 35 48
48 0 0 0 31 47 62
49 0 0 0 32 62 33
50 0 0 0 34 62 35
51 0 0 0 37 61 52
52 0 0 0 38 51 53
53 0 0 0 39 52 45
54 0 0 0 40 60 63
55 0 0 0 40 64 56
56 0 0 0 41 55 65
57 0 0 0 42 65 58
58 0 0 0 43 57 66
59 0 0 0 43 67 60
60 0 0 0 44 59 54
61 0 0 0 45 51 46
62 0 0 0 48 50 49
63 0 0 0 54 67 64
64 0 0 0 55 63 68
65 0 0 0 56 68 57
66 0 0 0 58 68 67
67 0 0 0 59 66 63
68 0 0 0 64 66 65
0
