>>writegraph3d planar <<
1 0 0 0 9 2 4
2 0 0 0 5 3 1
3 0 0 0 15 4 2
4 0 0 0 3 13 1
5 0 0 0 18 2 6
6 0 0 0 5 7 22
7 0 0 0 6 8 32
8 0 0 0 7 9 14
9 0 0 0 8 1 10
10 0 0 0 11 14 9
11 0 0 0 28 10 12
12 0 0 0 24 11 13
13 0 0 0 4 19 12
14 0 0 0 10 25 8
15 0 0 0 21 3 16
16 0 0 0 15 17 23
17 0 0 0 16 18 44
18 0 0 0 17 5 22
19 0 0 0 13 20 24
20 0 0 0 19 21 37
21 0 0 0 20 15 23
22 0 0 0 38 18 6
23 0 0 0 43 21 16
24 0 0 0 31 12 19
25 0 0 0 26 34 14
26 0 0 0 69 25 27
27 0 0 0 26 28 50
28 0 0 0 27 11 29
29 0 0 0 28 30 50
30 0 0 0 29 31 59
31 0 0 0 30 24 35
32 0 0 0 33 40 7
33 0 0 0 34 51 32
34 0 0 0 69 33 25
35 0 0 0 36 59 31
36 0 0 0 37 49 35
37 0 0 0 41 36 20
38 0 0 0 39 46 22
39 0 0 0 40 66 38
40 0 0 0 32 51 39
41 0 0 0 42 49 37
42 0 0 0 56 41 43
43 0 0 0 47 42 23
44 0 0 0 45 48 17
45 0 0 0 46 52 44
46 0 0 0 66 45 38
47 0 0 0 48 56 43
48 0 0 0 44 52 47
49 0 0 0 41 53 36
50 0 0 0 62 27 29
51 0 0 0 33 68 40
52 0 0 0 45 58 48
53 0 0 0 49 54 61
54 0 0 0 55 79 53
55 0 0 0 57 54 56
56 0 0 0 55 42 47
57 0 0 0 73 55 58
58 0 0 0 52 64 57
59 0 0 0 35 60 30
60 0 0 0 61 63 59
61 0 0 0 53 79 60
62 0 0 0 63 71 50
63 0 0 0 60 78 62
64 0 0 0 65 73 58
65 0 0 0 67 64 66
66 0 0 0 65 46 39
67 0 0 0 76 65 68
68 0 0 0 51 72 67
69 0 0 0 70 34 26
70 0 0 0 72 69 71
71 0 0 0 62 78 70
72 0 0 0 68 70 76
73 0 0 0 74 57 64
74 0 0 0 80 73 75
75 0 0 0 74 76 77
76 0 0 0 75 67 72
77 0 0 0 78 80 75
78 0 0 0 63 77 71
79 0 0 0 54 80 61
80 0 0 0 79 74 77
0
