>>writegraph3d planar <<
1 0 0 0 6 2 4
2 0 0 0 5 3 1
3 0 0 0 13 4 2
4 0 0 0 3 9 1
5 0 0 0 16 2 6
6 0 0 0 5 1
7 0 0 0 36 8
8 0 0 0 9 21 7
9 0 0 0 10 8 4
10 0 0 0 24 9 11
11 0 0 0 10 12 29
12 0 0 0 11 13 20
13 0 0 0 12 3 14
14 0 0 0 13 15 20
15 0 0 0 14 16 25
16 0 0 0 15 5 17
17 0 0 0 18 28 16
18 0 0 0 19 34 17
19 0 0 0 37 18
20 0 0 0 29 12 14
21 0 0 0 22 36 8
22 0 0 0 39 21 23
23 0 0 0 22 24 35
24 0 0 0 23 10 32
25 0 0 0 26 31 15
26 0 0 0 27 42 25
27 0 0 0 28 40 26
28 0 0 0 34 27 17
29 0 0 0 30 11 20
30 0 0 0 31 33 29
31 0 0 0 25 42 30
32 0 0 0 33 35 24
33 0 0 0 30 43 32
34 0 0 0 37 28 18
35 0 0 0 32 43 23
36 0 0 0 39 7 21
37 0 0 0 38 34 19
38 0 0 0 41 37 39
39 0 0 0 38 36 22
40 0 0 0 27 41 42
41 0 0 0 40 38 43
42 0 0 0 26 40 31
43 0 0 0 33 41 35
0
