>>writegraph3d planar <<
1 0 0 0 8 2 5
2 0 0 0 6 3 1
3 0 0 0 11 4 2
4 0 0 0 18 5 3
5 0 0 0 4 10 1
6 0 0 0 14 2 7
7 0 0 0 6 8 36
8 0 0 0 7 1 9
9 0 0 0 10 29 8
10 0 0 0 15 9 5
11 0 0 0 21 3 12
12 0 0 0 11 13 23
13 0 0 0 12 14 54
14 0 0 0 13 6 44
15 0 0 0 32 10 16
16 0 0 0 15 17 34
17 0 0 0 16 18 24
18 0 0 0 17 4 19
19 0 0 0 18 20 25
20 0 0 0 19 21 26
21 0 0 0 20 11 22
22 0 0 0 23 27 21
23 0 0 0 55 22 12
24 0 0 0 25 35 17
25 0 0 0 28 24 19
26 0 0 0 27 28 20
27 0 0 0 63 26 22
28 0 0 0 58 25 26
29 0 0 0 30 38 9
30 0 0 0 40 29 31
31 0 0 0 30 32 42
32 0 0 0 31 15 33
33 0 0 0 34 43 32
34 0 0 0 35 33 16
35 0 0 0 56 34 24
36 0 0 0 37 46 7
37 0 0 0 48 36 38
38 0 0 0 39 37 29
39 0 0 0 49 38 40
40 0 0 0 39 30 41
41 0 0 0 42 75 40
42 0 0 0 43 41 31
43 0 0 0 59 42 33
44 0 0 0 45 52 14
45 0 0 0 50 44 46
46 0 0 0 47 45 36
47 0 0 0 51 46 48
48 0 0 0 47 37 49
49 0 0 0 48 39 79
50 0 0 0 53 45 51
51 0 0 0 50 47 84
52 0 0 0 53 54 44
53 0 0 0 70 52 50
54 0 0 0 52 55 13
55 0 0 0 68 23 54
56 0 0 0 60 35 57
57 0 0 0 56 58 65
58 0 0 0 57 28 61
59 0 0 0 77 43 60
60 0 0 0 59 56 64
61 0 0 0 58 62 66
62 0 0 0 61 63 73
63 0 0 0 62 27 67
64 0 0 0 65 78 60
65 0 0 0 66 64 57
66 0 0 0 74 65 61
67 0 0 0 63 68 71
68 0 0 0 67 55 69
69 0 0 0 68 70 72
70 0 0 0 69 53 87
71 0 0 0 72 73 67
72 0 0 0 90 71 69
73 0 0 0 71 74 62
74 0 0 0 73 66
75 0 0 0 76 80 41
76 0 0 0 82 75 77
77 0 0 0 76 59 78
78 0 0 0 64 83 77
79 0 0 0 80 85 49
80 0 0 0 81 79 75
81 0 0 0 86 80 82
82 0 0 0 81 76 83
83 0 0 0 78 82
84 0 0 0 85 88 51
85 0 0 0 86 84 79
86 0 0 0 91 85 81
87 0 0 0 88 90 70
88 0 0 0 91 87 84
89 0 0 0 90 91
90 0 0 0 89 72 87
91 0 0 0 89 88 86
0
