>>writegraph3d planar <<
1 0 0 0 6 2 4
2 0 0 0 5 3 1
3 0 0 0 13 4 2
4 0 0 0 3 9 1
5 0 0 0 16 2 6
6 0 0 0 5 1
7 0 0 0 41 8
8 0 0 0 9 24 7
9 0 0 0 4 10 8
10 0 0 0 9 11 27
11 0 0 0 12 28 10
12 0 0 0 20 11 13
13 0 0 0 12 3 14
14 0 0 0 13 15 23
15 0 0 0 14 16 35
16 0 0 0 15 5 17
17 0 0 0 18 36 16
18 0 0 0 19 43 17
19 0 0 0 42 18
20 0 0 0 21 28 12
21 0 0 0 30 20 22
22 0 0 0 34 21 23
23 0 0 0 35 22 14
24 0 0 0 8 25 41
25 0 0 0 26 38 24
26 0 0 0 29 25 27
27 0 0 0 28 26 10
28 0 0 0 20 27 11
29 0 0 0 37 26 30
30 0 0 0 29 21 31
31 0 0 0 32 37 30
32 0 0 0 40 31 33
33 0 0 0 32 34 36
34 0 0 0 33 22 35
35 0 0 0 34 23 15
36 0 0 0 17 43 33
37 0 0 0 31 40 29
38 0 0 0 25 39 41
39 0 0 0 38 40 42
40 0 0 0 37 32 39
41 0 0 0 38 7 24
42 0 0 0 19 39 43
43 0 0 0 18 42 36
0
