>>writegraph3d planar <<
1 0 0 0 5 8 2
2 0 0 0 1 88 3
3 0 0 0 2 26 46
4 0 0 0 50 71 5
5 0 0 0 4 6 1
6 0 0 0 5 12 53
7 0 0 0 57 64 8
8 0 0 0 7 31 1
9 0 0 0 55 14 60
10 0 0 0 48 18 67
11 0 0 0 69 20 12
12 0 0 0 11 13 6
13 0 0 0 12 21 14
14 0 0 0 13 15 9
15 0 0 0 14 22 16
16 0 0 0 15 125 17
17 0 0 0 16 32 62
18 0 0 0 10 27 19
19 0 0 0 18 23 20
20 0 0 0 19 74 11
21 0 0 0 78 81 13
22 0 0 0 85 42 15
23 0 0 0 19 35 24
24 0 0 0 23 41 25
25 0 0 0 24 83 76
26 0 0 0 3 29 27
27 0 0 0 26 102 18
28 0 0 0 92 99 29
29 0 0 0 28 37 26
30 0 0 0 90 31 95
31 0 0 0 8 32 30
32 0 0 0 31 17 33
33 0 0 0 32 44 34
34 0 0 0 33 38 97
35 0 0 0 106 113 23
36 0 0 0 104 37 109
37 0 0 0 29 38 36
38 0 0 0 37 34 39
39 0 0 0 38 116 40
40 0 0 0 39 41 111
41 0 0 0 24 40 42
42 0 0 0 41 43 22
43 0 0 0 120 127 42
44 0 0 0 118 33 123
45 0 0 0 47 49 51
46 0 0 0 3 47 51
47 0 0 0 45 46 48
48 0 0 0 10 49 47
49 0 0 0 45 48 50
50 0 0 0 4 51 49
51 0 0 0 45 50 46
52 0 0 0 54 56 58
53 0 0 0 6 54 58
54 0 0 0 52 53 55
55 0 0 0 9 56 54
56 0 0 0 52 55 57
57 0 0 0 7 58 56
58 0 0 0 52 57 53
59 0 0 0 61 63 65
60 0 0 0 9 61 65
61 0 0 0 59 60 62
62 0 0 0 17 63 61
63 0 0 0 59 62 64
64 0 0 0 7 65 63
65 0 0 0 59 64 60
66 0 0 0 68 70 72
67 0 0 0 10 68 72
68 0 0 0 66 67 69
69 0 0 0 11 70 68
70 0 0 0 66 69 71
71 0 0 0 4 72 70
72 0 0 0 66 71 67
73 0 0 0 75 77 79
74 0 0 0 20 75 79
75 0 0 0 73 74 76
76 0 0 0 25 77 75
77 0 0 0 73 76 78
78 0 0 0 21 79 77
79 0 0 0 73 78 74
80 0 0 0 82 84 86
81 0 0 0 21 82 86
82 0 0 0 80 81 83
83 0 0 0 25 84 82
84 0 0 0 80 83 85
85 0 0 0 22 86 84
86 0 0 0 80 85 81
87 0 0 0 89 91 93
88 0 0 0 2 89 93
89 0 0 0 87 88 90
90 0 0 0 30 91 89
91 0 0 0 87 90 92
92 0 0 0 28 93 91
93 0 0 0 87 92 88
94 0 0 0 96 98 100
95 0 0 0 30 96 100
96 0 0 0 94 95 97
97 0 0 0 34 98 96
98 0 0 0 94 97 99
99 0 0 0 28 100 98
100 0 0 0 94 99 95
101 0 0 0 103 105 107
102 0 0 0 27 103 107
103 0 0 0 101 102 104
104 0 0 0 36 105 103
105 0 0 0 101 104 106
106 0 0 0 35 107 105
107 0 0 0 101 106 102
108 0 0 0 110 112 114
109 0 0 0 36 110 114
110 0 0 0 108 109 111
111 0 0 0 40 112 110
112 0 0 0 108 111 113
113 0 0 0 35 114 112
114 0 0 0 108 113 109
115 0 0 0 117 119 121
116 0 0 0 39 117 121
117 0 0 0 115 116 118
118 0 0 0 44 119 117
119 0 0 0 115 118 120
120 0 0 0 43 121 119
121 0 0 0 115 120 116
122 0 0 0 124 126 128
123 0 0 0 44 124 128
124 0 0 0 122 123 125
125 0 0 0 16 126 124
126 0 0 0 122 125 127
127 0 0 0 43 128 126
128 0 0 0 122 127 123
0
