>>writegraph3d planar <<
1 0 0 0 27 2
2 0 0 0 1 25 45
3 0 0 0 49 70 4
4 0 0 0 3 5
5 0 0 0 4 11 52
6 0 0 0 56 63 7
7 0 0 0 6 30
8 0 0 0 54 13 59
9 0 0 0 47 17 66
10 0 0 0 68 19 11
11 0 0 0 10 12 5
12 0 0 0 11 20 13
13 0 0 0 12 14 8
14 0 0 0 13 21 15
15 0 0 0 14 124 16
16 0 0 0 15 31 61
17 0 0 0 9 26 18
18 0 0 0 17 22 19
19 0 0 0 18 73 10
20 0 0 0 77 80 12
21 0 0 0 84 41 14
22 0 0 0 18 105 23
23 0 0 0 22 40 24
24 0 0 0 23 82 75
25 0 0 0 2 28 26
26 0 0 0 25 34 17
27 0 0 0 1 94 87
28 0 0 0 91 36 25
29 0 0 0 98 33 89
30 0 0 0 7 31 96
31 0 0 0 30 16 32
32 0 0 0 31 43 33
33 0 0 0 32 37 29
34 0 0 0 26 108 101
35 0 0 0 112 39 103
36 0 0 0 28 37 110
37 0 0 0 36 33 38
38 0 0 0 37 115 39
39 0 0 0 38 40 35
40 0 0 0 23 39 41
41 0 0 0 40 42 21
42 0 0 0 119 126 41
43 0 0 0 117 32 122
44 0 0 0 46 48 50
45 0 0 0 2 46 50
46 0 0 0 44 45 47
47 0 0 0 9 48 46
48 0 0 0 44 47 49
49 0 0 0 3 50 48
50 0 0 0 44 49 45
51 0 0 0 53 55 57
52 0 0 0 5 53 57
53 0 0 0 51 52 54
54 0 0 0 8 55 53
55 0 0 0 51 54 56
56 0 0 0 6 57 55
57 0 0 0 51 56 52
58 0 0 0 60 62 64
59 0 0 0 8 60 64
60 0 0 0 58 59 61
61 0 0 0 16 62 60
62 0 0 0 58 61 63
63 0 0 0 6 64 62
64 0 0 0 58 63 59
65 0 0 0 67 69 71
66 0 0 0 9 67 71
67 0 0 0 65 66 68
68 0 0 0 10 69 67
69 0 0 0 65 68 70
70 0 0 0 3 71 69
71 0 0 0 65 70 66
72 0 0 0 74 76 78
73 0 0 0 19 74 78
74 0 0 0 72 73 75
75 0 0 0 24 76 74
76 0 0 0 72 75 77
77 0 0 0 20 78 76
78 0 0 0 72 77 73
79 0 0 0 81 83 85
80 0 0 0 20 81 85
81 0 0 0 79 80 82
82 0 0 0 24 83 81
83 0 0 0 79 82 84
84 0 0 0 21 85 83
85 0 0 0 79 84 80
86 0 0 0 88 90 92
87 0 0 0 27 88 92
88 0 0 0 86 87 89
89 0 0 0 29 90 88
90 0 0 0 86 89 91
91 0 0 0 28 92 90
92 0 0 0 86 91 87
93 0 0 0 95 97 99
94 0 0 0 27 95 99
95 0 0 0 93 94 96
96 0 0 0 30 97 95
97 0 0 0 93 96 98
98 0 0 0 29 99 97
99 0 0 0 93 98 94
100 0 0 0 102 104 106
101 0 0 0 34 102 106
102 0 0 0 100 101 103
103 0 0 0 35 104 102
104 0 0 0 100 103 105
105 0 0 0 22 106 104
106 0 0 0 100 105 101
107 0 0 0 109 111 113
108 0 0 0 34 109 113
109 0 0 0 107 108 110
110 0 0 0 36 111 109
111 0 0 0 107 110 112
112 0 0 0 35 113 111
113 0 0 0 107 112 108
114 0 0 0 116 118 120
115 0 0 0 38 116 120
116 0 0 0 114 115 117
117 0 0 0 43 118 116
118 0 0 0 114 117 119
119 0 0 0 42 120 118
120 0 0 0 114 119 115
121 0 0 0 123 125 127
122 0 0 0 43 123 127
123 0 0 0 121 122 124
124 0 0 0 15 125 123
125 0 0 0 121 124 126
126 0 0 0 42 127 125
127 0 0 0 121 126 122
0
