>>writegraph3d planar <<
1 0 0 0 2 3 4
2 0 0 0 1 5 6
3 0 0 0 1 7 8
4 0 0 0 1 15 22
5 0 0 0 2 9 10
6 0 0 0 2 29 36
7 0 0 0 3 40 43
8 0 0 0 3 10 11
9 0 0 0 5 26 50
10 0 0 0 5 8 12
11 0 0 0 8 54 17
12 0 0 0 10 47 31
13 0 0 0 33 45 38
14 0 0 0 16 18 20
15 0 0 0 4 16 20
16 0 0 0 14 15 17
17 0 0 0 11 18 16
18 0 0 0 14 17 19
19 0 0 0 20 18
20 0 0 0 14 19 15
21 0 0 0 23 25 27
22 0 0 0 4 23 27
23 0 0 0 21 22 24
24 0 0 0 25 23
25 0 0 0 21 24 26
26 0 0 0 9 27 25
27 0 0 0 21 26 22
28 0 0 0 30 32 34
29 0 0 0 6 30 34
30 0 0 0 28 29 31
31 0 0 0 12 32 30
32 0 0 0 28 31 33
33 0 0 0 13 34 32
34 0 0 0 28 33 29
35 0 0 0 37 39 41
36 0 0 0 6 37 41
37 0 0 0 35 36 38
38 0 0 0 13 39 37
39 0 0 0 35 38 40
40 0 0 0 7 41 39
41 0 0 0 35 40 36
42 0 0 0 44 46 48
43 0 0 0 7 44 48
44 0 0 0 42 43 45
45 0 0 0 13 46 44
46 0 0 0 42 45 47
47 0 0 0 12 48 46
48 0 0 0 42 47 43
49 0 0 0 51 53 55
50 0 0 0 9 51 55
51 0 0 0 49 50 52
52 0 0 0 53 51
53 0 0 0 49 52 54
54 0 0 0 11 55 53
55 0 0 0 49 54 50
0
