>>writegraph3d planar <<
1 0 0 0 2 3 4
2 0 0 0 1 5 6
3 0 0 0 1 6 7
4 0 0 0 1 8 5
5 0 0 0 2 4 9
6 0 0 0 2 9 3
7 0 0 0 3 10 11
8 0 0 0 4 12 9
9 0 0 0 5 8 6
10 0 0 0 7 13 14
11 0 0 0 7 15 16
12 0 0 0 8 16 13
13 0 0 0 10 12 17
14 0 0 0 10 18 19
15 0 0 0 11 20 21
16 0 0 0 11 22 12
17 0 0 0 13 23 24
18 0 0 0 14 25 26
19 0 0 0 14 26 27
20 0 0 0 15 27 28
21 0 0 0 15 28 29
22 0 0 0 16 30 31
23 0 0 0 17 32 33
24 0 0 0 17 33 34
25 0 0 0 18 34 35
26 0 0 0 18 35 19
27 0 0 0 19 35 20
28 0 0 0 20 36 21
29 0 0 0 21 37 38
30 0 0 0 22 38 39
31 0 0 0 22 40 32
32 0 0 0 23 31 41
33 0 0 0 23 41 24
34 0 0 0 24 42 25
35 0 0 0 25 27 26
36 0 0 0 28 42 43
37 0 0 0 29 44 45
38 0 0 0 29 45 30
39 0 0 0 30 45 44
40 0 0 0 31 46 41
41 0 0 0 32 40 33
42 0 0 0 34 47 36
43 0 0 0 36 48 49
44 0 0 0 37 49 39
45 0 0 0 37 39 38
46 0 0 0 40 49 47
47 0 0 0 42 46 50
48 0 0 0 43 51 52
49 0 0 0 43 46 44
50 0 0 0 47 53 54
51 0 0 0 48 54 55
52 0 0 0 48 55 53
53 0 0 0 50 52 56
54 0 0 0 50 56 51
55 0 0 0 51 56 52
56 0 0 0 53 55 54
0
