>>writegraph3d planar <<
1 0 0 0 2 3 4
2 0 0 0 1 5 6
3 0 0 0 1 6 7
4 0 0 0 1 8 5
5 0 0 0 2 4
6 0 0 0 2 9 3
7 0 0 0 3 10 11
8 0 0 0 4 12 13
9 0 0 0 6 16 17
10 0 0 0 7 18 19
11 0 0 0 7 19 20
12 0 0 0 8 20 21
13 0 0 0 8 21 22
14 0 0 0 23 24
15 0 0 0 25 26
16 0 0 0 9 26 27
17 0 0 0 9 27 28
18 0 0 0 10 28 29
19 0 0 0 10 29 11
20 0 0 0 11 30 12
21 0 0 0 12 30 13
22 0 0 0 13 31 23
23 0 0 0 14 22 32
24 0 0 0 14 32 33
25 0 0 0 15 34 35
26 0 0 0 15 35 16
27 0 0 0 16 36 17
28 0 0 0 17 36 18
29 0 0 0 18 37 19
30 0 0 0 20 38 21
31 0 0 0 22 39 32
32 0 0 0 23 31 24
33 0 0 0 24 40 41
34 0 0 0 25 41 42
35 0 0 0 25 42 26
36 0 0 0 27 43 28
37 0 0 0 29 44 45
38 0 0 0 30 45 46
39 0 0 0 31 46 47
40 0 0 0 33 48 49
41 0 0 0 33 49 34
42 0 0 0 34 50 35
43 0 0 0 36 50 51
44 0 0 0 37 51 52
45 0 0 0 37 53 38
46 0 0 0 38 53 39
47 0 0 0 39 53 48
48 0 0 0 40 47 54
49 0 0 0 40 54 41
50 0 0 0 42 55 43
51 0 0 0 43 55 44
52 0 0 0 44 55 54
53 0 0 0 45 47 46
54 0 0 0 48 52 49
55 0 0 0 50 52 51
0
