>>writegraph3d planar <<
1 0 0 0 2 3 4
2 0 0 0 1 5 6
3 0 0 0 1 6 7
4 0 0 0 1 8 5
5 0 0 0 2 4 9
6 0 0 0 2 9 3
7 0 0 0 3 10
8 0 0 0 4 11 9
9 0 0 0 5 8 6
10 0 0 0 7 12 13
11 0 0 0 8 15 12
12 0 0 0 10 11 16
13 0 0 0 10 17 18
14 0 0 0 19 16
15 0 0 0 20 11
16 0 0 0 12 21 14
17 0 0 0 13 22 23
18 0 0 0 13 23 24
19 0 0 0 14 24 22
20 0 0 0 15 25 26
21 0 0 0 16 27 28
22 0 0 0 17 19 29
23 0 0 0 17 29 18
24 0 0 0 18 29 19
25 0 0 0 20 28 30
26 0 0 0 20 30 27
27 0 0 0 21 26 31
28 0 0 0 21 31 25
29 0 0 0 22 24 23
30 0 0 0 25 31 26
31 0 0 0 27 30 28
0
