>>writegraph3d planar <<
1 0 0 0 2 3 4
2 0 0 0 1 5 6
3 0 0 0 1 6 7
4 0 0 0 1 8 5
5 0 0 0 2 4 9
6 0 0 0 2 10 3
7 0 0 0 3 11 12
8 0 0 0 4 13 14
9 0 0 0 5 15 16
10 0 0 0 6 17 18
11 0 0 0 7 19 20
12 0 0 0 7 20 21
13 0 0 0 8 21 22
14 0 0 0 8 22 23
15 0 0 0 9 24 25
16 0 0 0 9 25 26
17 0 0 0 10 26 27
18 0 0 0 10 27 28
19 0 0 0 11 28 29
20 0 0 0 11 29 12
21 0 0 0 12 30 13
22 0 0 0 13 30 14
23 0 0 0 14 31 24
24 0 0 0 15 23 32
25 0 0 0 15 33 16
26 0 0 0 16 33 17
27 0 0 0 17 34 18
28 0 0 0 18 34 19
29 0 0 0 19 35 20
30 0 0 0 21 36 22
31 0 0 0 23 37 32
32 0 0 0 24 31 38
33 0 0 0 25 39 26
34 0 0 0 27 40 28
35 0 0 0 29 41 42
36 0 0 0 30 42 43
37 0 0 0 31 43 38
38 0 0 0 32 37 44
39 0 0 0 33 44 45
40 0 0 0 34 45 46
41 0 0 0 35 46 47
42 0 0 0 35 47 36
43 0 0 0 36 47 37
44 0 0 0 38 48 39
45 0 0 0 39 48 40
46 0 0 0 40 48 41
47 0 0 0 41 43 42
48 0 0 0 44 46 45
0
