>>writegraph3d planar <<
1 0 0 0 97 57 26
2 0 0 0 85 75 32
3 0 0 0 123 52 56
4 0 0 0 135 70 74
5 0 0 0 7 6 8
6 0 0 0 10 5 9
7 0 0 0 5 33 9
8 0 0 0 10 43 5
9 0 0 0 7 21 6
10 0 0 0 6 13 8
11 0 0 0 13 12 14
12 0 0 0 16 11 15
13 0 0 0 11 10 15
14 0 0 0 16 51 11
15 0 0 0 13 25 12
16 0 0 0 12 55 14
17 0 0 0 19 18 20
18 0 0 0 22 17 21
19 0 0 0 17 27 21
20 0 0 0 22 61 17
21 0 0 0 19 9 18
22 0 0 0 18 37 20
23 0 0 0 25 24 26
24 0 0 0 28 23 27
25 0 0 0 23 15 27
26 0 0 0 28 1 23
27 0 0 0 25 19 24
28 0 0 0 24 62 26
29 0 0 0 31 30 32
30 0 0 0 34 29 33
31 0 0 0 29 39 33
32 0 0 0 34 2 29
33 0 0 0 31 7 30
34 0 0 0 30 44 32
35 0 0 0 37 36 38
36 0 0 0 40 35 39
37 0 0 0 35 22 39
38 0 0 0 40 69 35
39 0 0 0 37 31 36
40 0 0 0 36 73 38
41 0 0 0 43 42 44
42 0 0 0 46 41 45
43 0 0 0 41 8 45
44 0 0 0 46 34 41
45 0 0 0 43 49 42
46 0 0 0 42 81 44
47 0 0 0 49 48 50
48 0 0 0 52 47 51
49 0 0 0 47 45 51
50 0 0 0 52 82 47
51 0 0 0 49 14 48
52 0 0 0 48 3 50
53 0 0 0 55 54 56
54 0 0 0 58 53 57
55 0 0 0 53 16 57
56 0 0 0 58 3 53
57 0 0 0 55 1 54
58 0 0 0 54 91 56
59 0 0 0 61 60 62
60 0 0 0 64 59 63
61 0 0 0 59 20 63
62 0 0 0 64 28 59
63 0 0 0 61 67 60
64 0 0 0 60 105 62
65 0 0 0 67 66 68
66 0 0 0 70 65 69
67 0 0 0 65 63 69
68 0 0 0 70 106 65
69 0 0 0 67 38 66
70 0 0 0 66 4 68
71 0 0 0 73 72 74
72 0 0 0 76 71 75
73 0 0 0 71 40 75
74 0 0 0 76 4 71
75 0 0 0 73 2 72
76 0 0 0 72 109 74
77 0 0 0 79 78 80
78 0 0 0 82 77 81
79 0 0 0 77 87 81
80 0 0 0 82 115 77
81 0 0 0 79 46 78
82 0 0 0 78 50 80
83 0 0 0 85 84 86
84 0 0 0 88 83 87
85 0 0 0 83 2 87
86 0 0 0 88 111 83
87 0 0 0 85 79 84
88 0 0 0 84 116 86
89 0 0 0 91 90 92
90 0 0 0 94 89 93
91 0 0 0 89 58 93
92 0 0 0 94 124 89
93 0 0 0 91 98 90
94 0 0 0 90 139 92
95 0 0 0 97 96 98
96 0 0 0 100 95 99
97 0 0 0 95 1 99
98 0 0 0 100 93 95
99 0 0 0 97 103 96
100 0 0 0 96 129 98
101 0 0 0 103 102 104
102 0 0 0 106 101 105
103 0 0 0 101 99 105
104 0 0 0 106 130 101
105 0 0 0 103 64 102
106 0 0 0 102 68 104
107 0 0 0 109 108 110
108 0 0 0 112 107 111
109 0 0 0 107 76 111
110 0 0 0 112 136 107
111 0 0 0 109 86 108
112 0 0 0 108 145 110
113 0 0 0 115 114 116
114 0 0 0 118 113 117
115 0 0 0 113 80 117
116 0 0 0 118 88 113
117 0 0 0 115 121 114
118 0 0 0 114 147 116
119 0 0 0 121 120 122
120 0 0 0 124 119 123
121 0 0 0 119 117 123
122 0 0 0 124 148 119
123 0 0 0 121 3 120
124 0 0 0 120 92 122
125 0 0 0 127 126 128
126 0 0 0 130 125 129
127 0 0 0 125 141 129
128 0 0 0 130 133 125
129 0 0 0 127 100 126
130 0 0 0 126 104 128
131 0 0 0 133 132 134
132 0 0 0 136 131 135
133 0 0 0 131 128 135
134 0 0 0 136 142 131
135 0 0 0 133 4 132
136 0 0 0 132 110 134
137 0 0 0 139 138 140
138 0 0 0 142 137 141
139 0 0 0 137 94 141
140 0 0 0 142 146 137
141 0 0 0 139 127 138
142 0 0 0 138 134 140
143 0 0 0 145 144 146
144 0 0 0 148 143 147
145 0 0 0 143 112 147
146 0 0 0 148 140 143
147 0 0 0 145 118 144
148 0 0 0 144 122 146
0
