>>writegraph3d planar <<
1 0 0 0 51 45 8
2 0 0 0 69 63 20
3 0 0 0 92 104 141
4 0 0 0 147 122 80
5 0 0 0 7 6 8
6 0 0 0 10 5 9
7 0 0 0 5 33 9
8 0 0 0 10 1 5
9 0 0 0 7 21 6
10 0 0 0 6 13 8
11 0 0 0 13 12 14
12 0 0 0 16 11 15
13 0 0 0 11 10 15
14 0 0 0 16 52 11
15 0 0 0 13 25 12
16 0 0 0 12 57 14
17 0 0 0 19 18 20
18 0 0 0 22 17 21
19 0 0 0 17 27 21
20 0 0 0 22 2 17
21 0 0 0 19 9 18
22 0 0 0 18 37 20
23 0 0 0 25 24 26
24 0 0 0 28 23 27
25 0 0 0 23 15 27
26 0 0 0 28 58 23
27 0 0 0 25 19 24
28 0 0 0 24 61 26
29 0 0 0 31 30 32
30 0 0 0 34 29 33
31 0 0 0 29 39 33
32 0 0 0 34 73 29
33 0 0 0 31 7 30
34 0 0 0 30 43 32
35 0 0 0 37 36 38
36 0 0 0 40 35 39
37 0 0 0 35 22 39
38 0 0 0 40 70 35
39 0 0 0 37 31 36
40 0 0 0 36 74 38
41 0 0 0 43 42 44
42 0 0 0 46 41 45
43 0 0 0 41 34 45
44 0 0 0 46 81 41
45 0 0 0 43 1 42
46 0 0 0 42 86 44
47 0 0 0 49 48 50
48 0 0 0 52 47 51
49 0 0 0 47 85 51
50 0 0 0 52 93 47
51 0 0 0 49 1 48
52 0 0 0 48 14 50
53 0 0 0 55 54 56
54 0 0 0 58 53 57
55 0 0 0 53 94 57
56 0 0 0 58 103 53
57 0 0 0 55 16 54
58 0 0 0 54 26 56
59 0 0 0 61 60 62
60 0 0 0 64 59 63
61 0 0 0 59 28 63
62 0 0 0 64 105 59
63 0 0 0 61 2 60
64 0 0 0 60 110 62
65 0 0 0 67 66 68
66 0 0 0 70 65 69
67 0 0 0 65 109 69
68 0 0 0 70 123 65
69 0 0 0 67 2 66
70 0 0 0 66 38 68
71 0 0 0 73 72 74
72 0 0 0 76 71 75
73 0 0 0 71 32 75
74 0 0 0 76 40 71
75 0 0 0 73 79 72
76 0 0 0 72 124 74
77 0 0 0 79 78 80
78 0 0 0 82 77 81
79 0 0 0 77 75 81
80 0 0 0 82 4 77
81 0 0 0 79 44 78
82 0 0 0 78 133 80
83 0 0 0 85 84 86
84 0 0 0 88 83 87
85 0 0 0 83 49 87
86 0 0 0 88 46 83
87 0 0 0 85 97 84
88 0 0 0 84 135 86
89 0 0 0 91 90 92
90 0 0 0 94 89 93
91 0 0 0 89 99 93
92 0 0 0 94 3 89
93 0 0 0 91 50 90
94 0 0 0 90 55 92
95 0 0 0 97 96 98
96 0 0 0 100 95 99
97 0 0 0 95 87 99
98 0 0 0 100 136 95
99 0 0 0 97 91 96
100 0 0 0 96 139 98
101 0 0 0 103 102 104
102 0 0 0 106 101 105
103 0 0 0 101 56 105
104 0 0 0 106 3 101
105 0 0 0 103 62 102
106 0 0 0 102 115 104
107 0 0 0 109 108 110
108 0 0 0 112 107 111
109 0 0 0 107 67 111
110 0 0 0 112 64 107
111 0 0 0 109 127 108
112 0 0 0 108 117 110
113 0 0 0 115 114 116
114 0 0 0 118 113 117
115 0 0 0 113 106 117
116 0 0 0 118 142 113
117 0 0 0 115 112 114
118 0 0 0 114 128 116
119 0 0 0 121 120 122
120 0 0 0 124 119 123
121 0 0 0 119 129 123
122 0 0 0 124 4 119
123 0 0 0 121 68 120
124 0 0 0 120 76 122
125 0 0 0 127 126 128
126 0 0 0 130 125 129
127 0 0 0 125 111 129
128 0 0 0 130 118 125
129 0 0 0 127 121 126
130 0 0 0 126 145 128
131 0 0 0 133 132 134
132 0 0 0 136 131 135
133 0 0 0 131 82 135
134 0 0 0 136 148 131
135 0 0 0 133 88 132
136 0 0 0 132 98 134
137 0 0 0 139 138 140
138 0 0 0 142 137 141
139 0 0 0 137 100 141
140 0 0 0 142 146 137
141 0 0 0 139 3 138
142 0 0 0 138 116 140
143 0 0 0 145 144 146
144 0 0 0 148 143 147
145 0 0 0 143 130 147
146 0 0 0 148 140 143
147 0 0 0 145 4 144
148 0 0 0 144 134 146
0
