>>writegraph3d planar <<
1 0 0 0 37 70 106
2 0 0 0 4 3 5
3 0 0 0 7 2 6
4 0 0 0 2 30 6
5 0 0 0 7 40 2
6 0 0 0 4 18 3
7 0 0 0 3 10 5
8 0 0 0 10 9 11
9 0 0 0 13 8 12
10 0 0 0 8 7 12
11 0 0 0 13 48 8
12 0 0 0 10 22 9
13 0 0 0 9 11
14 0 0 0 16 15 17
15 0 0 0 19 14 18
16 0 0 0 14 24 18
17 0 0 0 19 58 14
18 0 0 0 16 6 15
19 0 0 0 15 34 17
20 0 0 0 22 21 23
21 0 0 0 25 20 24
22 0 0 0 20 12 24
23 0 0 0 25 54 20
24 0 0 0 22 16 21
25 0 0 0 21 59 23
26 0 0 0 28 27 29
27 0 0 0 31 26 30
28 0 0 0 26 36 30
29 0 0 0 31 72 26
30 0 0 0 28 4 27
31 0 0 0 27 41 29
32 0 0 0 34 33 35
33 0 0 0 37 32 36
34 0 0 0 32 19 36
35 0 0 0 37 66 32
36 0 0 0 34 28 33
37 0 0 0 33 1 35
38 0 0 0 40 39 41
39 0 0 0 43 38 42
40 0 0 0 38 5 42
41 0 0 0 43 31 38
42 0 0 0 40 46 39
43 0 0 0 39 78 41
44 0 0 0 46 45 47
45 0 0 0 49 44 48
46 0 0 0 44 42 48
47 0 0 0 49 79 44
48 0 0 0 46 11 45
49 0 0 0 45 83 47
50 0 0 0 52 51 53
51 0 0 0 55 50 54
52 0 0 0 50 54
53 0 0 0 55 91 50
54 0 0 0 52 23 51
55 0 0 0 51 94 53
56 0 0 0 58 57 59
57 0 0 0 61 56 60
58 0 0 0 56 17 60
59 0 0 0 61 25 56
60 0 0 0 58 64 57
61 0 0 0 57 96 59
62 0 0 0 64 63 65
63 0 0 0 67 62 66
64 0 0 0 62 60 66
65 0 0 0 67 97 62
66 0 0 0 64 35 63
67 0 0 0 63 107 65
68 0 0 0 70 69 71
69 0 0 0 73 68 72
70 0 0 0 68 1 72
71 0 0 0 73 112 68
72 0 0 0 70 29 69
73 0 0 0 69 76 71
74 0 0 0 76 75 77
75 0 0 0 79 74 78
76 0 0 0 74 73 78
77 0 0 0 79 120 74
78 0 0 0 76 43 75
79 0 0 0 75 47 77
80 0 0 0 82 81 83
81 0 0 0 85 80 84
82 0 0 0 80 84
83 0 0 0 85 49 80
84 0 0 0 82 90 81
85 0 0 0 81 121 83
86 0 0 0 88 87 89
87 0 0 0 91 86 90
88 0 0 0 86 126 90
89 0 0 0 91 100 86
90 0 0 0 88 84 87
91 0 0 0 87 53 89
92 0 0 0 94 93 95
93 0 0 0 97 92 96
94 0 0 0 92 55 96
95 0 0 0 97 102 92
96 0 0 0 94 61 93
97 0 0 0 93 65 95
98 0 0 0 100 99 101
99 0 0 0 103 98 102
100 0 0 0 98 89 102
101 0 0 0 103 127 98
102 0 0 0 100 95 99
103 0 0 0 99 109 101
104 0 0 0 106 105 107
105 0 0 0 109 104 108
106 0 0 0 104 1 108
107 0 0 0 109 67 104
108 0 0 0 106 113 105
109 0 0 0 105 103 107
110 0 0 0 112 111 113
111 0 0 0 115 110 114
112 0 0 0 110 71 114
113 0 0 0 115 108 110
114 0 0 0 112 118 111
115 0 0 0 111 125 113
116 0 0 0 118 117 119
117 0 0 0 121 116 120
118 0 0 0 116 114 120
119 0 0 0 121 124 116
120 0 0 0 118 77 117
121 0 0 0 117 85 119
122 0 0 0 124 123 125
123 0 0 0 127 122 126
124 0 0 0 122 119 126
125 0 0 0 127 115 122
126 0 0 0 124 88 123
127 0 0 0 123 101 125
0
