>>writegraph3d planar <<
1 0 0 0 2 3 4
2 0 0 0 1 5 6
3 0 0 0 1 7 8
4 0 0 0 1 8 9
5 0 0 0 2 10 11
6 0 0 0 2 11 12
7 0 0 0 3 13 14
8 0 0 0 3 15 4
9 0 0 0 4 16 17
10 0 0 0 5 18 19
11 0 0 0 5 19 6
12 0 0 0 6 19 18
13 0 0 0 7 20 21
14 0 0 0 7 22 23
15 0 0 0 8 24 25
16 0 0 0 9 26 27
17 0 0 0 9 28 20
18 0 0 0 10 20 12
19 0 0 0 10 12 11
20 0 0 0 13 18 17
21 0 0 0 13 29 30
22 0 0 0 14 31 32
23 0 0 0 14 32 33
24 0 0 0 15 34 30
25 0 0 0 15 35 36
26 0 0 0 16 37 38
27 0 0 0 16 30 29
28 0 0 0 17 39 40
29 0 0 0 21 41 27
30 0 0 0 21 27 24
31 0 0 0 22 34 42
32 0 0 0 22 42 23
33 0 0 0 23 42 34
34 0 0 0 24 33 31
35 0 0 0 25 38 43
36 0 0 0 25 43 37
37 0 0 0 26 36 44
38 0 0 0 26 44 35
39 0 0 0 28 45 46
40 0 0 0 28 46 47
41 0 0 0 29 47 45
42 0 0 0 31 33 32
43 0 0 0 35 44 36
44 0 0 0 37 43 38
45 0 0 0 39 41 48
46 0 0 0 39 48 40
47 0 0 0 40 48 41
48 0 0 0 45 47 46
0
