>>writegraph3d planar <<
1 0 0 0 2 3 4
2 0 0 0 1 5 6
3 0 0 0 1 7 8
4 0 0 0 1 9 5
5 0 0 0 2 4 10
6 0 0 0 2 10 11
7 0 0 0 3 12 13
8 0 0 0 3 13 14
9 0 0 0 4 15 10
10 0 0 0 5 9 6
11 0 0 0 6 16 17
12 0 0 0 7 18 19
13 0 0 0 7 19 8
14 0 0 0 8 19 20
15 0 0 0 9 21 22
16 0 0 0 11 23 24
17 0 0 0 11 24 18
18 0 0 0 12 17 25
19 0 0 0 12 14 13
20 0 0 0 14 26 21
21 0 0 0 15 20 27
22 0 0 0 15 28 29
23 0 0 0 16 29 25
24 0 0 0 16 25 17
25 0 0 0 18 24 23
26 0 0 0 20 29 30
27 0 0 0 21 31 32
28 0 0 0 22 33 34
29 0 0 0 22 26 23
30 0 0 0 26 35 36
31 0 0 0 27 37 38
32 0 0 0 27 38 39
33 0 0 0 28 40 41
34 0 0 0 28 41 42
35 0 0 0 30 43 44
36 0 0 0 30 44 45
37 0 0 0 31 45 46
38 0 0 0 31 46 32
39 0 0 0 32 46 40
40 0 0 0 33 39 47
41 0 0 0 33 47 34
42 0 0 0 34 47 43
43 0 0 0 35 42 48
44 0 0 0 35 48 36
45 0 0 0 36 48 37
46 0 0 0 37 39 38
47 0 0 0 40 42 41
48 0 0 0 43 45 44
0
