>>writegraph3d planar <<
1 0 0 0 2 3 4
2 0 0 0 1 5 6
3 0 0 0 1 6 7
4 0 0 0 1 7 5
5 0 0 0 2 4 8
6 0 0 0 2 9 3
7 0 0 0 3 8 4
8 0 0 0 5 7 10
9 0 0 0 6 11 12
10 0 0 0 8 13 14
11 0 0 0 9 15 16
12 0 0 0 9 16
13 0 0 0 10 17
14 0 0 0 10 17 15
15 0 0 0 11 14 18
16 0 0 0 11 19 12
17 0 0 0 13 21 14
18 0 0 0 15 22 23
19 0 0 0 16 24 25
20 0 0 0 23 22
21 0 0 0 17 26 27
22 0 0 0 18 28 20
23 0 0 0 18 20 29
24 0 0 0 19 30 31
25 0 0 0 19 31 32
26 0 0 0 21 33 34
27 0 0 0 21 34 35
28 0 0 0 22 35 33
29 0 0 0 23 32 30
30 0 0 0 24 29 36
31 0 0 0 24 36 25
32 0 0 0 25 36 29
33 0 0 0 26 28 37
34 0 0 0 26 37 27
35 0 0 0 27 37 28
36 0 0 0 30 32 31
37 0 0 0 33 35 34
0
