>>writegraph3d planar <<
1 0 0 0 2 3 4
2 0 0 0 1 5 6
3 0 0 0 1 7 8
4 0 0 0 1 8 9
5 0 0 0 2 10 11
6 0 0 0 2 11 12
7 0 0 0 3 13 14
8 0 0 0 3 15 4
9 0 0 0 4 16 17
10 0 0 0 5 18 19
11 0 0 0 5 19 6
12 0 0 0 6 19 20
13 0 0 0 7 21 22
14 0 0 0 7 23 24
15 0 0 0 8 25 26
16 0 0 0 9 27 28
17 0 0 0 9 28 29
18 0 0 0 10 29 30
19 0 0 0 10 12 11
20 0 0 0 12 31 21
21 0 0 0 13 20 32
22 0 0 0 13 32 33
23 0 0 0 14 34 35
24 0 0 0 14 35 36
25 0 0 0 15 37 38
26 0 0 0 15 38 39
27 0 0 0 16 40 41
28 0 0 0 16 41 17
29 0 0 0 17 41 18
30 0 0 0 18 42 43
31 0 0 0 20 33 32
32 0 0 0 21 31 22
33 0 0 0 22 31 43
34 0 0 0 23 44 45
35 0 0 0 23 46 24
36 0 0 0 24 46 37
37 0 0 0 25 36 47
38 0 0 0 25 48 26
39 0 0 0 26 49 40
40 0 0 0 27 39 50
41 0 0 0 27 29 28
42 0 0 0 30 45 44
43 0 0 0 30 44 33
44 0 0 0 34 43 42
45 0 0 0 34 42 50
46 0 0 0 35 47 36
47 0 0 0 37 46 51
48 0 0 0 38 52 53
49 0 0 0 39 51 50
50 0 0 0 40 49 45
51 0 0 0 47 49 54
52 0 0 0 48 55 56
53 0 0 0 48 56 57
54 0 0 0 51 57 55
55 0 0 0 52 54 58
56 0 0 0 52 58 53
57 0 0 0 53 58 54
58 0 0 0 55 57 56
0
