>>writegraph3d planar <<
1 0 0 0 2 3 4
2 0 0 0 1 5 6
3 0 0 0 1 7 8
4 0 0 0 1 9 10
5 0 0 0 2 11 12
6 0 0 0 2 12 13
7 0 0 0 3 14 15
8 0 0 0 3 15 16
9 0 0 0 4 17 18
10 0 0 0 4 19 20
11 0 0 0 5 21 22
12 0 0 0 5 22 6
13 0 0 0 6 22 23
14 0 0 0 7 24 25
15 0 0 0 7 26 8
16 0 0 0 8 26 27
17 0 0 0 9 28 29
18 0 0 0 9 29 30
19 0 0 0 10 31 32
20 0 0 0 10 32 33
21 0 0 0 11 33 34
22 0 0 0 11 13 12
23 0 0 0 13 35 24
24 0 0 0 14 23 36
25 0 0 0 14 36 37
26 0 0 0 15 38 16
27 0 0 0 16 38 28
28 0 0 0 17 27 39
29 0 0 0 17 39 18
30 0 0 0 18 39 40
31 0 0 0 19 41 42
32 0 0 0 19 43 20
33 0 0 0 20 43 21
34 0 0 0 21 43 44
35 0 0 0 23 37 36
36 0 0 0 24 35 25
37 0 0 0 25 35 44
38 0 0 0 26 45 27
39 0 0 0 28 30 29
40 0 0 0 30 46 41
41 0 0 0 31 40 47
42 0 0 0 31 47 48
43 0 0 0 32 34 33
44 0 0 0 34 45 37
45 0 0 0 38 44 48
46 0 0 0 40 48 47
47 0 0 0 41 46 42
48 0 0 0 42 46 45
0
