>>writegraph3d planar <<
1 0 0 0 2 3 4
2 0 0 0 1 5 6
3 0 0 0 1 7 8
4 0 0 0 1 8 9
5 0 0 0 2 10 11
6 0 0 0 2 11 12
7 0 0 0 3 13 14
8 0 0 0 3 15 4
9 0 0 0 4 16 17
10 0 0 0 5 18 19
11 0 0 0 5 19 6
12 0 0 0 6 19 18
13 0 0 0 7 20 21
14 0 0 0 7 22 23
15 0 0 0 8 24 25
16 0 0 0 9 23 26
17 0 0 0 9 27 20
18 0 0 0 10 20 12
19 0 0 0 10 12 11
20 0 0 0 13 18 17
21 0 0 0 13 28 29
22 0 0 0 14 30 31
23 0 0 0 14 16 32
24 0 0 0 15 33 34
25 0 0 0 15 34 35
26 0 0 0 16 29 28
27 0 0 0 17 36 37
28 0 0 0 21 38 26
29 0 0 0 21 26 39
30 0 0 0 22 40 41
31 0 0 0 22 41 42
32 0 0 0 23 35 33
33 0 0 0 24 32 43
34 0 0 0 24 43 25
35 0 0 0 25 43 32
36 0 0 0 27 44 45
37 0 0 0 27 45 46
38 0 0 0 28 46 44
39 0 0 0 29 42 40
40 0 0 0 30 39 47
41 0 0 0 30 47 31
42 0 0 0 31 47 39
43 0 0 0 33 35 34
44 0 0 0 36 38 48
45 0 0 0 36 48 37
46 0 0 0 37 48 38
47 0 0 0 40 42 41
48 0 0 0 44 46 45
0
