>>writegraph3d planar <<
1 0 0 0 2 3 4
2 0 0 0 1 5 6
3 0 0 0 1 6 7
4 0 0 0 1 7 5
5 0 0 0 2 4 8
6 0 0 0 2 9 3
7 0 0 0 3 8 4
8 0 0 0 5 7 10
9 0 0 0 6 11 12
10 0 0 0 8 13 14
11 0 0 0 9 15 16
12 0 0 0 9 16 17
13 0 0 0 10 17 18
14 0 0 0 10 18 15
15 0 0 0 11 14 19
16 0 0 0 11 20 12
17 0 0 0 12 21 13
18 0 0 0 13 22 14
19 0 0 0 15 23 24
20 0 0 0 16 25 26
21 0 0 0 17 27 28
22 0 0 0 18 26 25
23 0 0 0 19 29 30
24 0 0 0 19 30 31
25 0 0 0 20 32 22
26 0 0 0 20 22 33
27 0 0 0 21 34 35
28 0 0 0 21 35 36
29 0 0 0 23 32 37
30 0 0 0 23 37 24
31 0 0 0 24 37 32
32 0 0 0 25 31 29
33 0 0 0 26 36 34
34 0 0 0 27 33 38
35 0 0 0 27 38 28
36 0 0 0 28 38 33
37 0 0 0 29 31 30
38 0 0 0 34 36 35
0
