>>writegraph3d planar <<
1 0 0 0 2 3 4
2 0 0 0 1 5 6
3 0 0 0 1 7 8
4 0 0 0 1 8 9
5 0 0 0 2 10 11
6 0 0 0 2 12 13
7 0 0 0 3 14 15
8 0 0 0 3 16 4
9 0 0 0 4 17 18
10 0 0 0 5 19 20
11 0 0 0 5 21 22
12 0 0 0 6 23 24
13 0 0 0 6 24 25
14 0 0 0 7 26 22
15 0 0 0 7 27 28
16 0 0 0 8 29 30
17 0 0 0 9 31 21
18 0 0 0 9 32 33
19 0 0 0 10 33 34
20 0 0 0 10 34 32
21 0 0 0 11 17 35
22 0 0 0 11 35 14
23 0 0 0 12 26 36
24 0 0 0 12 36 13
25 0 0 0 13 36 26
26 0 0 0 14 25 23
27 0 0 0 15 37 38
28 0 0 0 15 38 39
29 0 0 0 16 40 35
30 0 0 0 16 41 42
31 0 0 0 17 43 44
32 0 0 0 18 20 45
33 0 0 0 18 45 19
34 0 0 0 19 45 20
35 0 0 0 21 29 22
36 0 0 0 23 25 24
37 0 0 0 27 40 46
38 0 0 0 27 46 28
39 0 0 0 28 46 40
40 0 0 0 29 39 37
41 0 0 0 30 44 47
42 0 0 0 30 47 43
43 0 0 0 31 42 48
44 0 0 0 31 48 41
45 0 0 0 32 34 33
46 0 0 0 37 39 38
47 0 0 0 41 48 42
48 0 0 0 43 47 44
0
