>>writegraph3d planar <<
1 0 0 0 2 3 4
2 0 0 0 1 4 5
3 0 0 0 1 6 7
4 0 0 0 1 5 2
5 0 0 0 2 4 8
6 0 0 0 3 9 7
7 0 0 0 3 6 9
8 0 0 0 5 10 11
9 0 0 0 6 12 7
10 0 0 0 8 13 11
11 0 0 0 8 10 13
12 0 0 0 9 14 15
13 0 0 0 10 16 11
14 0 0 0 12 17 15
15 0 0 0 12 14 18
16 0 0 0 13 19 20
17 0 0 0 14 21 22
18 0 0 0 15 23 24
19 0 0 0 16 25 26
20 0 0 0 16 27 28
21 0 0 0 17 29 22
22 0 0 0 17 21 29
23 0 0 0 18 30 24
24 0 0 0 18 23 30
25 0 0 0 19 31 26
26 0 0 0 19 25 31
27 0 0 0 20 32 28
28 0 0 0 20 27 32
29 0 0 0 21 33 22
30 0 0 0 23 34 24
31 0 0 0 25 35 26
32 0 0 0 27 36 28
33 0 0 0 29 37 38
34 0 0 0 30 39 40
35 0 0 0 31 40 39
36 0 0 0 32 38 37
37 0 0 0 33 36 38
38 0 0 0 33 37 36
39 0 0 0 34 35 40
40 0 0 0 34 39 35
0
