>>writegraph3d planar <<
1 0 0 0 2 3 4
2 0 0 0 1 5 6
3 0 0 0 1 7 8
4 0 0 0 1 8 5
5 0 0 0 2 4 9
6 0 0 0 2 10 11
7 0 0 0 3 12 13
8 0 0 0 3 9 4
9 0 0 0 5 8 14
10 0 0 0 6 15 16
11 0 0 0 6 16 17
12 0 0 0 7 18 19
13 0 0 0 7 19 20
14 0 0 0 9 21 22
15 0 0 0 10 23 24
16 0 0 0 10 24 11
17 0 0 0 11 24 23
18 0 0 0 12 25 26
19 0 0 0 12 26 13
20 0 0 0 13 26 25
21 0 0 0 14 27 28
22 0 0 0 14 28 29
23 0 0 0 15 30 17
24 0 0 0 15 17 16
25 0 0 0 18 31 20
26 0 0 0 18 20 19
27 0 0 0 21 32 33
28 0 0 0 21 33 22
29 0 0 0 22 33 32
30 0 0 0 23 34 35
31 0 0 0 25 35 36
32 0 0 0 27 37 29
33 0 0 0 27 29 28
34 0 0 0 30 37 38
35 0 0 0 30 38 31
36 0 0 0 31 38 37
37 0 0 0 32 36 34
38 0 0 0 34 36 35
0
