>>writegraph3d planar <<
1 0 0 0 3 7 8 9 10 2
2 0 0 0 1 10 29 27 4 3
3 0 0 0 2 4 5 6 7 1
4 0 0 0 2 27 28 25 5 3
5 0 0 0 4 25 26 13 6 3
6 0 0 0 5 13 14 7 3
7 0 0 0 6 14 15 8 1 3
8 0 0 0 7 15 16 11 9 1
9 0 0 0 8 11 12 10 1
10 0 0 0 9 12 31 29 2 1
11 0 0 0 8 16 17 18 12 9
12 0 0 0 11 18 63 31 10 9
13 0 0 0 5 26 33 19 14 6
14 0 0 0 13 19 20 15 7 6
15 0 0 0 14 20 21 16 8 7
16 0 0 0 15 21 22 17 11 8
17 0 0 0 16 22 58 59 18 11
18 0 0 0 17 59 61 63 12 11
19 0 0 0 13 33 40 23 20 14
20 0 0 0 19 23 24 21 15 14
21 0 0 0 20 24 22 16 15
22 0 0 0 21 24 46 58 17 16
23 0 0 0 19 40 42 45 24 20
24 0 0 0 23 45 46 22 21 20
25 0 0 0 4 28 36 34 26 5
26 0 0 0 25 34 35 33 13 5
27 0 0 0 2 29 30 28 4
28 0 0 0 27 30 38 36 25 4
29 0 0 0 2 10 31 32 30 27
30 0 0 0 29 32 65 38 28 27
31 0 0 0 10 12 63 69 32 29
32 0 0 0 31 69 67 65 30 29
33 0 0 0 26 35 41 40 19 13
34 0 0 0 25 36 37 35 26
35 0 0 0 34 37 43 41 33 26
36 0 0 0 25 28 38 39 37 34
37 0 0 0 36 39 50 43 35 34
38 0 0 0 28 30 65 64 39 36
39 0 0 0 38 64 52 50 37 36
40 0 0 0 33 41 42 23 19
41 0 0 0 33 35 43 44 42 40
42 0 0 0 41 44 47 45 23 40
43 0 0 0 35 37 50 48 44 41
44 0 0 0 43 48 49 47 42 41
45 0 0 0 23 42 47 53 46 24
46 0 0 0 45 53 55 58 22 24
47 0 0 0 44 49 54 53 45 42
48 0 0 0 43 50 51 49 44
49 0 0 0 48 51 56 54 47 44
50 0 0 0 43 37 39 52 51 48
51 0 0 0 50 52 68 56 49 48
52 0 0 0 39 64 66 68 51 50
53 0 0 0 47 54 55 46 45
54 0 0 0 47 49 56 57 55 53
55 0 0 0 54 57 60 58 46 53
56 0 0 0 49 51 68 72 57 54
57 0 0 0 56 72 62 60 55 54
58 0 0 0 46 55 60 59 17 22
59 0 0 0 58 60 61 18 17
60 0 0 0 58 55 57 62 61 59
61 0 0 0 60 62 70 63 18 59
62 0 0 0 57 72 71 70 61 60
63 0 0 0 18 61 70 69 31 12
64 0 0 0 38 65 66 52 39
65 0 0 0 38 30 32 67 66 64
66 0 0 0 65 67 71 68 52 64
67 0 0 0 32 69 70 71 66 65
68 0 0 0 52 66 71 72 56 51
69 0 0 0 31 63 70 67 32
70 0 0 0 63 61 62 71 67 69
71 0 0 0 67 70 62 72 68 66
72 0 0 0 57 56 68 71 62
0
