>>writegraph3d planar <<
1 0 0 0 19 3 2 5 4
2 0 0 0 5 1 3 11 10
3 0 0 0 11 2 1 19 20
4 0 0 0 1 5 6 26 25
5 0 0 0 7 6 4 1 2
6 0 0 0 26 4 5 7 8
7 0 0 0 13 9 8 6 5
8 0 0 0 6 7 9 32 31
9 0 0 0 32 8 7 13 14
10 0 0 0 2 11 12 15 13
11 0 0 0 16 12 10 2 3
12 0 0 0 15 10 11 16 17
13 0 0 0 10 15 14 9 7
14 0 0 0 9 13 15 38 37
15 0 0 0 38 14 13 10 12
16 0 0 0 22 18 17 12 11
17 0 0 0 12 16 18 41 40
18 0 0 0 41 17 16 22 23
19 0 0 0 28 21 20 3 1
20 0 0 0 3 19 21 24 22
21 0 0 0 24 20 19 28 29
22 0 0 0 20 24 23 18 16
23 0 0 0 18 22 24 47 46
24 0 0 0 47 23 22 20 21
25 0 0 0 4 26 27 30 28
26 0 0 0 34 27 25 4 6
27 0 0 0 30 25 26 34 35
28 0 0 0 25 30 29 21 19
29 0 0 0 21 28 30 50 49
30 0 0 0 50 29 28 25 27
31 0 0 0 8 32 33 36 34
32 0 0 0 43 33 31 8 9
33 0 0 0 36 31 32 43 44
34 0 0 0 31 36 35 27 26
35 0 0 0 27 34 36 53 52
36 0 0 0 53 35 34 31 33
37 0 0 0 14 38 39 45 43
38 0 0 0 40 39 37 14 15
39 0 0 0 45 37 38 40 42
40 0 0 0 17 41 42 39 38
41 0 0 0 55 42 40 17 18
42 0 0 0 39 40 41 55 56
43 0 0 0 37 45 44 33 32
44 0 0 0 33 43 45 59 58
45 0 0 0 59 44 43 37 39
46 0 0 0 23 47 48 57 55
47 0 0 0 49 48 46 23 24
48 0 0 0 57 46 47 49 51
49 0 0 0 29 50 51 48 47
50 0 0 0 52 51 49 29 30
51 0 0 0 48 49 50 52 54
52 0 0 0 35 53 54 51 50
53 0 0 0 58 54 52 35 36
54 0 0 0 51 52 53 58 60
55 0 0 0 46 57 56 42 41
56 0 0 0 42 55 57 60 59
57 0 0 0 60 56 55 46 48
58 0 0 0 44 59 60 54 53
59 0 0 0 56 60 58 44 45
60 0 0 0 54 58 59 56 57
0
