>>writegraph3d planar <<
1 0 0 0 7 2 3 5 4
2 0 0 0 10 3 1 7 8
3 0 0 0 5 1 2 10 11
4 0 0 0 1 5 6 17 16
5 0 0 0 13 6 4 1 3
6 0 0 0 17 4 5 13 14
7 0 0 0 16 9 8 2 1
8 0 0 0 2 7 9 20 19
9 0 0 0 20 8 7 16 18
10 0 0 0 19 12 11 3 2
11 0 0 0 3 10 12 15 13
12 0 0 0 15 11 10 19 21
13 0 0 0 11 15 14 6 5
14 0 0 0 6 13 15 24 22
15 0 0 0 24 14 13 11 12
16 0 0 0 4 17 18 9 7
17 0 0 0 22 18 16 4 6
18 0 0 0 9 16 17 22 23
19 0 0 0 8 20 21 12 10
20 0 0 0 23 21 19 8 9
21 0 0 0 12 19 20 23 24
22 0 0 0 14 24 23 18 17
23 0 0 0 18 22 24 21 20
24 0 0 0 21 23 22 14 15
0
