>>writegraph3d planar <<
1 0 0 0 2 3 4 5
2 0 0 0 1 6 7 8
3 0 0 0 1 8 9 10
4 0 0 0 1 10 11 12
5 0 0 0 1 12 13 6
6 0 0 0 2 5 14 15
7 0 0 0 2 15 16 17
8 0 0 0 2 17 18 3
9 0 0 0 3 18 19 20
10 0 0 0 3 20 11 4
11 0 0 0 4 10 21 22
12 0 0 0 4 22 13 5
13 0 0 0 5 12 23 14
14 0 0 0 6 13 24 25
15 0 0 0 6 25 16 7
16 0 0 0 7 15 25 26
17 0 0 0 7 26 27 8
18 0 0 0 8 27 28 9
19 0 0 0 9 28 29 30
20 0 0 0 9 30 21 10
21 0 0 0 11 20 30 31
22 0 0 0 11 31 23 12
23 0 0 0 13 22 29 24
24 0 0 0 14 23 32 33
25 0 0 0 14 33 16 15
26 0 0 0 16 33 34 17
27 0 0 0 17 34 28 18
28 0 0 0 18 27 32 19
29 0 0 0 19 32 23 31
30 0 0 0 19 31 21 20
31 0 0 0 21 30 29 22
32 0 0 0 24 29 28 34
33 0 0 0 24 34 26 25
34 0 0 0 26 33 32 27
0
