>>writegraph3d planar <<
1 0 0 0 2 3 4 5
2 0 0 0 1 6 7 3
3 0 0 0 1 2 8
4 0 0 0 1 8 9 10
5 0 0 0 1 10 11 6
6 0 0 0 2 5 12 13
7 0 0 0 2 13 14
8 0 0 0 3 16 17 4
9 0 0 0 4 17 18 10
10 0 0 0 4 9 19 5
11 0 0 0 5 19 20 12
12 0 0 0 6 11 21 13
13 0 0 0 6 12 22 7
14 0 0 0 7 22 23 15
15 0 0 0 14 24 25
16 0 0 0 25 26 8
17 0 0 0 8 26 27 9
18 0 0 0 9 27 28 19
19 0 0 0 10 18 29 11
20 0 0 0 11 29 30 21
21 0 0 0 12 20 30 22
22 0 0 0 13 21 31 14
23 0 0 0 14 31 32 24
24 0 0 0 15 23 33 25
25 0 0 0 15 24 34 16
26 0 0 0 16 34 35 17
27 0 0 0 17 35 28 18
28 0 0 0 18 27 36 29
29 0 0 0 19 28 37 20
30 0 0 0 20 37 31 21
31 0 0 0 22 30 32 23
32 0 0 0 23 31 37 33
33 0 0 0 24 32 36 34
34 0 0 0 25 33 35 26
35 0 0 0 26 34 36 27
36 0 0 0 28 35 33 37
37 0 0 0 29 36 32 30
0
