>>writegraph3d planar <<
1 0 0 0 2 3 4 5
2 0 0 0 1 6 7 3
3 0 0 0 1 2 8 9
4 0 0 0 1 9 10 11
5 0 0 0 1 11 12 6
6 0 0 0 2 5 13 14
7 0 0 0 2 14 15 8
8 0 0 0 3 7 16 17
9 0 0 0 3 17 18 4
10 0 0 0 4 18 19 11
11 0 0 0 4 10 20 5
12 0 0 0 5 20 21 13
13 0 0 0 6 12 22 14
14 0 0 0 6 13 23 7
15 0 0 0 7 23 24 16
16 0 0 0 8 15 25 26
17 0 0 0 8 26 27 9
18 0 0 0 9 27 28 10
19 0 0 0 10 28 29 20
20 0 0 0 11 19 30 12
21 0 0 0 12 30 31 22
22 0 0 0 13 21 31 23
23 0 0 0 14 22 32 15
24 0 0 0 15 32 33 25
25 0 0 0 16 24 34 26
26 0 0 0 16 25 35 17
27 0 0 0 17 35 36 18
28 0 0 0 18 36 29 19
29 0 0 0 19 28 37 30
30 0 0 0 20 29 38 21
31 0 0 0 21 38 32 22
32 0 0 0 23 31 33 24
33 0 0 0 24 32 38 34
34 0 0 0 25 33 37 35
35 0 0 0 26 34 36 27
36 0 0 0 27 35 37 28
37 0 0 0 29 36 34 38
38 0 0 0 30 37 33 31
0
