>>writegraph3d planar <<
1 0 0 0 2 3 4
2 0 0 0 1 5 6
3 0 0 0 1 7
4 0 0 0 1 8 9
5 0 0 0 2 9 10
6 0 0 0 2 11 7
7 0 0 0 3 6 12
8 0 0 0 4 15 16
9 0 0 0 4 17 5
10 0 0 0 5 18 11
11 0 0 0 6 10 19
12 0 0 0 7 19 20
13 0 0 0 21 22
14 0 0 0 23 24
15 0 0 0 8 25 26
16 0 0 0 8 27 17
17 0 0 0 9 16 18
18 0 0 0 10 17 28
19 0 0 0 11 28 12
20 0 0 0 12 27 29
21 0 0 0 13 30 31
22 0 0 0 13 32 33
23 0 0 0 14 34 35
24 0 0 0 14 36 37
25 0 0 0 15 37 38
26 0 0 0 15 39 40
27 0 0 0 16 20 28
28 0 0 0 18 27 19
29 0 0 0 20 41 42
30 0 0 0 21 42 43
31 0 0 0 21 44 32
32 0 0 0 22 31 45
33 0 0 0 22 46 47
34 0 0 0 23 48 49
35 0 0 0 23 50 36
36 0 0 0 24 35 51
37 0 0 0 24 52 25
38 0 0 0 25 53 54
39 0 0 0 26 55 56
40 0 0 0 26 57 58
41 0 0 0 29 58 59
42 0 0 0 29 60 30
43 0 0 0 30 61 44
44 0 0 0 31 43 62
45 0 0 0 32 62 46
46 0 0 0 33 45 63
47 0 0 0 33 64 65
48 0 0 0 34 65 54
49 0 0 0 34 66 50
50 0 0 0 35 49 67
51 0 0 0 36 67 52
52 0 0 0 37 51 53
53 0 0 0 38 52 68
54 0 0 0 38 66 48
55 0 0 0 39 69 70
56 0 0 0 39 71 57
57 0 0 0 40 56 72
58 0 0 0 40 73 41
59 0 0 0 41 74 75
60 0 0 0 42 64 61
61 0 0 0 43 60 76
62 0 0 0 44 76 45
63 0 0 0 46 76 64
64 0 0 0 47 63 60
65 0 0 0 47 69 48
66 0 0 0 49 54 68
67 0 0 0 50 68 51
68 0 0 0 53 67 66
69 0 0 0 55 65 75
70 0 0 0 55 77 71
71 0 0 0 56 70 78
72 0 0 0 57 78 73
73 0 0 0 58 72 74
74 0 0 0 59 73 79
75 0 0 0 59 77 69
76 0 0 0 61 63 62
77 0 0 0 70 75 79
78 0 0 0 71 79 72
79 0 0 0 74 78 77
0
