>>writegraph3d planar <<
1 0 0 0 2 3 4
2 0 0 0 1 5 6
3 0 0 0 1 7 8
4 0 0 0 1 9 10
5 0 0 0 2 10 11
6 0 0 0 2 12 7
7 0 0 0 3 6 13
8 0 0 0 3 14 15
9 0 0 0 4 16 17
10 0 0 0 4 18 5
11 0 0 0 5 19 12
12 0 0 0 6 11 20
13 0 0 0 7 20 21
14 0 0 0 8 22
15 0 0 0 8 23 24
16 0 0 0 9 25 21
17 0 0 0 9 26 18
18 0 0 0 10 17 19
19 0 0 0 11 18 27
20 0 0 0 12 27 13
21 0 0 0 13 26 16
22 0 0 0 14 28 29
23 0 0 0 15 31
24 0 0 0 15 32 33
25 0 0 0 16 33 28
26 0 0 0 17 21 27
27 0 0 0 19 26 20
28 0 0 0 22 25 34
29 0 0 0 22 35 30
30 0 0 0 29 36
31 0 0 0 23 36 37
32 0 0 0 24 38 39
33 0 0 0 24 40 25
34 0 0 0 28 40 41
35 0 0 0 29 42 43
36 0 0 0 30 44 31
37 0 0 0 31 45 46
38 0 0 0 32 47 48
39 0 0 0 32 44 40
40 0 0 0 33 39 34
41 0 0 0 34 44 49
42 0 0 0 35 50 51
43 0 0 0 35 52 53
44 0 0 0 36 41 39
45 0 0 0 37 54 55
46 0 0 0 37 56 57
47 0 0 0 38 57 58
48 0 0 0 38 59 54
49 0 0 0 41 60 61
50 0 0 0 42 61 62
51 0 0 0 42 63 52
52 0 0 0 43 51 64
53 0 0 0 43 65 60
54 0 0 0 45 48 66
55 0 0 0 45 67 56
56 0 0 0 46 55 68
57 0 0 0 46 69 47
58 0 0 0 47 70 59
59 0 0 0 48 58 71
60 0 0 0 49 53 72
61 0 0 0 49 73 50
62 0 0 0 50 74 63
63 0 0 0 51 62 75
64 0 0 0 52 75 65
65 0 0 0 53 64 76
66 0 0 0 54 71 67
67 0 0 0 55 66 77
68 0 0 0 56 77 69
69 0 0 0 57 68 70
70 0 0 0 58 69 78
71 0 0 0 59 78 66
72 0 0 0 60 76 73
73 0 0 0 61 72 74
74 0 0 0 62 73 79
75 0 0 0 63 79 64
76 0 0 0 65 79 72
77 0 0 0 67 78 68
78 0 0 0 70 77 71
79 0 0 0 74 76 75
0
