>>writegraph3d planar <<
1 0 0 0 2 3 4
2 0 0 0 1 5 6
3 0 0 0 1 7 8
4 0 0 0 1 9 10
5 0 0 0 2 10 11
6 0 0 0 2 12 7
7 0 0 0 3 6 13
8 0 0 0 3 14 15
9 0 0 0 4 16 17
10 0 0 0 4 18 5
11 0 0 0 5 19 12
12 0 0 0 6 11 20
13 0 0 0 7 20 21
14 0 0 0 8 22 23
15 0 0 0 8 24 25
16 0 0 0 9 26 27
17 0 0 0 9 28 18
18 0 0 0 10 17 29
19 0 0 0 11 30 31
20 0 0 0 12 31 13
21 0 0 0 13 32 33
22 0 0 0 14 34 35
23 0 0 0 14 36 24
24 0 0 0 15 23 37
25 0 0 0 15 38 39
26 0 0 0 16 39 40
27 0 0 0 16 41 28
28 0 0 0 17 27 42
29 0 0 0 18 42 43
30 0 0 0 19 44 45
31 0 0 0 19 32 20
32 0 0 0 21 31 45
33 0 0 0 21 46 47
34 0 0 0 22 47 48
35 0 0 0 22 49 36
36 0 0 0 23 35 50
37 0 0 0 24 50 38
38 0 0 0 25 37 51
39 0 0 0 25 52 26
40 0 0 0 26 53 41
41 0 0 0 27 40 54
42 0 0 0 28 54 29
43 0 0 0 29 55 56
44 0 0 0 30 56 57
45 0 0 0 30 46 32
46 0 0 0 33 45 58
47 0 0 0 33 59 34
48 0 0 0 34 60 49
49 0 0 0 35 48 61
50 0 0 0 36 62 37
51 0 0 0 38 62 52
52 0 0 0 39 51 53
53 0 0 0 40 52 63
54 0 0 0 41 55 42
55 0 0 0 43 54 64
56 0 0 0 43 65 44
57 0 0 0 44 66 67
58 0 0 0 46 68 59
59 0 0 0 47 58 60
60 0 0 0 48 59 69
61 0 0 0 49 69 70
62 0 0 0 50 63 51
63 0 0 0 53 62 71
64 0 0 0 55 72 65
65 0 0 0 56 64 66
66 0 0 0 57 65 73
67 0 0 0 57 74 75
68 0 0 0 58 76 69
69 0 0 0 60 68 61
70 0 0 0 61 76 77
71 0 0 0 63 77 78
72 0 0 0 64 78 73
73 0 0 0 66 72 74
74 0 0 0 67 73 79
75 0 0 0 67 80 76
76 0 0 0 68 75 70
77 0 0 0 70 80 71
78 0 0 0 71 79 72
79 0 0 0 74 78 80
80 0 0 0 75 79 77
0
