>>writegraph3d planar <<
1 0 0 0 2 3 4
2 0 0 0 1 5 6
3 0 0 0 1 7 8
4 0 0 0 1 9 10
5 0 0 0 2 10 11
6 0 0 0 2 12 7
7 0 0 0 3 6 13
8 0 0 0 3 14 15
9 0 0 0 4 16
10 0 0 0 4 17 5
11 0 0 0 5 18 12
12 0 0 0 6 11 19
13 0 0 0 7 19 20
14 0 0 0 8 21 22
15 0 0 0 8 23 24
16 0 0 0 9 25 26
17 0 0 0 10 28
18 0 0 0 11 29 30
19 0 0 0 12 30 13
20 0 0 0 13 31 32
21 0 0 0 14 33 34
22 0 0 0 14 35 23
23 0 0 0 15 22 36
24 0 0 0 15 37 38
25 0 0 0 16 38 39
26 0 0 0 16 40 27
27 0 0 0 26 41
28 0 0 0 17 41 42
29 0 0 0 18 43 44
30 0 0 0 18 31 19
31 0 0 0 20 30 44
32 0 0 0 20 45 46
33 0 0 0 21 46 47
34 0 0 0 21 48 35
35 0 0 0 22 34 49
36 0 0 0 23 49 37
37 0 0 0 24 36 50
38 0 0 0 24 51 25
39 0 0 0 25 52 40
40 0 0 0 26 39 53
41 0 0 0 27 54 28
42 0 0 0 28 55 56
43 0 0 0 29 56 57
44 0 0 0 29 45 31
45 0 0 0 32 44 57
46 0 0 0 32 58 33
47 0 0 0 33 59 48
48 0 0 0 34 47 60
49 0 0 0 35 61 36
50 0 0 0 37 61 51
51 0 0 0 38 50 52
52 0 0 0 39 51 62
53 0 0 0 40 62 63
54 0 0 0 41 64 55
55 0 0 0 42 54 65
56 0 0 0 42 66 43
57 0 0 0 43 58 45
58 0 0 0 46 57 59
59 0 0 0 47 58 67
60 0 0 0 48 67 68
61 0 0 0 49 62 50
62 0 0 0 52 61 53
63 0 0 0 53 68 69
64 0 0 0 54 70 71
65 0 0 0 55 71 66
66 0 0 0 56 65 72
67 0 0 0 59 73 60
68 0 0 0 60 74 63
69 0 0 0 63 75 70
70 0 0 0 64 69 76
71 0 0 0 64 77 65
72 0 0 0 66 77 78
73 0 0 0 67 78 74
74 0 0 0 68 73 75
75 0 0 0 69 74 79
76 0 0 0 70 79 77
77 0 0 0 71 76 72
78 0 0 0 72 79 73
79 0 0 0 75 78 76
0
