>>writegraph3d planar <<
1 0 0 0 2 3 4
2 0 0 0 1 5 6
3 0 0 0 1 7 8
4 0 0 0 1 9 10
5 0 0 0 2 10 11
6 0 0 0 2 12 7
7 0 0 0 3 6 13
8 0 0 0 3 14 15
9 0 0 0 4 16 17
10 0 0 0 4 18 5
11 0 0 0 5 19 12
12 0 0 0 6 11 20
13 0 0 0 7 20 21
14 0 0 0 8 22 23
15 0 0 0 8 24 25
16 0 0 0 9 26 21
17 0 0 0 9 27 18
18 0 0 0 10 17 19
19 0 0 0 11 18 28
20 0 0 0 12 28 13
21 0 0 0 13 27 16
22 0 0 0 14 29 30
23 0 0 0 14 31 24
24 0 0 0 15 23 32
25 0 0 0 15 33 34
26 0 0 0 16 34 29
27 0 0 0 17 21 28
28 0 0 0 19 27 20
29 0 0 0 22 26 35
30 0 0 0 22 36 31
31 0 0 0 23 30 37
32 0 0 0 24 37 33
33 0 0 0 25 32 38
34 0 0 0 25 39 26
35 0 0 0 29 39 40
36 0 0 0 30 41 42
37 0 0 0 31 43 32
38 0 0 0 33 44 45
39 0 0 0 34 46 35
40 0 0 0 35 43 47
41 0 0 0 36 48 49
42 0 0 0 36 50 51
43 0 0 0 37 40 46
44 0 0 0 38 52 53
45 0 0 0 38 54 55
46 0 0 0 39 56 43
47 0 0 0 40 57 58
48 0 0 0 41 58 59
49 0 0 0 41 60 50
50 0 0 0 42 49 61
51 0 0 0 42 62 57
52 0 0 0 44 63 64
53 0 0 0 44 65 54
54 0 0 0 45 53 66
55 0 0 0 45 67 68
56 0 0 0 46 68 63
57 0 0 0 47 51 69
58 0 0 0 47 70 48
59 0 0 0 48 71 60
60 0 0 0 49 59 72
61 0 0 0 50 72 62
62 0 0 0 51 61 73
63 0 0 0 52 56 74
64 0 0 0 52 75 65
65 0 0 0 53 64 76
66 0 0 0 54 76 67
67 0 0 0 55 66 77
68 0 0 0 55 78 56
69 0 0 0 57 73 70
70 0 0 0 58 69 71
71 0 0 0 59 70 79
72 0 0 0 60 79 61
73 0 0 0 62 79 69
74 0 0 0 63 78 75
75 0 0 0 64 74 80
76 0 0 0 65 80 66
77 0 0 0 67 80 78
78 0 0 0 68 77 74
79 0 0 0 71 73 72
80 0 0 0 75 77 76
0
