>>writegraph3d planar <<
1 0 0 0 2 3 4
2 0 0 0 1 5 6
3 0 0 0 1 7
4 0 0 0 1 8 9
5 0 0 0 2 9 10
6 0 0 0 2 11 7
7 0 0 0 3 6 12
8 0 0 0 4 15 16
9 0 0 0 4 17 5
10 0 0 0 5 18 11
11 0 0 0 6 10 19
12 0 0 0 7 19 20
13 0 0 0 21 22
14 0 0 0 23 24
15 0 0 0 8 25 26
16 0 0 0 8 27 17
17 0 0 0 9 16 28
18 0 0 0 10 29 30
19 0 0 0 11 30 12
20 0 0 0 12 31 32
21 0 0 0 13 33 34
22 0 0 0 13 35 36
23 0 0 0 14 37 38
24 0 0 0 14 39 40
25 0 0 0 15 40 41
26 0 0 0 15 42 27
27 0 0 0 16 26 43
28 0 0 0 17 43 44
29 0 0 0 18 45 46
30 0 0 0 18 31 19
31 0 0 0 20 30 46
32 0 0 0 20 47 48
33 0 0 0 21 48 49
34 0 0 0 21 50 35
35 0 0 0 22 34 51
36 0 0 0 22 52 53
37 0 0 0 23 54 55
38 0 0 0 23 56 39
39 0 0 0 24 38 57
40 0 0 0 24 58 25
41 0 0 0 25 59 42
42 0 0 0 26 41 60
43 0 0 0 27 60 28
44 0 0 0 28 61 62
45 0 0 0 29 62 63
46 0 0 0 29 47 31
47 0 0 0 32 46 63
48 0 0 0 32 64 33
49 0 0 0 33 65 50
50 0 0 0 34 49 66
51 0 0 0 35 66 52
52 0 0 0 36 51 67
53 0 0 0 36 68 69
54 0 0 0 37 69 70
55 0 0 0 37 71 56
56 0 0 0 38 55 72
57 0 0 0 39 72 58
58 0 0 0 40 57 59
59 0 0 0 41 58 73
60 0 0 0 42 73 43
61 0 0 0 44 71 74
62 0 0 0 44 65 45
63 0 0 0 45 64 47
64 0 0 0 48 63 65
65 0 0 0 49 64 62
66 0 0 0 50 75 51
67 0 0 0 52 75 68
68 0 0 0 53 67 76
69 0 0 0 53 77 54
70 0 0 0 54 78 71
71 0 0 0 55 70 61
72 0 0 0 56 73 57
73 0 0 0 59 72 60
74 0 0 0 61 78 79
75 0 0 0 66 79 67
76 0 0 0 68 79 77
77 0 0 0 69 76 78
78 0 0 0 70 77 74
79 0 0 0 74 76 75
0
