>>writegraph3d planar <<
1 0 0 0 2 3 4
2 0 0 0 1 5 6
3 0 0 0 1 7 8
4 0 0 0 1 9 10
5 0 0 0 2 10 11
6 0 0 0 2 12 7
7 0 0 0 3 6 13
8 0 0 0 3 14 15
9 0 0 0 4 16 17
10 0 0 0 4 18 5
11 0 0 0 5 19 12
12 0 0 0 6 11 20
13 0 0 0 7 20 21
14 0 0 0 8 22 23
15 0 0 0 8 24 25
16 0 0 0 9 26 27
17 0 0 0 9 18
18 0 0 0 10 17 28
19 0 0 0 11 29 30
20 0 0 0 12 30 13
21 0 0 0 13 31 32
22 0 0 0 14 33 34
23 0 0 0 14 35 24
24 0 0 0 15 23 36
25 0 0 0 15 37 38
26 0 0 0 16 38 39
27 0 0 0 16 40
28 0 0 0 18 41 42
29 0 0 0 19 43 44
30 0 0 0 19 31 20
31 0 0 0 21 30 44
32 0 0 0 21 45 46
33 0 0 0 22 46 47
34 0 0 0 22 48 35
35 0 0 0 23 34 49
36 0 0 0 24 49 37
37 0 0 0 25 36 50
38 0 0 0 25 51 26
39 0 0 0 26 52 40
40 0 0 0 27 39 53
41 0 0 0 53 28
42 0 0 0 28 54 55
43 0 0 0 29 55 56
44 0 0 0 29 45 31
45 0 0 0 32 44 57
46 0 0 0 32 58 33
47 0 0 0 33 59 48
48 0 0 0 34 47 60
49 0 0 0 35 61 36
50 0 0 0 37 61 51
51 0 0 0 38 50 52
52 0 0 0 39 51 62
53 0 0 0 40 54 41
54 0 0 0 42 53 63
55 0 0 0 42 64 43
56 0 0 0 43 65 66
57 0 0 0 45 67 58
58 0 0 0 46 57 59
59 0 0 0 47 58 68
60 0 0 0 48 68 69
61 0 0 0 49 62 50
62 0 0 0 52 61 70
63 0 0 0 54 71 64
64 0 0 0 55 63 65
65 0 0 0 56 64 72
66 0 0 0 56 73 74
67 0 0 0 57 75 68
68 0 0 0 59 67 60
69 0 0 0 60 75 76
70 0 0 0 62 76 77
71 0 0 0 63 77 72
72 0 0 0 65 71 73
73 0 0 0 66 72 78
74 0 0 0 66 79 75
75 0 0 0 67 74 69
76 0 0 0 69 79 70
77 0 0 0 70 78 71
78 0 0 0 73 77 79
79 0 0 0 74 78 76
0
