>>writegraph3d planar <<
1 0 0 0 2 3 4
2 0 0 0 1 5 6
3 0 0 0 1 7 8
4 0 0 0 1 9 10
5 0 0 0 2 10 11
6 0 0 0 2 12 7
7 0 0 0 3 6 13
8 0 0 0 3 14 15
9 0 0 0 4 16 17
10 0 0 0 4 18 5
11 0 0 0 5 19 12
12 0 0 0 6 11 20
13 0 0 0 7 21 14
14 0 0 0 8 13 22
15 0 0 0 8 23 24
16 0 0 0 9 25 26
17 0 0 0 9 27 18
18 0 0 0 10 17 19
19 0 0 0 11 18 28
20 0 0 0 12 28 29
21 0 0 0 13 30 31
22 0 0 0 14 31 23
23 0 0 0 15 22 32
24 0 0 0 15 33 34
25 0 0 0 16 34 35
26 0 0 0 16 36 37
27 0 0 0 17 38 28
28 0 0 0 19 27 20
29 0 0 0 20 38 39
30 0 0 0 21 40 41
31 0 0 0 21 42 22
32 0 0 0 23 42 33
33 0 0 0 24 32 43
34 0 0 0 24 44 25
35 0 0 0 25 45 36
36 0 0 0 26 35 46
37 0 0 0 26 47 48
38 0 0 0 27 49 29
39 0 0 0 29 50 40
40 0 0 0 30 39 51
41 0 0 0 30 52 42
42 0 0 0 31 41 32
43 0 0 0 33 53 44
44 0 0 0 34 43 45
45 0 0 0 35 44 54
46 0 0 0 36 54 47
47 0 0 0 37 46 55
48 0 0 0 37 56 57
49 0 0 0 38 57 50
50 0 0 0 39 49 58
51 0 0 0 40 59 52
52 0 0 0 41 51 60
53 0 0 0 43 61 54
54 0 0 0 45 53 46
55 0 0 0 47 62 56
56 0 0 0 48 55 63
57 0 0 0 48 64 49
58 0 0 0 50 64 65
59 0 0 0 51 66 67
60 0 0 0 52 67 68
61 0 0 0 53 68 69
62 0 0 0 55 70 71
63 0 0 0 56 71 64
64 0 0 0 57 63 58
65 0 0 0 58 71 72
66 0 0 0 59 73 74
67 0 0 0 59 75 60
68 0 0 0 60 76 61
69 0 0 0 61 77 78
70 0 0 0 62 78 72
71 0 0 0 62 65 63
72 0 0 0 65 70 73
73 0 0 0 66 72 79
74 0 0 0 66 80 75
75 0 0 0 67 74 76
76 0 0 0 68 75 77
77 0 0 0 69 76 80
78 0 0 0 69 79 70
79 0 0 0 73 78 80
80 0 0 0 74 79 77
0
