>>writegraph3d planar <<
1 0 0 0 2 3 4
2 0 0 0 1 5 6
3 0 0 0 1 7 8
4 0 0 0 1 9 10
5 0 0 0 2 10 11
6 0 0 0 2 12 7
7 0 0 0 3 6 13
8 0 0 0 3 14 15
9 0 0 0 4 16 17
10 0 0 0 4 18 5
11 0 0 0 5 19 12
12 0 0 0 6 11 20
13 0 0 0 7 20 14
14 0 0 0 8 13 21
15 0 0 0 8 22 23
16 0 0 0 9 24 25
17 0 0 0 9 26 18
18 0 0 0 10 17 19
19 0 0 0 11 18 27
20 0 0 0 12 27 13
21 0 0 0 14 28 22
22 0 0 0 15 21 29
23 0 0 0 15 30 31
24 0 0 0 16 31 32
25 0 0 0 16 33 26
26 0 0 0 17 25 27
27 0 0 0 19 26 20
28 0 0 0 21 34
29 0 0 0 22 34 35
30 0 0 0 23 36 37
31 0 0 0 23 38 24
32 0 0 0 24 39 33
33 0 0 0 25 32
34 0 0 0 28 41 29
35 0 0 0 29 42 43
36 0 0 0 30 44 45
37 0 0 0 30 46 47
38 0 0 0 31 48 39
39 0 0 0 32 38 49
40 0 0 0 50 46
41 0 0 0 34 51 42
42 0 0 0 35 41 52
43 0 0 0 35 53 54
44 0 0 0 36 54 55
45 0 0 0 36 56 46
46 0 0 0 37 45 40
47 0 0 0 37 50 57
48 0 0 0 38 58 59
49 0 0 0 39 59 60
50 0 0 0 40 61 47
51 0 0 0 41 62 63
52 0 0 0 42 63 53
53 0 0 0 43 52 64
54 0 0 0 43 65 44
55 0 0 0 44 66 56
56 0 0 0 45 55 62
57 0 0 0 47 67 68
58 0 0 0 48 68 69
59 0 0 0 48 70 49
60 0 0 0 49 71 72
61 0 0 0 50 72 67
62 0 0 0 51 56 73
63 0 0 0 51 74 52
64 0 0 0 53 74 65
65 0 0 0 54 64 66
66 0 0 0 55 65 73
67 0 0 0 57 61 75
68 0 0 0 57 76 58
69 0 0 0 58 77 70
70 0 0 0 59 69 71
71 0 0 0 60 70 78
72 0 0 0 60 79 61
73 0 0 0 62 66 74
74 0 0 0 63 73 64
75 0 0 0 67 79 76
76 0 0 0 68 75 77
77 0 0 0 69 76 78
78 0 0 0 71 77 79
79 0 0 0 72 78 75
0
