>>writegraph3d planar <<
1 0 0 0 2 3 4
2 0 0 0 1 5 6
3 0 0 0 1 7 8
4 0 0 0 1 9 10
5 0 0 0 2 10 11
6 0 0 0 2 12 7
7 0 0 0 3 6 13
8 0 0 0 3 14 15
9 0 0 0 4 16 17
10 0 0 0 4 18 5
11 0 0 0 5 19 12
12 0 0 0 6 11 20
13 0 0 0 7 20 21
14 0 0 0 8 22 23
15 0 0 0 8 24 25
16 0 0 0 9 26 21
17 0 0 0 9 27 18
18 0 0 0 10 17 19
19 0 0 0 11 18 28
20 0 0 0 12 28 13
21 0 0 0 13 27 16
22 0 0 0 14 29 30
23 0 0 0 14 31 32
24 0 0 0 15 33 34
25 0 0 0 15 35 36
26 0 0 0 16 36 29
27 0 0 0 17 21 28
28 0 0 0 19 27 20
29 0 0 0 22 26 37
30 0 0 0 22 38 31
31 0 0 0 23 30 39
32 0 0 0 23 40 41
33 0 0 0 24 42 43
34 0 0 0 24 44 35
35 0 0 0 25 34 45
36 0 0 0 25 46 26
37 0 0 0 29 47 38
38 0 0 0 30 37 48
39 0 0 0 31 48 40
40 0 0 0 32 39 49
41 0 0 0 32 50 51
42 0 0 0 33 51 52
43 0 0 0 33 53 44
44 0 0 0 34 43 54
45 0 0 0 35 54 46
46 0 0 0 36 45 55
47 0 0 0 37 56 57
48 0 0 0 38 57 39
49 0 0 0 40 57 50
50 0 0 0 41 49 56
51 0 0 0 41 58 42
52 0 0 0 42 59 53
53 0 0 0 43 52 60
54 0 0 0 44 60 45
55 0 0 0 46 60 59
56 0 0 0 47 61 50
57 0 0 0 47 49 48
58 0 0 0 51 62 63
59 0 0 0 52 61 55
60 0 0 0 53 55 54
61 0 0 0 56 59 64
62 0 0 0 58 65 66
63 0 0 0 58 67 68
64 0 0 0 61 69 70
65 0 0 0 62 70 71
66 0 0 0 62 72 67
67 0 0 0 63 66 73
68 0 0 0 63 74 69
69 0 0 0 64 68 75
70 0 0 0 64 76 65
71 0 0 0 65 77 72
72 0 0 0 66 71 78
73 0 0 0 67 78 74
74 0 0 0 68 73 79
75 0 0 0 69 79 76
76 0 0 0 70 75 77
77 0 0 0 71 76 80
78 0 0 0 72 80 73
79 0 0 0 74 80 75
80 0 0 0 77 79 78
0
