>>writegraph3d planar <<
1 0 0 0 2 3 4
2 0 0 0 1 5 6
3 0 0 0 1 7 8
4 0 0 0 1 9 10
5 0 0 0 2 10 11
6 0 0 0 2 12 7
7 0 0 0 3 6 13
8 0 0 0 3 14 15
9 0 0 0 4 16 17
10 0 0 0 4 18 5
11 0 0 0 5 19 12
12 0 0 0 6 11 20
13 0 0 0 7 20 21
14 0 0 0 8 22 23
15 0 0 0 8 24 25
16 0 0 0 9 26 27
17 0 0 0 9 28 18
18 0 0 0 10 17 29
19 0 0 0 11 30 31
20 0 0 0 12 31 13
21 0 0 0 13 32 33
22 0 0 0 14 34 35
23 0 0 0 14 36 37
24 0 0 0 15 38 39
25 0 0 0 15 40 41
26 0 0 0 16 41 42
27 0 0 0 16 43 28
28 0 0 0 17 27 44
29 0 0 0 18 44 45
30 0 0 0 19 46 47
31 0 0 0 19 32 20
32 0 0 0 21 31 47
33 0 0 0 21 48 49
34 0 0 0 22 49 50
35 0 0 0 22 51 36
36 0 0 0 23 35 52
37 0 0 0 23 53 54
38 0 0 0 24 55 56
39 0 0 0 24 57 40
40 0 0 0 25 39 58
41 0 0 0 25 59 26
42 0 0 0 26 60 43
43 0 0 0 27 42 61
44 0 0 0 28 61 29
45 0 0 0 29 62 63
46 0 0 0 30 63 64
47 0 0 0 30 48 32
48 0 0 0 33 47 64
49 0 0 0 33 65 34
50 0 0 0 34 66 51
51 0 0 0 35 50 67
52 0 0 0 36 67 53
53 0 0 0 37 52 68
54 0 0 0 37 69 70
55 0 0 0 38 70 71
56 0 0 0 38 72 57
57 0 0 0 39 56 73
58 0 0 0 40 73 59
59 0 0 0 41 58 60
60 0 0 0 42 59 74
61 0 0 0 43 74 44
62 0 0 0 45 72 75
63 0 0 0 45 66 46
64 0 0 0 46 65 48
65 0 0 0 49 64 66
66 0 0 0 50 65 63
67 0 0 0 51 76 52
68 0 0 0 53 76 69
69 0 0 0 54 68 77
70 0 0 0 54 78 55
71 0 0 0 55 79 72
72 0 0 0 56 71 62
73 0 0 0 57 74 58
74 0 0 0 60 73 61
75 0 0 0 62 79 80
76 0 0 0 67 80 68
77 0 0 0 69 80 78
78 0 0 0 70 77 79
79 0 0 0 71 78 75
80 0 0 0 75 77 76
0
