>>writegraph3d planar <<
1 0 0 0 2 3 4
2 0 0 0 1 5 6
3 0 0 0 1 7 8
4 0 0 0 1 9 10
5 0 0 0 2 10 11
6 0 0 0 2 12 7
7 0 0 0 3 6 13
8 0 0 0 3 14 15
9 0 0 0 4 16 17
10 0 0 0 4 18 5
11 0 0 0 5 19 12
12 0 0 0 6 11 20
13 0 0 0 7 20 14
14 0 0 0 8 13 21
15 0 0 0 8 22 23
16 0 0 0 9 24 25
17 0 0 0 9 26 18
18 0 0 0 10 17 19
19 0 0 0 11 18 27
20 0 0 0 12 27 13
21 0 0 0 14 28 22
22 0 0 0 15 21 29
23 0 0 0 15 30 31
24 0 0 0 16 31 32
25 0 0 0 16 33 26
26 0 0 0 17 25 27
27 0 0 0 19 26 20
28 0 0 0 21 34 35
29 0 0 0 22 35 30
30 0 0 0 23 29 36
31 0 0 0 23 37 24
32 0 0 0 24 38 33
33 0 0 0 25 32 34
34 0 0 0 28 33 39
35 0 0 0 28 40 29
36 0 0 0 30 40 41
37 0 0 0 31 42 38
38 0 0 0 32 37 39
39 0 0 0 34 38 43
40 0 0 0 35 44 36
41 0 0 0 36 45 46
42 0 0 0 37 47 43
43 0 0 0 39 42 48
44 0 0 0 40 49 45
45 0 0 0 41 44 50
46 0 0 0 41 51 52
47 0 0 0 42 52 53
48 0 0 0 43 53 54
49 0 0 0 44 54 55
50 0 0 0 45 55 51
51 0 0 0 46 50 56
52 0 0 0 46 57 47
53 0 0 0 47 58 48
54 0 0 0 48 59 49
55 0 0 0 49 60 50
56 0 0 0 51 60 57
57 0 0 0 52 56 58
58 0 0 0 53 57 59
59 0 0 0 54 58 60
60 0 0 0 55 59 56
0
