>>writegraph3d planar <<
1 0 0 0 2 3 4
2 0 0 0 1 5 6
3 0 0 0 1 7 8
4 0 0 0 1 9 10
5 0 0 0 2 10 11
6 0 0 0 2 12 7
7 0 0 0 3 6 13
8 0 0 0 3 14 15
9 0 0 0 4 16 17
10 0 0 0 4 18 5
11 0 0 0 5 19 12
12 0 0 0 6 11 20
13 0 0 0 7 20 21
14 0 0 0 8 22 23
15 0 0 0 8 24 25
16 0 0 0 9 26 21
17 0 0 0 9 27 18
18 0 0 0 10 17 19
19 0 0 0 11 18 28
20 0 0 0 12 28 13
21 0 0 0 13 27 16
22 0 0 0 14 29 30
23 0 0 0 14 31 24
24 0 0 0 15 23 32
25 0 0 0 15 33 34
26 0 0 0 16 34 29
27 0 0 0 17 21 28
28 0 0 0 19 27 20
29 0 0 0 22 26 35
30 0 0 0 22 36 31
31 0 0 0 23 30 37
32 0 0 0 24 37 38
33 0 0 0 25 39 40
34 0 0 0 25 41 26
35 0 0 0 29 41 42
36 0 0 0 30 43 44
37 0 0 0 31 45 32
38 0 0 0 32 46 47
39 0 0 0 33 48 49
40 0 0 0 33 45 41
41 0 0 0 34 40 35
42 0 0 0 35 45 50
43 0 0 0 36 51 52
44 0 0 0 36 53 54
45 0 0 0 37 42 40
46 0 0 0 38 55 56
47 0 0 0 38 57 58
48 0 0 0 39 58 59
49 0 0 0 39 60 55
50 0 0 0 42 61 62
51 0 0 0 43 62 63
52 0 0 0 43 64 53
53 0 0 0 44 52 65
54 0 0 0 44 66 61
55 0 0 0 46 49 67
56 0 0 0 46 68 57
57 0 0 0 47 56 69
58 0 0 0 47 70 48
59 0 0 0 48 71 60
60 0 0 0 49 59 72
61 0 0 0 50 54 73
62 0 0 0 50 74 51
63 0 0 0 51 75 64
64 0 0 0 52 63 76
65 0 0 0 53 76 66
66 0 0 0 54 65 77
67 0 0 0 55 72 68
68 0 0 0 56 67 78
69 0 0 0 57 78 70
70 0 0 0 58 69 71
71 0 0 0 59 70 79
72 0 0 0 60 79 67
73 0 0 0 61 77 74
74 0 0 0 62 73 75
75 0 0 0 63 74 80
76 0 0 0 64 80 65
77 0 0 0 66 80 73
78 0 0 0 68 79 69
79 0 0 0 71 78 72
80 0 0 0 75 77 76
0
