>>writegraph3d planar <<
1 0 0 0 2 3 4
2 0 0 0 1 5 6
3 0 0 0 1 7 8
4 0 0 0 1 9 10
5 0 0 0 2 10 11
6 0 0 0 2 12 7
7 0 0 0 3 6 13
8 0 0 0 3 14 15
9 0 0 0 4 16 17
10 0 0 0 4 18 5
11 0 0 0 5 19 12
12 0 0 0 6 11 20
13 0 0 0 7 20 14
14 0 0 0 8 13 21
15 0 0 0 8 22 23
16 0 0 0 9 24 25
17 0 0 0 9 26 18
18 0 0 0 10 17 19
19 0 0 0 11 18 27
20 0 0 0 12 27 13
21 0 0 0 14 28 22
22 0 0 0 15 21 29
23 0 0 0 15 30 31
24 0 0 0 16 31 32
25 0 0 0 16 33 26
26 0 0 0 17 25 27
27 0 0 0 19 26 20
28 0 0 0 21 34 35
29 0 0 0 22 35 36
30 0 0 0 23 37 38
31 0 0 0 23 39 24
32 0 0 0 24 40 33
33 0 0 0 25 32 34
34 0 0 0 28 33 41
35 0 0 0 28 42 29
36 0 0 0 29 43 44
37 0 0 0 30 45 46
38 0 0 0 30 47 48
39 0 0 0 31 49 40
40 0 0 0 32 39 50
41 0 0 0 34 51 47
42 0 0 0 35 52 43
43 0 0 0 36 42 53
44 0 0 0 36 54 55
45 0 0 0 37 55 56
46 0 0 0 37 57 47
47 0 0 0 38 46 41
48 0 0 0 38 51 58
49 0 0 0 39 59 60
50 0 0 0 40 60 61
51 0 0 0 41 62 48
52 0 0 0 42 63 64
53 0 0 0 43 64 54
54 0 0 0 44 53 65
55 0 0 0 44 66 45
56 0 0 0 45 67 57
57 0 0 0 46 56 63
58 0 0 0 48 68 69
59 0 0 0 49 69 70
60 0 0 0 49 71 50
61 0 0 0 50 72 73
62 0 0 0 51 73 68
63 0 0 0 52 57 74
64 0 0 0 52 75 53
65 0 0 0 54 75 66
66 0 0 0 55 65 67
67 0 0 0 56 66 74
68 0 0 0 58 62 76
69 0 0 0 58 77 59
70 0 0 0 59 78 71
71 0 0 0 60 70 72
72 0 0 0 61 71 79
73 0 0 0 61 80 62
74 0 0 0 63 67 75
75 0 0 0 64 74 65
76 0 0 0 68 80 77
77 0 0 0 69 76 78
78 0 0 0 70 77 79
79 0 0 0 72 78 80
80 0 0 0 73 79 76
0
