>>writegraph3d planar <<
1 0 0 0 2 3 4
2 0 0 0 1 5 6
3 0 0 0 1 7 8
4 0 0 0 1 9 10
5 0 0 0 2 10 11
6 0 0 0 2 12 7
7 0 0 0 3 6 13
8 0 0 0 3 14 15
9 0 0 0 4 16 17
10 0 0 0 4 18 5
11 0 0 0 5 19 12
12 0 0 0 6 11 20
13 0 0 0 7 20 21
14 0 0 0 8 22 23
15 0 0 0 8 24 25
16 0 0 0 9 26 21
17 0 0 0 9 27 18
18 0 0 0 10 17 19
19 0 0 0 11 18 28
20 0 0 0 12 28 13
21 0 0 0 13 27 16
22 0 0 0 14 29 30
23 0 0 0 14 31 24
24 0 0 0 15 23 32
25 0 0 0 15 33 34
26 0 0 0 16 34 29
27 0 0 0 17 21 28
28 0 0 0 19 27 20
29 0 0 0 22 26 35
30 0 0 0 22 36 31
31 0 0 0 23 30 37
32 0 0 0 24 37 33
33 0 0 0 25 32 38
34 0 0 0 25 39 26
35 0 0 0 29 39 36
36 0 0 0 30 35 40
37 0 0 0 31 41 32
38 0 0 0 33 40 39
39 0 0 0 34 38 35
40 0 0 0 36 38 42
41 0 0 0 37 43 44
42 0 0 0 40 45 46
43 0 0 0 41 47 48
44 0 0 0 41 49 50
45 0 0 0 42 50 51
46 0 0 0 42 52 47
47 0 0 0 43 46 53
48 0 0 0 43 54 49
49 0 0 0 44 48 55
50 0 0 0 44 56 45
51 0 0 0 45 57 52
52 0 0 0 46 51 58
53 0 0 0 47 58 54
54 0 0 0 48 53 59
55 0 0 0 49 59 56
56 0 0 0 50 55 57
57 0 0 0 51 56 60
58 0 0 0 52 60 53
59 0 0 0 54 60 55
60 0 0 0 57 59 58
0
