>>writegraph3d planar <<
1 0 0 0 2 3 4
2 0 0 0 1 5 6
3 0 0 0 1 7 8
4 0 0 0 1 9 10
5 0 0 0 2 10 11
6 0 0 0 2 12 7
7 0 0 0 3 6 13
8 0 0 0 3 14 15
9 0 0 0 4 16 17
10 0 0 0 4 18 5
11 0 0 0 5 19 12
12 0 0 0 6 11 20
13 0 0 0 7 21 14
14 0 0 0 8 13 22
15 0 0 0 8 23 24
16 0 0 0 9 25 26
17 0 0 0 9 27 18
18 0 0 0 10 17 19
19 0 0 0 11 18 28
20 0 0 0 12 28 29
21 0 0 0 13 30 31
22 0 0 0 14 31 23
23 0 0 0 15 22 32
24 0 0 0 15 33 34
25 0 0 0 16 34 35
26 0 0 0 16 36 37
27 0 0 0 17 38 28
28 0 0 0 19 27 20
29 0 0 0 20 38 39
30 0 0 0 21 40 41
31 0 0 0 21 42 22
32 0 0 0 23 42 33
33 0 0 0 24 32 43
34 0 0 0 24 44 25
35 0 0 0 25 45 46
36 0 0 0 26 47 48
37 0 0 0 26 49 50
38 0 0 0 27 51 29
39 0 0 0 29 52 40
40 0 0 0 30 39 53
41 0 0 0 30 54 55
42 0 0 0 31 56 32
43 0 0 0 33 56 44
44 0 0 0 34 43 45
45 0 0 0 35 44 57
46 0 0 0 35 58 59
47 0 0 0 36 60 61
48 0 0 0 36 62 49
49 0 0 0 37 48 63
50 0 0 0 37 64 65
51 0 0 0 38 65 52
52 0 0 0 39 51 66
53 0 0 0 40 66 67
54 0 0 0 41 68 69
55 0 0 0 41 70 71
56 0 0 0 42 57 43
57 0 0 0 45 56 58
58 0 0 0 46 57 71
59 0 0 0 46 72 73
60 0 0 0 47 73 74
61 0 0 0 47 68 62
62 0 0 0 48 61 75
63 0 0 0 49 75 64
64 0 0 0 50 63 76
65 0 0 0 50 77 51
66 0 0 0 52 77 53
67 0 0 0 53 76 75
68 0 0 0 54 61 74
69 0 0 0 54 78 70
70 0 0 0 55 69 79
71 0 0 0 55 72 58
72 0 0 0 59 71 79
73 0 0 0 59 80 60
74 0 0 0 60 78 68
75 0 0 0 62 67 63
76 0 0 0 64 67 77
77 0 0 0 65 76 66
78 0 0 0 69 74 80
79 0 0 0 70 80 72
80 0 0 0 73 79 78
0
