>>writegraph3d planar <<
1 0 0 0 2 3 4
2 0 0 0 1 5 6
3 0 0 0 1 7 8
4 0 0 0 1 9 10
5 0 0 0 2 10 11
6 0 0 0 2 12 7
7 0 0 0 3 6 13
8 0 0 0 3 14 15
9 0 0 0 4 17
10 0 0 0 4 18 5
11 0 0 0 5 19 12
12 0 0 0 6 11 20
13 0 0 0 7 21 14
14 0 0 0 8 13 22
15 0 0 0 8 23 24
16 0 0 0 25 26
17 0 0 0 9 27 18
18 0 0 0 10 17 19
19 0 0 0 11 18 28
20 0 0 0 12 28 29
21 0 0 0 13 30 31
22 0 0 0 14 31 23
23 0 0 0 15 22 32
24 0 0 0 15 33 34
25 0 0 0 16 34 35
26 0 0 0 16 36 37
27 0 0 0 17 38 28
28 0 0 0 19 27 20
29 0 0 0 20 38 39
30 0 0 0 21 40 41
31 0 0 0 21 42 22
32 0 0 0 23 43 33
33 0 0 0 24 32 44
34 0 0 0 24 45 25
35 0 0 0 25 46 36
36 0 0 0 26 35 47
37 0 0 0 26 48 49
38 0 0 0 27 50 29
39 0 0 0 29 51 40
40 0 0 0 30 39 52
41 0 0 0 30 53 42
42 0 0 0 31 41 54
43 0 0 0 32 55 56
44 0 0 0 33 57 45
45 0 0 0 34 44 46
46 0 0 0 35 45 58
47 0 0 0 36 58 48
48 0 0 0 37 47 59
49 0 0 0 37 60 61
50 0 0 0 38 61 51
51 0 0 0 39 50 62
52 0 0 0 40 63 53
53 0 0 0 41 52 64
54 0 0 0 42 64 65
55 0 0 0 43 66 67
56 0 0 0 43 68 69
57 0 0 0 44 59 58
58 0 0 0 46 57 47
59 0 0 0 48 57 60
60 0 0 0 49 59 70
61 0 0 0 49 71 50
62 0 0 0 51 71 72
63 0 0 0 52 73 74
64 0 0 0 53 74 54
65 0 0 0 54 75 66
66 0 0 0 55 65 76
67 0 0 0 55 77 68
68 0 0 0 56 67 78
69 0 0 0 56 72 70
70 0 0 0 60 69 71
71 0 0 0 61 70 62
72 0 0 0 62 69 78
73 0 0 0 63 79 80
74 0 0 0 63 75 64
75 0 0 0 65 74 80
76 0 0 0 66 80 77
77 0 0 0 67 76 79
78 0 0 0 68 79 72
79 0 0 0 73 78 77
80 0 0 0 73 76 75
0
