>>writegraph3d planar <<
1 0 0 0 2 3 4
2 0 0 0 1 5 6
3 0 0 0 1 7 8
4 0 0 0 1 9 10
5 0 0 0 2 10 11
6 0 0 0 2 12 7
7 0 0 0 3 6 13
8 0 0 0 3 14 15
9 0 0 0 4 16 17
10 0 0 0 4 18 5
11 0 0 0 5 19 12
12 0 0 0 6 11 20
13 0 0 0 7 20 21
14 0 0 0 8 22 23
15 0 0 0 8 24 25
16 0 0 0 9 26 21
17 0 0 0 9 27 18
18 0 0 0 10 17 19
19 0 0 0 11 18 28
20 0 0 0 12 28 13
21 0 0 0 13 27 16
22 0 0 0 14 29 30
23 0 0 0 14 31 24
24 0 0 0 15 23 32
25 0 0 0 15 33 34
26 0 0 0 16 34 29
27 0 0 0 17 21 28
28 0 0 0 19 27 20
29 0 0 0 22 26 35
30 0 0 0 22 36 31
31 0 0 0 23 30 37
32 0 0 0 24 37 33
33 0 0 0 25 32 38
34 0 0 0 25 39 26
35 0 0 0 29 39 40
36 0 0 0 30 41 42
37 0 0 0 31 42 32
38 0 0 0 33 42 43
39 0 0 0 34 44 35
40 0 0 0 35 45 46
41 0 0 0 36 47 43
42 0 0 0 36 38 37
43 0 0 0 38 41 48
44 0 0 0 39 49 50
45 0 0 0 40 51 52
46 0 0 0 40 53 54
47 0 0 0 41 54 55
48 0 0 0 43 56 57
49 0 0 0 44 57 58
50 0 0 0 44 59 60
51 0 0 0 45 61 62
52 0 0 0 45 63 53
53 0 0 0 46 52 64
54 0 0 0 46 65 47
55 0 0 0 47 66 67
56 0 0 0 48 68 69
57 0 0 0 48 70 49
58 0 0 0 49 71 59
59 0 0 0 50 58 72
60 0 0 0 50 73 74
61 0 0 0 51 74 67
62 0 0 0 51 75 63
63 0 0 0 52 62 76
64 0 0 0 53 76 65
65 0 0 0 54 64 66
66 0 0 0 55 65 77
67 0 0 0 55 75 61
68 0 0 0 56 74 78
69 0 0 0 56 79 70
70 0 0 0 57 69 71
71 0 0 0 58 70 80
72 0 0 0 59 80 73
73 0 0 0 60 72 78
74 0 0 0 60 68 61
75 0 0 0 62 67 77
76 0 0 0 63 77 64
77 0 0 0 66 76 75
78 0 0 0 68 73 79
79 0 0 0 69 78 80
80 0 0 0 71 79 72
0
