>>writegraph3d planar <<
1 0 0 0 2 3 4
2 0 0 0 1 5 6
3 0 0 0 1 7 8
4 0 0 0 1 9 10
5 0 0 0 2 10 11
6 0 0 0 2 12 7
7 0 0 0 3 6 13
8 0 0 0 3 14 15
9 0 0 0 4 16 17
10 0 0 0 4 18 5
11 0 0 0 5 19 12
12 0 0 0 6 11 20
13 0 0 0 7 20 21
14 0 0 0 8 22 23
15 0 0 0 8 24 25
16 0 0 0 9 26 27
17 0 0 0 9 28 18
18 0 0 0 10 17 19
19 0 0 0 11 18 29
20 0 0 0 12 29 13
21 0 0 0 13 28 30
22 0 0 0 14 31 32
23 0 0 0 14 33 24
24 0 0 0 15 23 34
25 0 0 0 15 35 36
26 0 0 0 16 36 37
27 0 0 0 16 38 39
28 0 0 0 17 21 29
29 0 0 0 19 28 20
30 0 0 0 21 40 41
31 0 0 0 22 41 42
32 0 0 0 22 43 33
33 0 0 0 23 32 44
34 0 0 0 24 44 35
35 0 0 0 25 34 45
36 0 0 0 25 46 26
37 0 0 0 26 47 38
38 0 0 0 27 37 48
39 0 0 0 27 49 50
40 0 0 0 30 50 51
41 0 0 0 30 52 31
42 0 0 0 31 53 43
43 0 0 0 32 42 54
44 0 0 0 33 54 34
45 0 0 0 35 55 46
46 0 0 0 36 45 47
47 0 0 0 37 46 56
48 0 0 0 38 56 49
49 0 0 0 39 48 57
50 0 0 0 39 58 40
51 0 0 0 40 59 52
52 0 0 0 41 51 53
53 0 0 0 42 52 60
54 0 0 0 43 61 44
55 0 0 0 45 62 56
56 0 0 0 47 55 48
57 0 0 0 49 63 58
58 0 0 0 50 57 59
59 0 0 0 51 58 60
60 0 0 0 53 59 63
61 0 0 0 54 64 65
62 0 0 0 55 66 67
63 0 0 0 57 68 60
64 0 0 0 61 69 70
65 0 0 0 61 71 66
66 0 0 0 62 65 72
67 0 0 0 62 73 74
68 0 0 0 63 74 69
69 0 0 0 64 68 75
70 0 0 0 64 76 71
71 0 0 0 65 70 77
72 0 0 0 66 77 73
73 0 0 0 67 72 78
74 0 0 0 67 79 68
75 0 0 0 69 79 76
76 0 0 0 70 75
77 0 0 0 71 72
78 0 0 0 73 79
79 0 0 0 74 78 75
0
