>>writegraph3d planar <<
1 0 0 0 4 8 2
2 0 0 0 1 30 3
3 0 0 0 2 15 4
4 0 0 0 3 5 1
5 0 0 0 4 17 6
6 0 0 0 5 9 7
7 0 0 0 6 12 8
8 0 0 0 7 28 1
9 0 0 0 6 19 10
10 0 0 0 9 13 11
11 0 0 0 10 14 12
12 0 0 0 11 37 7
13 0 0 0 10 21 14
14 0 0 0 13 40 11
15 0 0 0 3 42 16
16 0 0 0 15 22 17
17 0 0 0 16 18 5
18 0 0 0 17 24 19
19 0 0 0 18 20 9
20 0 0 0 19 26 21
21 0 0 0 20 71 13
22 0 0 0 16 53 23
23 0 0 0 22 27 24
24 0 0 0 23 25 18
25 0 0 0 24 27 26
26 0 0 0 25 69 20
27 0 0 0 23 55 25
28 0 0 0 8 31 29
29 0 0 0 28 34 30
30 0 0 0 29 41 2
31 0 0 0 28 37 32
32 0 0 0 31 35 33
33 0 0 0 32 36 34
34 0 0 0 33 49 29
35 0 0 0 32 39 36
36 0 0 0 35 52 33
37 0 0 0 12 38 31
38 0 0 0 37 40 39
39 0 0 0 38 66 35
40 0 0 0 14 72 38
41 0 0 0 30 43 42
42 0 0 0 41 46 15
43 0 0 0 41 49 44
44 0 0 0 43 47 45
45 0 0 0 44 48 46
46 0 0 0 45 53 42
47 0 0 0 44 51 48
48 0 0 0 47 56 45
49 0 0 0 34 50 43
50 0 0 0 49 52 51
51 0 0 0 50 57 47
52 0 0 0 36 65 50
53 0 0 0 46 54 22
54 0 0 0 53 56 55
55 0 0 0 54 68 27
56 0 0 0 48 58 54
57 0 0 0 51 59 58
58 0 0 0 57 62 56
59 0 0 0 57 65 60
60 0 0 0 59 63 61
61 0 0 0 60 64 62
62 0 0 0 61 68 58
63 0 0 0 60 67 64
64 0 0 0 63 70 61
65 0 0 0 52 66 59
66 0 0 0 65 39 67
67 0 0 0 66 72 63
68 0 0 0 62 69 55
69 0 0 0 68 70 26
70 0 0 0 64 71 69
71 0 0 0 70 72 21
72 0 0 0 71 67 40
0
