>>writegraph3d planar <<
1 0 0 0 6 10 2
2 0 0 0 1 34 3
3 0 0 0 2 32 4
4 0 0 0 3 13 5
5 0 0 0 4 14 6
6 0 0 0 5 7 1
7 0 0 0 6 16 8
8 0 0 0 7 11 9
9 0 0 0 8 12 10
10 0 0 0 9 39 1
11 0 0 0 8 18 12
12 0 0 0 11 21 9
13 0 0 0 4 22 14
14 0 0 0 13 15 5
15 0 0 0 14 24 16
16 0 0 0 15 17 7
17 0 0 0 16 26 18
18 0 0 0 17 19 11
19 0 0 0 18 28 20
20 0 0 0 19 56 21
21 0 0 0 20 40 12
22 0 0 0 13 33 23
23 0 0 0 22 29 24
24 0 0 0 23 25 15
25 0 0 0 24 31 26
26 0 0 0 25 27 17
27 0 0 0 26 31 28
28 0 0 0 27 52 19
29 0 0 0 23 44 30
30 0 0 0 29 51 31
31 0 0 0 30 27 25
32 0 0 0 3 36 33
33 0 0 0 32 43 22
34 0 0 0 2 37 35
35 0 0 0 34 38 36
36 0 0 0 35 47 32
37 0 0 0 34 39 38
38 0 0 0 37 42 35
39 0 0 0 10 40 37
40 0 0 0 39 21 41
41 0 0 0 40 55 42
42 0 0 0 41 48 38
43 0 0 0 33 45 44
44 0 0 0 43 46 29
45 0 0 0 43 47 46
46 0 0 0 45 50 44
47 0 0 0 36 48 45
48 0 0 0 47 42 49
49 0 0 0 48 53 50
50 0 0 0 49 51 46
51 0 0 0 30 50 52
52 0 0 0 51 54 28
53 0 0 0 49 55 54
54 0 0 0 53 56 52
55 0 0 0 53 41 56
56 0 0 0 55 20 54
0
