>>writegraph3d planar <<
1 0 0 0 6 10 2
2 0 0 0 1 61 3
3 0 0 0 2 55 4
4 0 0 0 3 13 5
5 0 0 0 4 16 6
6 0 0 0 5 7 1
7 0 0 0 6 18 8
8 0 0 0 7 11 9
9 0 0 0 8 12 10
10 0 0 0 9 65 1
11 0 0 0 8 20 12
12 0 0 0 11 23 9
13 0 0 0 4 53 14
14 0 0 0 13 24 15
15 0 0 0 14 25 16
16 0 0 0 15 17 5
17 0 0 0 16 27 18
18 0 0 0 17 19 7
19 0 0 0 18 29 20
20 0 0 0 19 21 11
21 0 0 0 20 31 22
22 0 0 0 21 34 23
23 0 0 0 22 66 12
24 0 0 0 14 35 25
25 0 0 0 24 26 15
26 0 0 0 25 37 27
27 0 0 0 26 28 17
28 0 0 0 27 39 29
29 0 0 0 28 30 19
30 0 0 0 29 41 31
31 0 0 0 30 32 21
32 0 0 0 31 43 33
33 0 0 0 32 92 34
34 0 0 0 33 96 22
35 0 0 0 24 52 36
36 0 0 0 35 44 37
37 0 0 0 36 38 26
38 0 0 0 37 46 39
39 0 0 0 38 40 28
40 0 0 0 39 48 41
41 0 0 0 40 42 30
42 0 0 0 41 48 43
43 0 0 0 42 84 32
44 0 0 0 36 69 45
45 0 0 0 44 72 46
46 0 0 0 45 47 38
47 0 0 0 46 83 48
48 0 0 0 47 42 40
49 0 0 0 54 58 50
50 0 0 0 49 75 51
51 0 0 0 50 69 52
52 0 0 0 51 35 53
53 0 0 0 52 13 54
54 0 0 0 53 55 49
55 0 0 0 54 3 56
56 0 0 0 55 59 57
57 0 0 0 56 60 58
58 0 0 0 57 79 49
59 0 0 0 56 61 60
60 0 0 0 59 64 57
61 0 0 0 2 62 59
62 0 0 0 61 65 63
63 0 0 0 62 68 64
64 0 0 0 63 80 60
65 0 0 0 10 66 62
66 0 0 0 65 23 67
67 0 0 0 66 96 68
68 0 0 0 67 95 63
69 0 0 0 44 51 70
70 0 0 0 69 73 71
71 0 0 0 70 74 72
72 0 0 0 71 85 45
73 0 0 0 70 75 74
74 0 0 0 73 78 71
75 0 0 0 50 76 73
76 0 0 0 75 79 77
77 0 0 0 76 82 78
78 0 0 0 77 86 74
79 0 0 0 58 80 76
80 0 0 0 79 64 81
81 0 0 0 80 95 82
82 0 0 0 81 89 77
83 0 0 0 47 85 84
84 0 0 0 83 88 43
85 0 0 0 72 86 83
86 0 0 0 85 78 87
87 0 0 0 86 89 88
88 0 0 0 87 92 84
89 0 0 0 87 82 90
90 0 0 0 89 93 91
91 0 0 0 90 94 92
92 0 0 0 91 33 88
93 0 0 0 90 95 94
94 0 0 0 93 96 91
95 0 0 0 81 68 93
96 0 0 0 67 34 94
0
