>>writegraph3d planar <<
1 0 0 0 4 8 2
2 0 0 0 1 19 3
3 0 0 0 2 11 4
4 0 0 0 3 5 1
5 0 0 0 4 13 6
6 0 0 0 5 9 7
7 0 0 0 6 10 8
8 0 0 0 7 17 1
9 0 0 0 6 15 10
10 0 0 0 9 22 7
11 0 0 0 3 24 12
12 0 0 0 11 16 13
13 0 0 0 12 14 5
14 0 0 0 13 16 15
15 0 0 0 14 32 9
16 0 0 0 12 28 14
17 0 0 0 8 20 18
18 0 0 0 17 21 19
19 0 0 0 18 23 2
20 0 0 0 17 22 21
21 0 0 0 20 27 18
22 0 0 0 10 31 20
23 0 0 0 19 25 24
24 0 0 0 23 26 11
25 0 0 0 23 27 26
26 0 0 0 25 28 24
27 0 0 0 21 29 25
28 0 0 0 26 30 16
29 0 0 0 27 31 30
30 0 0 0 29 32 28
31 0 0 0 29 22 32
32 0 0 0 31 15 30
0
