>>writegraph3d planar <<
1 0 0 0 6 10 2
2 0 0 0 1 120 3
3 0 0 0 2 113 4
4 0 0 0 3 17 5
5 0 0 0 4 20 6
6 0 0 0 5 7 1
7 0 0 0 6 22 8
8 0 0 0 7 11 9
9 0 0 0 8 14 10
10 0 0 0 9 126 1
11 0 0 0 8 24 12
12 0 0 0 11 15 13
13 0 0 0 12 16 14
14 0 0 0 13 132 9
15 0 0 0 12 26 16
16 0 0 0 15 29 13
17 0 0 0 4 111 18
18 0 0 0 17 30 19
19 0 0 0 18 33 20
20 0 0 0 19 21 5
21 0 0 0 20 35 22
22 0 0 0 21 23 7
23 0 0 0 22 37 24
24 0 0 0 23 25 11
25 0 0 0 24 39 26
26 0 0 0 25 27 15
27 0 0 0 26 41 28
28 0 0 0 27 44 29
29 0 0 0 28 133 16
30 0 0 0 18 109 31
31 0 0 0 30 45 32
32 0 0 0 31 46 33
33 0 0 0 32 34 19
34 0 0 0 33 48 35
35 0 0 0 34 36 21
36 0 0 0 35 50 37
37 0 0 0 36 38 23
38 0 0 0 37 52 39
39 0 0 0 38 40 25
40 0 0 0 39 54 41
41 0 0 0 40 42 27
42 0 0 0 41 56 43
43 0 0 0 42 59 44
44 0 0 0 43 215 28
45 0 0 0 31 60 46
46 0 0 0 45 47 32
47 0 0 0 46 62 48
48 0 0 0 47 49 34
49 0 0 0 48 64 50
50 0 0 0 49 51 36
51 0 0 0 50 66 52
52 0 0 0 51 53 38
53 0 0 0 52 68 54
54 0 0 0 53 55 40
55 0 0 0 54 70 56
56 0 0 0 55 57 42
57 0 0 0 56 72 58
58 0 0 0 57 211 59
59 0 0 0 58 214 43
60 0 0 0 45 108 61
61 0 0 0 60 73 62
62 0 0 0 61 63 47
63 0 0 0 62 75 64
64 0 0 0 63 65 49
65 0 0 0 64 77 66
66 0 0 0 65 67 51
67 0 0 0 66 79 68
68 0 0 0 67 69 53
69 0 0 0 68 81 70
70 0 0 0 69 71 55
71 0 0 0 70 83 72
72 0 0 0 71 209 57
73 0 0 0 61 145 74
74 0 0 0 73 84 75
75 0 0 0 74 76 63
76 0 0 0 75 86 77
77 0 0 0 76 78 65
78 0 0 0 77 88 79
79 0 0 0 78 80 67
80 0 0 0 79 90 81
81 0 0 0 80 82 69
82 0 0 0 81 90 83
83 0 0 0 82 170 71
84 0 0 0 74 135 85
85 0 0 0 84 138 86
86 0 0 0 85 87 76
87 0 0 0 86 171 88
88 0 0 0 87 89 78
89 0 0 0 88 169 90
90 0 0 0 89 82 80
91 0 0 0 96 100 92
92 0 0 0 91 154 93
93 0 0 0 92 147 94
94 0 0 0 93 107 95
95 0 0 0 94 110 96
96 0 0 0 95 97 91
97 0 0 0 96 112 98
98 0 0 0 97 101 99
99 0 0 0 98 104 100
100 0 0 0 99 160 91
101 0 0 0 98 114 102
102 0 0 0 101 105 103
103 0 0 0 102 106 104
104 0 0 0 103 166 99
105 0 0 0 102 116 106
106 0 0 0 105 119 103
107 0 0 0 94 145 108
108 0 0 0 107 60 109
109 0 0 0 108 30 110
110 0 0 0 109 111 95
111 0 0 0 110 17 112
112 0 0 0 111 113 97
113 0 0 0 112 3 114
114 0 0 0 113 115 101
115 0 0 0 114 120 116
116 0 0 0 115 117 105
117 0 0 0 116 122 118
118 0 0 0 117 125 119
119 0 0 0 118 167 106
120 0 0 0 2 121 115
121 0 0 0 120 126 122
122 0 0 0 121 123 117
123 0 0 0 122 128 124
124 0 0 0 123 131 125
125 0 0 0 124 208 118
126 0 0 0 10 127 121
127 0 0 0 126 132 128
128 0 0 0 127 129 123
129 0 0 0 128 134 130
130 0 0 0 129 207 131
131 0 0 0 130 206 124
132 0 0 0 14 133 127
133 0 0 0 132 29 134
134 0 0 0 133 215 129
135 0 0 0 84 146 136
136 0 0 0 135 139 137
137 0 0 0 136 142 138
138 0 0 0 137 176 85
139 0 0 0 136 148 140
140 0 0 0 139 143 141
141 0 0 0 140 144 142
142 0 0 0 141 182 137
143 0 0 0 140 150 144
144 0 0 0 143 153 141
145 0 0 0 73 107 146
146 0 0 0 145 147 135
147 0 0 0 146 93 148
148 0 0 0 147 149 139
149 0 0 0 148 154 150
150 0 0 0 149 151 143
151 0 0 0 150 156 152
152 0 0 0 151 159 153
153 0 0 0 152 183 144
154 0 0 0 92 155 149
155 0 0 0 154 160 156
156 0 0 0 155 157 151
157 0 0 0 156 162 158
158 0 0 0 157 165 159
159 0 0 0 158 195 152
160 0 0 0 100 161 155
161 0 0 0 160 166 162
162 0 0 0 161 163 157
163 0 0 0 162 168 164
164 0 0 0 163 204 165
165 0 0 0 164 197 158
166 0 0 0 104 167 161
167 0 0 0 166 119 168
168 0 0 0 167 208 163
169 0 0 0 89 172 170
170 0 0 0 169 175 83
171 0 0 0 87 176 172
172 0 0 0 171 173 169
173 0 0 0 172 178 174
174 0 0 0 173 181 175
175 0 0 0 174 209 170
176 0 0 0 138 177 171
177 0 0 0 176 182 178
178 0 0 0 177 179 173
179 0 0 0 178 184 180
180 0 0 0 179 185 181
181 0 0 0 180 188 174
182 0 0 0 142 183 177
183 0 0 0 182 153 184
184 0 0 0 183 195 179
185 0 0 0 180 196 186
186 0 0 0 185 189 187
187 0 0 0 186 192 188
188 0 0 0 187 210 181
189 0 0 0 186 198 190
190 0 0 0 189 193 191
191 0 0 0 190 194 192
192 0 0 0 191 212 187
193 0 0 0 190 200 194
194 0 0 0 193 203 191
195 0 0 0 184 159 196
196 0 0 0 195 197 185
197 0 0 0 196 165 198
198 0 0 0 197 199 189
199 0 0 0 198 204 200
200 0 0 0 199 201 193
201 0 0 0 200 206 202
202 0 0 0 201 207 203
203 0 0 0 202 213 194
204 0 0 0 164 205 199
205 0 0 0 204 208 206
206 0 0 0 205 131 201
207 0 0 0 130 216 202
208 0 0 0 168 125 205
209 0 0 0 175 210 72
210 0 0 0 188 211 209
211 0 0 0 210 212 58
212 0 0 0 192 213 211
213 0 0 0 212 203 214
214 0 0 0 213 216 59
215 0 0 0 44 216 134
216 0 0 0 214 207 215
0
