>>writegraph3d planar <<
1 0 0 0 6 10 2
2 0 0 0 1 84 3
3 0 0 0 2 74 4
4 0 0 0 3 17 5
5 0 0 0 4 20 6
6 0 0 0 5 7 1
7 0 0 0 6 22 8
8 0 0 0 7 11 9
9 0 0 0 8 14 10
10 0 0 0 9 90 1
11 0 0 0 8 24 12
12 0 0 0 11 15 13
13 0 0 0 12 16 14
14 0 0 0 13 96 9
15 0 0 0 12 26 16
16 0 0 0 15 29 13
17 0 0 0 4 72 18
18 0 0 0 17 30 19
19 0 0 0 18 31 20
20 0 0 0 19 21 5
21 0 0 0 20 33 22
22 0 0 0 21 23 7
23 0 0 0 22 35 24
24 0 0 0 23 25 11
25 0 0 0 24 37 26
26 0 0 0 25 27 15
27 0 0 0 26 39 28
28 0 0 0 27 42 29
29 0 0 0 28 97 16
30 0 0 0 18 43 31
31 0 0 0 30 32 19
32 0 0 0 31 45 33
33 0 0 0 32 34 21
34 0 0 0 33 47 35
35 0 0 0 34 36 23
36 0 0 0 35 49 37
37 0 0 0 36 38 25
38 0 0 0 37 51 39
39 0 0 0 38 40 27
40 0 0 0 39 53 41
41 0 0 0 40 152 42
42 0 0 0 41 149 28
43 0 0 0 30 71 44
44 0 0 0 43 54 45
45 0 0 0 44 46 32
46 0 0 0 45 56 47
47 0 0 0 46 48 34
48 0 0 0 47 58 49
49 0 0 0 48 50 36
50 0 0 0 49 60 51
51 0 0 0 50 52 38
52 0 0 0 51 62 53
53 0 0 0 52 150 40
54 0 0 0 44 99 55
55 0 0 0 54 63 56
56 0 0 0 55 57 46
57 0 0 0 56 65 58
58 0 0 0 57 59 48
59 0 0 0 58 67 60
60 0 0 0 59 61 50
61 0 0 0 60 67 62
62 0 0 0 61 124 52
63 0 0 0 55 101 64
64 0 0 0 63 125 65
65 0 0 0 64 66 57
66 0 0 0 65 123 67
67 0 0 0 66 61 59
68 0 0 0 73 77 69
69 0 0 0 68 108 70
70 0 0 0 69 99 71
71 0 0 0 70 43 72
72 0 0 0 71 17 73
73 0 0 0 72 74 68
74 0 0 0 73 3 75
75 0 0 0 74 78 76
76 0 0 0 75 81 77
77 0 0 0 76 114 68
78 0 0 0 75 84 79
79 0 0 0 78 82 80
80 0 0 0 79 83 81
81 0 0 0 80 120 76
82 0 0 0 79 86 83
83 0 0 0 82 89 80
84 0 0 0 2 85 78
85 0 0 0 84 90 86
86 0 0 0 85 87 82
87 0 0 0 86 92 88
88 0 0 0 87 95 89
89 0 0 0 88 121 83
90 0 0 0 10 91 85
91 0 0 0 90 96 92
92 0 0 0 91 93 87
93 0 0 0 92 98 94
94 0 0 0 93 145 95
95 0 0 0 94 148 88
96 0 0 0 14 97 91
97 0 0 0 96 29 98
98 0 0 0 97 149 93
99 0 0 0 54 70 100
100 0 0 0 99 102 101
101 0 0 0 100 105 63
102 0 0 0 100 108 103
103 0 0 0 102 106 104
104 0 0 0 103 107 105
105 0 0 0 104 130 101
106 0 0 0 103 110 107
107 0 0 0 106 113 104
108 0 0 0 69 109 102
109 0 0 0 108 114 110
110 0 0 0 109 111 106
111 0 0 0 110 116 112
112 0 0 0 111 119 113
113 0 0 0 112 131 107
114 0 0 0 77 115 109
115 0 0 0 114 120 116
116 0 0 0 115 117 111
117 0 0 0 116 122 118
118 0 0 0 117 142 119
119 0 0 0 118 133 112
120 0 0 0 81 121 115
121 0 0 0 120 89 122
122 0 0 0 121 148 117
123 0 0 0 66 126 124
124 0 0 0 123 129 62
125 0 0 0 64 130 126
126 0 0 0 125 127 123
127 0 0 0 126 132 128
128 0 0 0 127 135 129
129 0 0 0 128 150 124
130 0 0 0 105 131 125
131 0 0 0 130 113 132
132 0 0 0 131 133 127
133 0 0 0 132 119 134
134 0 0 0 133 136 135
135 0 0 0 134 139 128
136 0 0 0 134 142 137
137 0 0 0 136 140 138
138 0 0 0 137 141 139
139 0 0 0 138 151 135
140 0 0 0 137 144 141
141 0 0 0 140 147 138
142 0 0 0 118 143 136
143 0 0 0 142 148 144
144 0 0 0 143 145 140
145 0 0 0 144 94 146
146 0 0 0 145 149 147
147 0 0 0 146 152 141
148 0 0 0 122 95 143
149 0 0 0 98 42 146
150 0 0 0 129 151 53
151 0 0 0 139 152 150
152 0 0 0 151 147 41
0
