>>writegraph3d planar <<
1 0 0 0 4 9 11 2
2 0 0 0 1 12 71 3
3 0 0 0 2 68 5 4
4 0 0 0 3 6 8 1
5 0 0 0 3 61 59 6
6 0 0 0 5 57 7 4
7 0 0 0 6 37 23 8
8 0 0 0 7 24 9 4
9 0 0 0 8 25 10 1
10 0 0 0 9 26 13 11
11 0 0 0 10 14 12 1
12 0 0 0 11 15 19 2
13 0 0 0 10 27 16 14
14 0 0 0 13 15 11
15 0 0 0 14 16 18 12
16 0 0 0 13 28 17 15
17 0 0 0 16 29 20 18
18 0 0 0 17 21 19 15
19 0 0 0 18 22 71 12
20 0 0 0 17 30 74 21
21 0 0 0 20 73 22 18
22 0 0 0 21 70 72 19
23 0 0 0 7 38 31 24
24 0 0 0 23 25 8
25 0 0 0 24 31 26 9
26 0 0 0 25 32 27 10
27 0 0 0 26 33 28 13
28 0 0 0 27 34 29 16
29 0 0 0 28 35 30 17
30 0 0 0 29 36 50 20
31 0 0 0 23 39 32 25
32 0 0 0 31 40 33 26
33 0 0 0 32 41 34 27
34 0 0 0 33 42 35 28
35 0 0 0 34 36 29
36 0 0 0 35 42 49 30
37 0 0 0 7 57 43 38
38 0 0 0 37 44 39 23
39 0 0 0 38 45 40 31
40 0 0 0 39 46 41 32
41 0 0 0 40 47 42 33
42 0 0 0 41 48 36 34
43 0 0 0 37 58 51 44
44 0 0 0 43 52 45 38
45 0 0 0 44 53 46 39
46 0 0 0 45 47 40
47 0 0 0 46 53 48 41
48 0 0 0 47 54 49 42
49 0 0 0 48 55 50 36
50 0 0 0 49 56 74 30
51 0 0 0 43 64 77 52
52 0 0 0 51 75 53 44
53 0 0 0 52 54 47 45
54 0 0 0 53 75 55 48
55 0 0 0 54 76 56 49
56 0 0 0 55 78 80 50
57 0 0 0 6 59 58 37
58 0 0 0 57 60 64 43
59 0 0 0 5 60 57
60 0 0 0 59 61 63 58
61 0 0 0 5 68 62 60
62 0 0 0 61 69 65 63
63 0 0 0 62 66 64 60
64 0 0 0 63 67 51 58
65 0 0 0 62 70 79 66
66 0 0 0 65 78 67 63
67 0 0 0 66 76 77 64
68 0 0 0 3 71 69 61
69 0 0 0 68 72 70 62
70 0 0 0 69 22 73 65
71 0 0 0 2 19 72 68
72 0 0 0 71 22 69
73 0 0 0 21 74 79 70
74 0 0 0 20 50 80 73
75 0 0 0 52 77 76 54
76 0 0 0 75 67 78 55
77 0 0 0 51 67 75
78 0 0 0 66 79 56 76
79 0 0 0 65 73 80 78
80 0 0 0 56 79 74
0
