>>writegraph3d planar <<
1 0 0 0 3 6 7 8 9 2
2 0 0 0 1 9 24 22 4 3
3 0 0 0 2 4 5 6 1
4 0 0 0 2 22 23 21 5 3
5 0 0 0 4 21 16 11 3
6 0 0 0 11 12 7 1 3
7 0 0 0 6 12 13 10 8 1
8 0 0 0 7 10 9 1
9 0 0 0 8 10 15 24 2 1
10 0 0 0 7 13 14 15 9 8
11 0 0 0 5 16 17 12 6
12 0 0 0 11 17 18 13 7 6
13 0 0 0 12 18 19 14 10 7
14 0 0 0 13 19 28 29 15 10
15 0 0 0 14 29 25 24 9 10
16 0 0 0 5 21 26 20 17 11
17 0 0 0 16 20 19 18 12 11
18 0 0 0 17 19 13 12
19 0 0 0 18 17 20 28 14 13
20 0 0 0 16 26 27 28 19 17
21 0 0 0 4 23 27 26 16 5
22 0 0 0 2 24 23 4
23 0 0 0 22 24 25 27 21 4
24 0 0 0 2 9 15 25 23 22
25 0 0 0 15 29 28 27 23 24
26 0 0 0 21 27 20 16
27 0 0 0 21 23 25 28 20 26
28 0 0 0 25 29 14 19 20 27
29 0 0 0 25 15 14 28
0
