>>writegraph3d planar <<
1 0 0 0 3 7 8 9 10 2
2 0 0 0 1 10 25 23 4 3
3 0 0 0 2 4 5 6 7 1
4 0 0 0 2 23 24 22 5 3
5 0 0 0 4 22 17 12 6 3
6 0 0 0 5 12 7 3
7 0 0 0 6 12 13 8 1 3
8 0 0 0 7 13 14 11 9 1
9 0 0 0 8 11 10 1
10 0 0 0 9 11 16 25 2 1
11 0 0 0 8 14 15 16 10 9
12 0 0 0 5 17 18 13 7 6
13 0 0 0 12 18 19 14 8 7
14 0 0 0 13 19 20 15 11 8
15 0 0 0 14 20 29 30 16 11
16 0 0 0 15 30 26 25 10 11
17 0 0 0 5 22 27 21 18 12
18 0 0 0 17 21 20 19 13 12
19 0 0 0 18 20 14 13
20 0 0 0 19 18 21 29 15 14
21 0 0 0 17 27 28 29 20 18
22 0 0 0 4 24 28 27 17 5
23 0 0 0 2 25 24 4
24 0 0 0 23 25 26 28 22 4
25 0 0 0 2 10 16 26 24 23
26 0 0 0 16 30 29 28 24 25
27 0 0 0 22 28 21 17
28 0 0 0 22 24 26 29 21 27
29 0 0 0 26 30 15 20 21 28
30 0 0 0 26 16 15 29
0
