>>writegraph3d planar <<
1 0 0 0 4 6 57 2
2 0 0 0 1 54 47 3
3 0 0 0 2 45 14 4
4 0 0 0 3 15 5 1
5 0 0 0 4 16 7 6
6 0 0 0 5 8 60 1
7 0 0 0 5 17 9 8
8 0 0 0 7 9 11 6
9 0 0 0 7 18 10 8
10 0 0 0 9 19 12 11
11 0 0 0 10 13 60 8
12 0 0 0 10 20 63 13
13 0 0 0 12 62 61 11
14 0 0 0 3 27 21 15
15 0 0 0 14 21 16 4
16 0 0 0 15 22 17 5
17 0 0 0 16 23 18 7
18 0 0 0 17 24 19 9
19 0 0 0 18 25 20 10
20 0 0 0 19 26 72 12
21 0 0 0 14 28 22 15
22 0 0 0 21 29 23 16
23 0 0 0 22 30 24 17
24 0 0 0 23 31 25 18
25 0 0 0 24 32 26 19
26 0 0 0 25 32 38 20
27 0 0 0 14 45 28
28 0 0 0 27 33 29 21
29 0 0 0 28 34 30 22
30 0 0 0 29 35 31 23
31 0 0 0 30 36 32 24
32 0 0 0 31 37 26 25
33 0 0 0 40 34 28
34 0 0 0 33 41 35 29
35 0 0 0 34 41 36 30
36 0 0 0 35 42 37 31
37 0 0 0 36 43 38 32
38 0 0 0 37 44 72 26
39 0 0 0 68 66 40
40 0 0 0 39 64 41 33
41 0 0 0 40 42 35 34
42 0 0 0 41 64 43 36
43 0 0 0 42 65 44 37
44 0 0 0 43 75 73 38
45 0 0 0 27 3 47 46
46 0 0 0 45 48 68
47 0 0 0 45 2 49 48
48 0 0 0 47 49 51 46
49 0 0 0 47 54 50 48
50 0 0 0 49 55 52 51
51 0 0 0 50 53 68 48
52 0 0 0 50 56 71 53
53 0 0 0 52 70 69 51
54 0 0 0 2 57 55 49
55 0 0 0 54 58 56 50
56 0 0 0 55 59 77 52
57 0 0 0 1 60 58 54
58 0 0 0 57 61 59 55
59 0 0 0 58 61 62 56
60 0 0 0 6 11 61 57
61 0 0 0 60 13 59 58
62 0 0 0 13 63 77 59
63 0 0 0 12 72 74 62
64 0 0 0 40 66 65 42
65 0 0 0 64 67 75 43
66 0 0 0 39 69 67 64
67 0 0 0 66 69 70 65
68 0 0 0 46 51 69 39
69 0 0 0 68 53 67 66
70 0 0 0 53 71 75 67
71 0 0 0 52 77 76 70
72 0 0 0 38 73 63 20
73 0 0 0 44 76 74 72
74 0 0 0 73 76 77 63
75 0 0 0 65 70 76 44
76 0 0 0 75 71 74 73
77 0 0 0 71 56 62 74
0
