>>writegraph3d planar <<
1 0 0 0 4 6 26 2
2 0 0 0 1 23 22 3
3 0 0 0 2 14 10 4
4 0 0 0 3 10 5 1
5 0 0 0 4 11 7 6
6 0 0 0 5 7 9 1
7 0 0 0 5 12 8 6
8 0 0 0 7 13 28 9
9 0 0 0 8 27 26 6
10 0 0 0 3 15 11 4
11 0 0 0 10 16 12 5
12 0 0 0 11 17 13 7
13 0 0 0 12 17 21 8
14 0 0 0 3 22 18 15
15 0 0 0 14 19 16 10
16 0 0 0 15 19 17 11
17 0 0 0 16 20 13 12
18 0 0 0 14 25 29 19
19 0 0 0 18 20 16 15
20 0 0 0 19 29 21 17
21 0 0 0 20 30 28 13
22 0 0 0 2 23 25 14
23 0 0 0 2 26 24 22
24 0 0 0 23 27 30 25
25 0 0 0 24 29 18 22
26 0 0 0 1 9 27 23
27 0 0 0 26 9 28 24
28 0 0 0 8 21 30 27
29 0 0 0 18 25 30 20
30 0 0 0 24 28 21 29
0
