>>writegraph3d planar <<
1 0 0 0 3 5 22 2
2 0 0 0 1 23 9 3
3 0 0 0 2 10 4 1
4 0 0 0 3 11 6 5
5 0 0 0 4 7 27 1
6 0 0 0 4 12 8 7
7 0 0 0 6 8 30 5
8 0 0 0 6 13 33 7
9 0 0 0 2 35 14 10
10 0 0 0 9 15 11 3
11 0 0 0 10 16 12 4
12 0 0 0 11 17 13 6
13 0 0 0 12 18 51 8
14 0 0 0 9 36 19 15
15 0 0 0 14 19 16 10
16 0 0 0 15 20 17 11
17 0 0 0 16 21 18 12
18 0 0 0 17 21 45 13
19 0 0 0 14 37 20 15
20 0 0 0 19 43 21 16
21 0 0 0 20 44 18 17
22 0 0 0 1 27 24 23
23 0 0 0 22 25 35 2
24 0 0 0 22 28 26 25
25 0 0 0 24 26 38 23
26 0 0 0 24 29 41 25
27 0 0 0 5 30 28 22
28 0 0 0 27 31 29 24
29 0 0 0 28 32 54 26
30 0 0 0 7 33 31 27
31 0 0 0 30 34 32 28
32 0 0 0 31 34 53 29
33 0 0 0 8 51 34 30
34 0 0 0 33 52 32 31
35 0 0 0 23 38 36 9
36 0 0 0 35 39 37 14
37 0 0 0 36 40 43 19
38 0 0 0 25 41 39 35
39 0 0 0 38 42 40 36
40 0 0 0 39 42 46 37
41 0 0 0 26 54 42 38
42 0 0 0 41 49 40 39
43 0 0 0 37 46 44 20
44 0 0 0 43 47 45 21
45 0 0 0 44 48 51 18
46 0 0 0 40 49 47 43
47 0 0 0 46 50 48 44
48 0 0 0 47 50 52 45
49 0 0 0 42 54 50 46
50 0 0 0 49 53 48 47
51 0 0 0 45 52 33 13
52 0 0 0 48 53 34 51
53 0 0 0 50 54 32 52
54 0 0 0 49 41 29 53
0
