>>writegraph3d planar <<
1 0 0 0 2 15 5
2 0 0 0 3 30 1
3 0 0 0 4 21 2
4 0 0 0 5 16 3
5 0 0 0 1 6 4
6 0 0 0 7 5 10
7 0 0 0 8 20 6
8 0 0 0 9 45 7
9 0 0 0 10 36 8
10 0 0 0 6 11 9
11 0 0 0 12 10 15
12 0 0 0 13 40 11
13 0 0 0 14 31 12
14 0 0 0 15 26 13
15 0 0 0 11 1 14
16 0 0 0 17 4 20
17 0 0 0 18 25 16
18 0 0 0 19 50 17
19 0 0 0 20 41 18
20 0 0 0 16 7 19
21 0 0 0 22 3 25
22 0 0 0 23 29 21
23 0 0 0 24 55 22
24 0 0 0 25 46 23
25 0 0 0 21 17 24
26 0 0 0 27 14 30
27 0 0 0 28 35 26
28 0 0 0 29 51 27
29 0 0 0 30 22 28
30 0 0 0 26 2 29
31 0 0 0 32 13 35
32 0 0 0 33 39 31
33 0 0 0 34 60 32
34 0 0 0 35 52 33
35 0 0 0 31 27 34
36 0 0 0 37 9 40
37 0 0 0 38 44 36
38 0 0 0 39 56 37
39 0 0 0 40 32 38
40 0 0 0 36 12 39
41 0 0 0 42 19 45
42 0 0 0 43 49 41
43 0 0 0 44 57 42
44 0 0 0 45 37 43
45 0 0 0 41 8 44
46 0 0 0 47 24 50
47 0 0 0 48 54 46
48 0 0 0 49 58 47
49 0 0 0 50 42 48
50 0 0 0 46 18 49
51 0 0 0 52 28 55
52 0 0 0 53 34 51
53 0 0 0 54 59 52
54 0 0 0 55 47 53
55 0 0 0 51 23 54
56 0 0 0 57 38 60
57 0 0 0 58 43 56
58 0 0 0 59 48 57
59 0 0 0 60 53 58
60 0 0 0 56 33 59
0
