>>writegraph3d planar <<
1 0 0 0 2 12 4
2 0 0 0 3 17 1
3 0 0 0 4 16 2
4 0 0 0 1 5 3
5 0 0 0 6 4 8
6 0 0 0 7 29 5
7 0 0 0 8 36 6
8 0 0 0 5 9 7
9 0 0 0 10 8 12
10 0 0 0 11 49 9
11 0 0 0 12 56 10
12 0 0 0 9 1 11
13 0 0 0 14 20 16
14 0 0 0 15 25 13
15 0 0 0 16 24 14
16 0 0 0 13 3 15
17 0 0 0 18 2 20
18 0 0 0 19 61 17
19 0 0 0 20 68 18
20 0 0 0 17 13 19
21 0 0 0 22 28 24
22 0 0 0 23 37 21
23 0 0 0 24 30 22
24 0 0 0 21 15 23
25 0 0 0 26 14 28
26 0 0 0 27 73 25
27 0 0 0 28 80 26
28 0 0 0 25 21 27
29 0 0 0 30 6 32
30 0 0 0 31 23 29
31 0 0 0 32 40 30
32 0 0 0 29 33 31
33 0 0 0 34 32 36
34 0 0 0 35 45 33
35 0 0 0 36 44 34
36 0 0 0 33 7 35
37 0 0 0 38 22 40
38 0 0 0 39 89 37
39 0 0 0 40 88 38
40 0 0 0 37 31 39
41 0 0 0 42 48 44
42 0 0 0 43 57 41
43 0 0 0 44 50 42
44 0 0 0 41 35 43
45 0 0 0 46 34 48
46 0 0 0 47 87 45
47 0 0 0 48 96 46
48 0 0 0 45 41 47
49 0 0 0 50 10 52
50 0 0 0 51 43 49
51 0 0 0 52 60 50
52 0 0 0 49 53 51
53 0 0 0 54 52 56
54 0 0 0 55 69 53
55 0 0 0 56 62 54
56 0 0 0 53 11 55
57 0 0 0 58 42 60
58 0 0 0 59 105 57
59 0 0 0 60 104 58
60 0 0 0 57 51 59
61 0 0 0 62 18 64
62 0 0 0 63 55 61
63 0 0 0 64 72 62
64 0 0 0 61 65 63
65 0 0 0 66 64 68
66 0 0 0 67 81 65
67 0 0 0 68 74 66
68 0 0 0 65 19 67
69 0 0 0 70 54 72
70 0 0 0 71 103 69
71 0 0 0 72 112 70
72 0 0 0 69 63 71
73 0 0 0 74 26 76
74 0 0 0 75 67 73
75 0 0 0 76 84 74
76 0 0 0 73 77 75
77 0 0 0 78 76 80
78 0 0 0 79 97 77
79 0 0 0 80 90 78
80 0 0 0 77 27 79
81 0 0 0 82 66 84
82 0 0 0 83 111 81
83 0 0 0 84 116 82
84 0 0 0 81 75 83
85 0 0 0 86 92 88
86 0 0 0 87 93 85
87 0 0 0 88 46 86
88 0 0 0 85 39 87
89 0 0 0 90 38 92
90 0 0 0 91 79 89
91 0 0 0 92 100 90
92 0 0 0 89 85 91
93 0 0 0 94 86 96
94 0 0 0 95 117 93
95 0 0 0 96 106 94
96 0 0 0 93 47 95
97 0 0 0 98 78 100
98 0 0 0 99 115 97
99 0 0 0 100 118 98
100 0 0 0 97 91 99
101 0 0 0 102 108 104
102 0 0 0 103 109 101
103 0 0 0 104 70 102
104 0 0 0 101 59 103
105 0 0 0 106 58 108
106 0 0 0 107 95 105
107 0 0 0 108 120 106
108 0 0 0 105 101 107
109 0 0 0 110 102 112
110 0 0 0 111 113 109
111 0 0 0 112 82 110
112 0 0 0 109 71 111
113 0 0 0 114 110 116
114 0 0 0 115 119 113
115 0 0 0 116 98 114
116 0 0 0 113 83 115
117 0 0 0 118 94 120
118 0 0 0 119 99 117
119 0 0 0 120 114 118
120 0 0 0 117 107 119
0
