>>writegraph3d planar <<
1 0 0 0 5 8 2
2 0 0 0 1 10 3
3 0 0 0 2 12 4
4 0 0 0 3 14 5
5 0 0 0 4 6 1
6 0 0 0 5 15 7
7 0 0 0 6 19 8
8 0 0 0 7 9 1
9 0 0 0 8 22 10
10 0 0 0 9 11 2
11 0 0 0 10 25 12
12 0 0 0 11 13 3
13 0 0 0 12 28 14
14 0 0 0 13 15 4
15 0 0 0 14 16 6
16 0 0 0 15 30 17
17 0 0 0 16 32 18
18 0 0 0 17 36 19
19 0 0 0 18 20 7
20 0 0 0 19 37 21
21 0 0 0 20 41 22
22 0 0 0 21 23 9
23 0 0 0 22 42 24
24 0 0 0 23 46 25
25 0 0 0 24 26 11
26 0 0 0 25 47 27
27 0 0 0 26 51 28
28 0 0 0 27 29 13
29 0 0 0 28 52 30
30 0 0 0 29 31 16
31 0 0 0 30 55 32
32 0 0 0 31 33 17
33 0 0 0 32 56 34
34 0 0 0 33 60 35
35 0 0 0 34 64 36
36 0 0 0 35 37 18
37 0 0 0 36 38 20
38 0 0 0 37 64 39
39 0 0 0 38 67 40
40 0 0 0 39 71 41
41 0 0 0 40 42 21
42 0 0 0 41 43 23
43 0 0 0 42 71 44
44 0 0 0 43 74 45
45 0 0 0 44 78 46
46 0 0 0 45 47 24
47 0 0 0 46 48 26
48 0 0 0 47 78 49
49 0 0 0 48 81 50
50 0 0 0 49 85 51
51 0 0 0 50 52 27
52 0 0 0 51 53 29
53 0 0 0 52 85 54
54 0 0 0 53 88 55
55 0 0 0 54 56 31
56 0 0 0 55 57 33
57 0 0 0 56 90 58
58 0 0 0 57 92 59
59 0 0 0 58 94 60
60 0 0 0 59 61 34
61 0 0 0 60 95 62
62 0 0 0 61 97 63
63 0 0 0 62 65 64
64 0 0 0 63 38 35
65 0 0 0 63 98 66
66 0 0 0 65 100 67
67 0 0 0 66 68 39
68 0 0 0 67 101 69
69 0 0 0 68 103 70
70 0 0 0 69 72 71
71 0 0 0 70 43 40
72 0 0 0 70 104 73
73 0 0 0 72 106 74
74 0 0 0 73 75 44
75 0 0 0 74 107 76
76 0 0 0 75 109 77
77 0 0 0 76 79 78
78 0 0 0 77 48 45
79 0 0 0 77 110 80
80 0 0 0 79 112 81
81 0 0 0 80 82 49
82 0 0 0 81 113 83
83 0 0 0 82 115 84
84 0 0 0 83 86 85
85 0 0 0 84 53 50
86 0 0 0 84 116 87
87 0 0 0 86 118 88
88 0 0 0 87 89 54
89 0 0 0 88 119 90
90 0 0 0 89 91 57
91 0 0 0 90 120 92
92 0 0 0 91 93 58
93 0 0 0 92 123 94
94 0 0 0 93 95 59
95 0 0 0 94 96 61
96 0 0 0 95 125 97
97 0 0 0 96 98 62
98 0 0 0 97 99 65
99 0 0 0 98 127 100
100 0 0 0 99 101 66
101 0 0 0 100 102 68
102 0 0 0 101 129 103
103 0 0 0 102 104 69
104 0 0 0 103 105 72
105 0 0 0 104 131 106
106 0 0 0 105 107 73
107 0 0 0 106 108 75
108 0 0 0 107 133 109
109 0 0 0 108 110 76
110 0 0 0 109 111 79
111 0 0 0 110 135 112
112 0 0 0 111 113 80
113 0 0 0 112 114 82
114 0 0 0 113 137 115
115 0 0 0 114 116 83
116 0 0 0 115 117 86
117 0 0 0 116 139 118
118 0 0 0 117 119 87
119 0 0 0 118 120 89
120 0 0 0 119 121 91
121 0 0 0 120 140 122
122 0 0 0 121 142 123
123 0 0 0 122 124 93
124 0 0 0 123 145 125
125 0 0 0 124 126 96
126 0 0 0 125 146 127
127 0 0 0 126 128 99
128 0 0 0 127 149 129
129 0 0 0 128 130 102
130 0 0 0 129 150 131
131 0 0 0 130 132 105
132 0 0 0 131 153 133
133 0 0 0 132 134 108
134 0 0 0 133 154 135
135 0 0 0 134 136 111
136 0 0 0 135 157 137
137 0 0 0 136 138 114
138 0 0 0 137 158 139
139 0 0 0 138 140 117
140 0 0 0 139 141 121
141 0 0 0 140 160 142
142 0 0 0 141 143 122
143 0 0 0 142 161 144
144 0 0 0 143 162 145
145 0 0 0 144 146 124
146 0 0 0 145 147 126
147 0 0 0 146 162 148
148 0 0 0 147 163 149
149 0 0 0 148 150 128
150 0 0 0 149 151 130
151 0 0 0 150 163 152
152 0 0 0 151 164 153
153 0 0 0 152 154 132
154 0 0 0 153 155 134
155 0 0 0 154 164 156
156 0 0 0 155 165 157
157 0 0 0 156 158 136
158 0 0 0 157 159 138
159 0 0 0 158 165 160
160 0 0 0 159 161 141
161 0 0 0 160 168 143
162 0 0 0 144 170 147
163 0 0 0 148 172 151
164 0 0 0 152 174 155
165 0 0 0 156 166 159
166 0 0 0 165 175 167
167 0 0 0 166 177 168
168 0 0 0 167 169 161
169 0 0 0 168 178 170
170 0 0 0 169 171 162
171 0 0 0 170 179 172
172 0 0 0 171 173 163
173 0 0 0 172 180 174
174 0 0 0 173 175 164
175 0 0 0 174 176 166
176 0 0 0 175 180 177
177 0 0 0 176 178 167
178 0 0 0 177 179 169
179 0 0 0 178 180 171
180 0 0 0 179 176 173
0
