>>writegraph3d planar <<
1 0 0 0 2 3 4
2 0 0 0 1 5 6
3 0 0 0 1 7 8
4 0 0 0 1 9 10
5 0 0 0 2 10 11
6 0 0 0 2 13
7 0 0 0 3 14 15
8 0 0 0 3 16 17
9 0 0 0 4 18 19
10 0 0 0 4 20 5
11 0 0 0 5 21 12
12 0 0 0 11 22
13 0 0 0 6 23 14
14 0 0 0 7 13 24
15 0 0 0 7 25 16
16 0 0 0 8 15 26
17 0 0 0 8 27 18
18 0 0 0 9 17 28
19 0 0 0 9 29 20
20 0 0 0 10 19 21
21 0 0 0 11 20 30
22 0 0 0 12 31 23
23 0 0 0 13 22 32
24 0 0 0 14 32 25
25 0 0 0 15 24 33
26 0 0 0 16 33 27
27 0 0 0 17 26 34
28 0 0 0 18 34 29
29 0 0 0 19 28 30
30 0 0 0 21 29 35
31 0 0 0 22 35 36
32 0 0 0 23 36 24
33 0 0 0 25 36 26
34 0 0 0 27 35 28
35 0 0 0 30 34 31
36 0 0 0 31 33 32
0
