>>writegraph3d planar <<
1 0 0 0 2 3 4
2 0 0 0 1 5 6
3 0 0 0 1 7 8
4 0 0 0 1 9 10
5 0 0 0 2 11 12
6 0 0 0 2 13 14
7 0 0 0 3 15 16
8 0 0 0 3 12 17
9 0 0 0 4 18 19
10 0 0 0 4 20 21
11 0 0 0 5 21 22
12 0 0 0 5 8 23
13 0 0 0 6 24 25
14 0 0 0 6 26 15
15 0 0 0 7 14 27
16 0 0 0 7 28 29
17 0 0 0 8 30 18
18 0 0 0 9 17 31
19 0 0 0 9 32 20
20 0 0 0 10 19 33
21 0 0 0 10 34 11
22 0 0 0 11 35 30
23 0 0 0 12 29 24
24 0 0 0 13 23 36
25 0 0 0 13 37 26
26 0 0 0 14 25 38
27 0 0 0 15 38 28
28 0 0 0 16 27 39
29 0 0 0 16 40 23
30 0 0 0 17 22 41
31 0 0 0 18 41 32
32 0 0 0 19 31 42
33 0 0 0 20 42 34
34 0 0 0 21 33 35
35 0 0 0 22 34 43
36 0 0 0 24 40 37
37 0 0 0 25 36 44
38 0 0 0 26 44 27
39 0 0 0 28 44 40
40 0 0 0 29 39 36
41 0 0 0 30 43 31
42 0 0 0 32 43 33
43 0 0 0 35 42 41
44 0 0 0 37 39 38
0
