>>writegraph3d planar <<
1 0 0 0 2 3 4
2 0 0 0 1 5 6
3 0 0 0 1 7 8
4 0 0 0 1 9 10
5 0 0 0 2 11 12
6 0 0 0 2 13 14
7 0 0 0 3 15 16
8 0 0 0 3 17 9
9 0 0 0 4 8 18
10 0 0 0 4 19 20
11 0 0 0 5 20 21
12 0 0 0 5 22 23
13 0 0 0 6 24 25
14 0 0 0 6 26 15
15 0 0 0 7 14 27
16 0 0 0 7 28 29
17 0 0 0 8 30 31
18 0 0 0 9 31 19
19 0 0 0 10 18 32
20 0 0 0 10 33 11
21 0 0 0 11 34 22
22 0 0 0 12 21 35
23 0 0 0 12 36 24
24 0 0 0 13 23 37
25 0 0 0 13 38 26
26 0 0 0 14 25 39
27 0 0 0 15 39 28
28 0 0 0 16 27 40
29 0 0 0 16 41 30
30 0 0 0 17 29 42
31 0 0 0 17 43 18
32 0 0 0 19 43 33
33 0 0 0 20 32 44
34 0 0 0 21 45 46
35 0 0 0 22 46 36
36 0 0 0 23 35 47
37 0 0 0 24 47
38 0 0 0 25 48 49
39 0 0 0 26 49 27
40 0 0 0 28 49 50
41 0 0 0 29 51 52
42 0 0 0 30 53 43
43 0 0 0 31 42 32
44 0 0 0 33 54 45
45 0 0 0 34 44 55
46 0 0 0 34 56 35
47 0 0 0 36 56 37
48 0 0 0 38 50
49 0 0 0 38 40 39
50 0 0 0 40 48 51
51 0 0 0 41 50 58
52 0 0 0 41 59 60
53 0 0 0 42 60 54
54 0 0 0 44 53 61
55 0 0 0 45 62 56
56 0 0 0 46 55 47
57 0 0 0 62 63
58 0 0 0 51 63 59
59 0 0 0 52 58 64
60 0 0 0 52 65 53
61 0 0 0 54 65 66
62 0 0 0 55 66 57
63 0 0 0 57 67 58
64 0 0 0 59 67 65
65 0 0 0 60 64 61
66 0 0 0 61 67 62
67 0 0 0 63 66 64
0
