>>writegraph3d planar <<
1 0 0 0 2 3 4
2 0 0 0 1 5 6
3 0 0 0 1 7 8
4 0 0 0 1 9 10
5 0 0 0 2 10 11
6 0 0 0 2 12 13
7 0 0 0 3 14 15
8 0 0 0 3 16 17
9 0 0 0 4 18 19
10 0 0 0 4 20 5
11 0 0 0 5 21 12
12 0 0 0 6 11 22
13 0 0 0 6 23 14
14 0 0 0 7 13 24
15 0 0 0 7 25 16
16 0 0 0 8 15 26
17 0 0 0 8 27 18
18 0 0 0 9 17 28
19 0 0 0 9 20
20 0 0 0 10 19 29
21 0 0 0 11 30 31
22 0 0 0 12 32 23
23 0 0 0 13 22 33
24 0 0 0 14 33 25
25 0 0 0 15 24 34
26 0 0 0 16 35 27
27 0 0 0 17 26 36
28 0 0 0 18 36
29 0 0 0 20 37 30
30 0 0 0 21 29 38
31 0 0 0 21 39 40
32 0 0 0 22 40 41
33 0 0 0 23 41 24
34 0 0 0 25 41 42
35 0 0 0 26 42 39
36 0 0 0 27 43 28
37 0 0 0 43 29
38 0 0 0 30 43 39
39 0 0 0 31 38 35
40 0 0 0 31 42 32
41 0 0 0 32 34 33
42 0 0 0 34 40 35
43 0 0 0 36 38 37
0
