>>writegraph3d planar <<
1 0 0 0 2 3 4
2 0 0 0 1 5 6
3 0 0 0 1 7 8
4 0 0 0 1 9 10
5 0 0 0 2 11 12
6 0 0 0 2 13 14
7 0 0 0 3 15 16
8 0 0 0 3 12 17
9 0 0 0 4 18 19
10 0 0 0 4 20 21
11 0 0 0 5 21 22
12 0 0 0 5 8 23
13 0 0 0 6 24 25
14 0 0 0 6 26 15
15 0 0 0 7 14 27
16 0 0 0 7 28 29
17 0 0 0 8 30 18
18 0 0 0 9 17 31
19 0 0 0 9 32 20
20 0 0 0 10 19 33
21 0 0 0 10 34 11
22 0 0 0 11 35 30
23 0 0 0 12 29 24
24 0 0 0 13 23 36
25 0 0 0 13 37 26
26 0 0 0 14 25 38
27 0 0 0 15 38 28
28 0 0 0 16 27 39
29 0 0 0 16 40 23
30 0 0 0 17 22 41
31 0 0 0 18 41 32
32 0 0 0 19 31 42
33 0 0 0 20 43 34
34 0 0 0 21 33 35
35 0 0 0 22 34 44
36 0 0 0 24 40 37
37 0 0 0 25 36 45
38 0 0 0 26 45 27
39 0 0 0 28 45 40
40 0 0 0 29 39 36
41 0 0 0 30 44 31
42 0 0 0 32 46 47
43 0 0 0 33 47 48
44 0 0 0 35 49 41
45 0 0 0 37 39 38
46 0 0 0 42 49 50
47 0 0 0 42 51 43
48 0 0 0 43 52 49
49 0 0 0 44 48 46
50 0 0 0 46 53 54
51 0 0 0 47 55 56
52 0 0 0 48 57 58
53 0 0 0 50 58 59
54 0 0 0 50 60 55
55 0 0 0 51 54 61
56 0 0 0 51 62 57
57 0 0 0 52 56 63
58 0 0 0 52 64 53
59 0 0 0 53 65 60
60 0 0 0 54 59 66
61 0 0 0 55 66 62
62 0 0 0 56 61 67
63 0 0 0 57 67 64
64 0 0 0 58 63 65
65 0 0 0 59 64 68
66 0 0 0 60 68 61
67 0 0 0 62 68 63
68 0 0 0 65 67 66
0
