>>writegraph3d planar <<
1 0 0 0 2 3 4
2 0 0 0 1 5 6
3 0 0 0 1 7 8
4 0 0 0 1 10
5 0 0 0 2 10 11
6 0 0 0 2 12 13
7 0 0 0 3 14 15
8 0 0 0 3 16 17
9 0 0 0 18 19
10 0 0 0 4 20 5
11 0 0 0 5 21 22
12 0 0 0 6 23 24
13 0 0 0 6 25 14
14 0 0 0 7 13 26
15 0 0 0 7 27 28
16 0 0 0 8 29 30
17 0 0 0 8 31 18
18 0 0 0 9 17 32
19 0 0 0 9 33 34
20 0 0 0 10 35 21
21 0 0 0 11 20 36
22 0 0 0 11 37 23
23 0 0 0 12 22 38
24 0 0 0 12 39 25
25 0 0 0 13 24 40
26 0 0 0 14 40 27
27 0 0 0 15 26 41
28 0 0 0 15 42 29
29 0 0 0 16 28 43
30 0 0 0 16 44 31
31 0 0 0 17 30 45
32 0 0 0 18 45 33
33 0 0 0 19 32 46
34 0 0 0 19 47 35
35 0 0 0 20 34 48
36 0 0 0 21 48 37
37 0 0 0 22 36 49
38 0 0 0 23 50 51
39 0 0 0 24 52 53
40 0 0 0 25 53 26
41 0 0 0 27 53 42
42 0 0 0 28 41 52
43 0 0 0 29 54 44
44 0 0 0 30 43 55
45 0 0 0 31 55 32
46 0 0 0 33 56 57
47 0 0 0 34 58 59
48 0 0 0 35 60 36
49 0 0 0 37 60 61
50 0 0 0 38 61 62
51 0 0 0 38 54 52
52 0 0 0 39 51 42
53 0 0 0 39 41 40
54 0 0 0 43 51 62
55 0 0 0 44 63 45
56 0 0 0 46 63 64
57 0 0 0 46 65 58
58 0 0 0 47 57 66
59 0 0 0 47 67 68
60 0 0 0 48 68 49
61 0 0 0 49 69 50
62 0 0 0 50 70 54
63 0 0 0 55 70 56
64 0 0 0 56 71 65
65 0 0 0 57 64 72
66 0 0 0 58 72 67
67 0 0 0 59 66 73
68 0 0 0 59 74 60
69 0 0 0 61 75 70
70 0 0 0 62 69 63
71 0 0 0 64 75 76
72 0 0 0 65 76 66
73 0 0 0 67 76 74
74 0 0 0 68 73 75
75 0 0 0 69 74 71
76 0 0 0 71 73 72
0
