>>writegraph3d planar <<
1 0 0 0 2 3 4
2 0 0 0 1 5 6
3 0 0 0 1 7 8
4 0 0 0 1 9 10
5 0 0 0 2 11 12
6 0 0 0 2 13 7
7 0 0 0 3 6 14
8 0 0 0 3 15 16
9 0 0 0 4 17 18
10 0 0 0 4 19 20
11 0 0 0 5 20 21
12 0 0 0 5 22 13
13 0 0 0 6 12 23
14 0 0 0 7 24 15
15 0 0 0 8 14 25
16 0 0 0 8 26 17
17 0 0 0 9 16 27
18 0 0 0 9 28 19
19 0 0 0 10 18 29
20 0 0 0 10 30 11
21 0 0 0 11 31 22
22 0 0 0 12 21 32
23 0 0 0 13 33 34
24 0 0 0 14 34 35
25 0 0 0 15 35 26
26 0 0 0 16 25 36
27 0 0 0 17 36 28
28 0 0 0 18 27 37
29 0 0 0 19 38 30
30 0 0 0 20 29 31
31 0 0 0 21 30 39
32 0 0 0 22 39 40
33 0 0 0 23 40 41
34 0 0 0 23 42 24
35 0 0 0 24 43 25
36 0 0 0 26 44 27
37 0 0 0 28 44 45
38 0 0 0 29 45 46
39 0 0 0 31 47 32
40 0 0 0 32 48 33
41 0 0 0 33 49 42
42 0 0 0 34 41 43
43 0 0 0 35 42 50
44 0 0 0 36 50 37
45 0 0 0 37 51 38
46 0 0 0 38 52 47
47 0 0 0 39 46 48
48 0 0 0 40 47 49
49 0 0 0 41 48 52
50 0 0 0 43 51 44
51 0 0 0 45 50 52
52 0 0 0 46 51 49
0
