>>writegraph3d planar <<
1 0 0 0 2 3 4
2 0 0 0 1 5 6
3 0 0 0 1 8
4 0 0 0 1 9 10
5 0 0 0 2 10 11
6 0 0 0 2 12 13
7 0 0 0 14 15
8 0 0 0 3 16 9
9 0 0 0 4 8 17
10 0 0 0 4 18 5
11 0 0 0 5 19 12
12 0 0 0 6 11 20
13 0 0 0 6 21 14
14 0 0 0 7 13 22
15 0 0 0 7 23 24
16 0 0 0 8 25 26
17 0 0 0 9 27 28
18 0 0 0 10 29 30
19 0 0 0 11 31 32
20 0 0 0 12 32 33
21 0 0 0 13 34 35
22 0 0 0 14 36 23
23 0 0 0 15 22 37
24 0 0 0 15 38 25
25 0 0 0 16 24 39
26 0 0 0 16 40 41
27 0 0 0 17 41 42
28 0 0 0 17 43 29
29 0 0 0 18 28 44
30 0 0 0 18 45 31
31 0 0 0 19 30 46
32 0 0 0 19 47 20
33 0 0 0 20 48 34
34 0 0 0 21 33 49
35 0 0 0 21 50 51
36 0 0 0 22 51 52
37 0 0 0 23 47 38
38 0 0 0 24 37 46
39 0 0 0 25 46 45
40 0 0 0 26 53 54
41 0 0 0 26 55 27
42 0 0 0 27 56 43
43 0 0 0 28 42 57
44 0 0 0 29 57 58
45 0 0 0 30 53 39
46 0 0 0 31 39 38
47 0 0 0 32 37 59
48 0 0 0 33 60 61
49 0 0 0 34 61 50
50 0 0 0 35 49 62
51 0 0 0 35 63 36
52 0 0 0 36 64 59
53 0 0 0 40 45 58
54 0 0 0 40 65 55
55 0 0 0 41 54 56
56 0 0 0 42 55 66
57 0 0 0 43 66 44
58 0 0 0 44 65 53
59 0 0 0 47 52 60
60 0 0 0 48 59 67
61 0 0 0 48 68 49
62 0 0 0 50 68 63
63 0 0 0 51 62 64
64 0 0 0 52 63 67
65 0 0 0 54 58 66
66 0 0 0 56 65 57
67 0 0 0 60 64 68
68 0 0 0 61 67 62
0
