>>writegraph3d planar <<
1 0 0 0 2 3 4
2 0 0 0 1 5 6
3 0 0 0 1 7 8
4 0 0 0 1 9 5
5 0 0 0 2 4 10
6 0 0 0 2 11 12
7 0 0 0 3 13 14
8 0 0 0 3 14 15
9 0 0 0 4 16 10
10 0 0 0 5 9 17
11 0 0 0 6 18
12 0 0 0 6 19
13 0 0 0 7 20 21
14 0 0 0 7 21 8
15 0 0 0 8 22 23
16 0 0 0 9 24 17
17 0 0 0 10 16 25
18 0 0 0 11 26 27
19 0 0 0 12 27 28
20 0 0 0 13 28 29
21 0 0 0 13 29 14
22 0 0 0 15 30 31
23 0 0 0 15 31 32
24 0 0 0 16 32 25
25 0 0 0 17 24 33
26 0 0 0 18 33 34
27 0 0 0 18 19
28 0 0 0 19 35 20
29 0 0 0 20 35 21
30 0 0 0 22 36 37
31 0 0 0 22 37 23
32 0 0 0 23 37 24
33 0 0 0 25 38 26
34 0 0 0 26 38 39
35 0 0 0 28 40 29
36 0 0 0 30 40 41
37 0 0 0 30 32 31
38 0 0 0 33 42 34
39 0 0 0 34 42 43
40 0 0 0 35 43 36
41 0 0 0 36 43 42
42 0 0 0 38 41 39
43 0 0 0 39 41 40
0
