>>writegraph3d planar <<
1 0 0 0 2 3 4
2 0 0 0 1 5 6
3 0 0 0 1 6 7
4 0 0 0 1 8 5
5 0 0 0 2 4 9
6 0 0 0 2 10 3
7 0 0 0 3 10 11
8 0 0 0 4 12 13
9 0 0 0 5 14 15
10 0 0 0 6 16 7
11 0 0 0 7 16 17
12 0 0 0 8 18 19
13 0 0 0 8 19 20
14 0 0 0 9 21 22
15 0 0 0 9 22 23
16 0 0 0 10 24 11
17 0 0 0 11 24 25
18 0 0 0 12 25 26
19 0 0 0 12 27 13
20 0 0 0 13 28 29
21 0 0 0 14 30 31
22 0 0 0 14 31 15
23 0 0 0 15 32 33
24 0 0 0 16 33 17
25 0 0 0 17 34 18
26 0 0 0 18 34 35
27 0 0 0 19 36 37
28 0 0 0 20 38 39
29 0 0 0 20 39 30
30 0 0 0 21 29 40
31 0 0 0 21 40 22
32 0 0 0 23 41 42
33 0 0 0 23 42 24
34 0 0 0 25 43 26
35 0 0 0 26 43 44
36 0 0 0 27 45 46
37 0 0 0 27 46 47
38 0 0 0 28 48 41
39 0 0 0 28 40 29
40 0 0 0 30 39 31
41 0 0 0 32 38 49
42 0 0 0 32 50 33
43 0 0 0 34 51 35
44 0 0 0 35 51 52
45 0 0 0 36 52 50
46 0 0 0 36 53 37
47 0 0 0 37 53 54
48 0 0 0 38 54 49
49 0 0 0 41 48 55
50 0 0 0 42 45 56
51 0 0 0 43 56 44
52 0 0 0 44 56 45
53 0 0 0 46 55 47
54 0 0 0 47 55 48
55 0 0 0 49 54 53
56 0 0 0 50 52 51
0
