>>writegraph3d planar <<
1 0 0 0 2 3 4
2 0 0 0 1 5 6
3 0 0 0 1 7 8
4 0 0 0 1 8 9
5 0 0 0 2 10 11
6 0 0 0 2 11 12
7 0 0 0 3 13 14
8 0 0 0 3 14 4
9 0 0 0 4 15 16
10 0 0 0 5 17 18
11 0 0 0 5 18 6
12 0 0 0 6 19 20
13 0 0 0 7 21 22
14 0 0 0 7 22 8
15 0 0 0 9 23 24
16 0 0 0 9 24 25
17 0 0 0 10 25 26
18 0 0 0 10 26 11
19 0 0 0 12 27 28
20 0 0 0 12 28 21
21 0 0 0 13 20 29
22 0 0 0 13 29 14
23 0 0 0 15 30 31
24 0 0 0 15 32 16
25 0 0 0 16 32 17
26 0 0 0 17 33 18
27 0 0 0 19 34 35
28 0 0 0 19 35 20
29 0 0 0 21 30 22
30 0 0 0 23 29 36
31 0 0 0 23 36 37
32 0 0 0 24 38 25
33 0 0 0 26 39 34
34 0 0 0 27 33 40
35 0 0 0 27 41 28
36 0 0 0 30 42 31
37 0 0 0 31 42 43
38 0 0 0 32 44 45
39 0 0 0 33 46 40
40 0 0 0 34 39 47
41 0 0 0 35 43 42
42 0 0 0 36 41 37
43 0 0 0 37 41 44
44 0 0 0 38 43 48
45 0 0 0 38 48 46
46 0 0 0 39 45 47
47 0 0 0 40 46 48
48 0 0 0 44 47 45
0
