>>writegraph3d planar <<
1 0 0 0 2 3 4
2 0 0 0 1 5 6
3 0 0 0 1 7 8
4 0 0 0 1 8 9
5 0 0 0 2 10 11
6 0 0 0 2 11 12
7 0 0 0 3 13 14
8 0 0 0 3 15 4
9 0 0 0 4 15 16
10 0 0 0 5 17 18
11 0 0 0 5 19 6
12 0 0 0 6 19 20
13 0 0 0 7 21 22
14 0 0 0 7 22 23
15 0 0 0 8 24 9
16 0 0 0 9 24 25
17 0 0 0 10 26 27
18 0 0 0 10 27 28
19 0 0 0 11 29 12
20 0 0 0 12 29 30
21 0 0 0 13 30 31
22 0 0 0 13 31 14
23 0 0 0 14 32 33
24 0 0 0 15 34 16
25 0 0 0 16 34 26
26 0 0 0 17 25 35
27 0 0 0 17 36 18
28 0 0 0 18 36 37
29 0 0 0 19 38 20
30 0 0 0 20 38 21
31 0 0 0 21 39 22
32 0 0 0 23 40 41
33 0 0 0 23 41 35
34 0 0 0 24 35 25
35 0 0 0 26 34 33
36 0 0 0 27 42 28
37 0 0 0 28 43 44
38 0 0 0 29 44 30
39 0 0 0 31 45 46
40 0 0 0 32 47 48
41 0 0 0 32 48 33
42 0 0 0 36 49 50
43 0 0 0 37 51 52
44 0 0 0 37 52 38
45 0 0 0 39 53 54
46 0 0 0 39 54 50
47 0 0 0 40 50 49
48 0 0 0 40 49 41
49 0 0 0 42 48 47
50 0 0 0 42 47 46
51 0 0 0 43 55 56
52 0 0 0 43 56 44
53 0 0 0 45 56 55
54 0 0 0 45 55 46
55 0 0 0 51 54 53
56 0 0 0 51 53 52
0
