>>writegraph3d planar <<
1 0 0 0 2 3 4
2 0 0 0 1 5 6
3 0 0 0 1 6 7
4 0 0 0 1 5
5 0 0 0 2 4 8
6 0 0 0 2 9 3
7 0 0 0 3 9 10
8 0 0 0 5 13 14
9 0 0 0 6 15 7
10 0 0 0 7 15 16
11 0 0 0 16 17
12 0 0 0 18 19
13 0 0 0 8 20 21
14 0 0 0 8 21 22
15 0 0 0 9 22 10
16 0 0 0 10 23 11
17 0 0 0 11 23 24
18 0 0 0 12 25 26
19 0 0 0 12 26 20
20 0 0 0 13 19 27
21 0 0 0 13 27 14
22 0 0 0 14 28 15
23 0 0 0 16 29 17
24 0 0 0 17 29 30
25 0 0 0 18 30 28
26 0 0 0 18 27 19
27 0 0 0 20 26 21
28 0 0 0 22 25 31
29 0 0 0 23 31 24
30 0 0 0 24 31 25
31 0 0 0 28 30 29
0
