>>writegraph3d planar <<
1 0 0 0 2 3 4
2 0 0 0 1 5 6
3 0 0 0 1 6 7
4 0 0 0 1 8 5
5 0 0 0 2 4 9
6 0 0 0 2 10 3
7 0 0 0 3 10 11
8 0 0 0 4 12 13
9 0 0 0 5 14 15
10 0 0 0 6 16 7
11 0 0 0 7 17 18
12 0 0 0 8 18 19
13 0 0 0 8 19 20
14 0 0 0 9 21 22
15 0 0 0 9 22 23
16 0 0 0 10 23 24
17 0 0 0 11 25 26
18 0 0 0 11 26 12
19 0 0 0 12 27 13
20 0 0 0 13 28 21
21 0 0 0 14 20 29
22 0 0 0 14 29 15
23 0 0 0 15 30 16
24 0 0 0 16 30 31
25 0 0 0 17 31 32
26 0 0 0 17 32 18
27 0 0 0 19 33 34
28 0 0 0 20 35 29
29 0 0 0 21 28 22
30 0 0 0 23 36 24
31 0 0 0 24 37 25
32 0 0 0 25 37 26
33 0 0 0 27 37 38
34 0 0 0 27 38 39
35 0 0 0 28 39 36
36 0 0 0 30 35 40
37 0 0 0 31 33 32
38 0 0 0 33 40 34
39 0 0 0 34 40 35
40 0 0 0 36 39 38
0
