>>writegraph3d planar <<
1 0 0 0 2 3 4
2 0 0 0 1 5 6
3 0 0 0 1 7 8
4 0 0 0 1 9 5
5 0 0 0 2 4 10
6 0 0 0 2 11 12
7 0 0 0 3 13 14
8 0 0 0 3 14 15
9 0 0 0 4 16 10
10 0 0 0 5 9 17
11 0 0 0 6 18 19
12 0 0 0 6 19 20
13 0 0 0 7 21 22
14 0 0 0 7 22 8
15 0 0 0 8 23 24
16 0 0 0 9 25 17
17 0 0 0 10 16 26
18 0 0 0 11 27 28
19 0 0 0 11 28 12
20 0 0 0 12 28 27
21 0 0 0 13 27 26
22 0 0 0 13 26 14
23 0 0 0 15 29 30
24 0 0 0 15 30 31
25 0 0 0 16 31 29
26 0 0 0 17 22 21
27 0 0 0 18 21 20
28 0 0 0 18 20 19
29 0 0 0 23 25 32
30 0 0 0 23 32 24
31 0 0 0 24 32 25
32 0 0 0 29 31 30
0
