>>writegraph3d planar <<
1 0 0 0 2 3 4
2 0 0 0 1 5 6
3 0 0 0 1 6 7
4 0 0 0 1 8 5
5 0 0 0 2 4 9
6 0 0 0 2 10 3
7 0 0 0 3 10 11
8 0 0 0 4 12 13
9 0 0 0 5 14 15
10 0 0 0 6 16 7
11 0 0 0 7 17 18
12 0 0 0 8 18 19
13 0 0 0 8 19 20
14 0 0 0 9 21 22
15 0 0 0 9 22 23
16 0 0 0 10 23 24
17 0 0 0 11 25 26
18 0 0 0 11 26 12
19 0 0 0 12 27 13
20 0 0 0 13 27 21
21 0 0 0 14 20 28
22 0 0 0 14 28 15
23 0 0 0 15 29 16
24 0 0 0 16 29 30
25 0 0 0 17 30 31
26 0 0 0 17 31 18
27 0 0 0 19 32 20
28 0 0 0 21 33 22
29 0 0 0 23 34 24
30 0 0 0 24 34 25
31 0 0 0 25 35 26
32 0 0 0 27 35 36
33 0 0 0 28 37 38
34 0 0 0 29 38 30
35 0 0 0 31 39 32
36 0 0 0 32 39 37
37 0 0 0 33 36 40
38 0 0 0 33 40 34
39 0 0 0 35 40 36
40 0 0 0 37 39 38
0
