>>writegraph3d planar <<
1 0 0 0 2 3 4
2 0 0 0 1 5
3 0 0 0 1 6 7
4 0 0 0 1 8
5 0 0 0 2 9 10
6 0 0 0 3 11 12
7 0 0 0 3 12 13
8 0 0 0 4 14 9
9 0 0 0 8 5
10 0 0 0 5 15 16
11 0 0 0 6 16 17
12 0 0 0 6 17 7
13 0 0 0 7 18 19
14 0 0 0 8 19 20
15 0 0 0 10 21 22
16 0 0 0 10 22 11
17 0 0 0 11 23 12
18 0 0 0 13 24 25
19 0 0 0 13 25 14
20 0 0 0 14 25 21
21 0 0 0 15 20 26
22 0 0 0 15 26 16
23 0 0 0 17 27 28
24 0 0 0 18 28 29
25 0 0 0 18 20 19
26 0 0 0 21 30 22
27 0 0 0 23 30 31
28 0 0 0 23 31 24
29 0 0 0 24 31 30
30 0 0 0 26 29 27
31 0 0 0 27 29 28
0
