>>writegraph3d planar <<
1 0 0 0 2 3 4
2 0 0 0 1 5 6
3 0 0 0 1 7 8
4 0 0 0 1 9 5
5 0 0 0 2 4 10
6 0 0 0 2 10 11
7 0 0 0 3 12 13
8 0 0 0 3 13 14
9 0 0 0 4 15 16
10 0 0 0 5 17 6
11 0 0 0 6 18 12
12 0 0 0 7 11 19
13 0 0 0 7 20 8
14 0 0 0 8 21 15
15 0 0 0 9 14 22
16 0 0 0 9 22 23
17 0 0 0 10 23 24
18 0 0 0 11 25 19
19 0 0 0 12 18 26
20 0 0 0 13 27 28
21 0 0 0 14 29 22
22 0 0 0 15 21 16
23 0 0 0 16 30 17
24 0 0 0 17 30 25
25 0 0 0 18 24 26
26 0 0 0 19 25 27
27 0 0 0 20 26 31
28 0 0 0 20 31 29
29 0 0 0 21 28 32
30 0 0 0 23 32 24
31 0 0 0 27 32 28
32 0 0 0 29 31 30
0
