>>writegraph3d planar <<
1 0 0 0 2 3 4
2 0 0 0 1 5 6
3 0 0 0 1 6 7
4 0 0 0 1 8 5
5 0 0 0 2 4 9
6 0 0 0 2 10 3
7 0 0 0 3 10 11
8 0 0 0 4 12 9
9 0 0 0 5 8 13
10 0 0 0 6 14 7
11 0 0 0 7 14 15
12 0 0 0 8 16 17
13 0 0 0 9 18 19
14 0 0 0 10 11
15 0 0 0 11 20 16
16 0 0 0 12 15 21
17 0 0 0 12 22 23
18 0 0 0 13 24 25
19 0 0 0 13 25
20 0 0 0 15 27 21
21 0 0 0 16 20 28
22 0 0 0 17 29 30
23 0 0 0 17 30 31
24 0 0 0 18 31 32
25 0 0 0 18 32 19
26 0 0 0 29 33
27 0 0 0 20 34 28
28 0 0 0 21 27 35
29 0 0 0 22 36 26
30 0 0 0 22 37 23
31 0 0 0 23 37 24
32 0 0 0 24 37 25
33 0 0 0 26 36 34
34 0 0 0 27 33 35
35 0 0 0 28 34 36
36 0 0 0 29 35 33
37 0 0 0 30 32 31
0
