>>writegraph3d planar <<
1 0 0 0 2 3 4
2 0 0 0 1 5 6
3 0 0 0 1 7 8
4 0 0 0 1 8 5
5 0 0 0 2 4 9
6 0 0 0 2 9 10
7 0 0 0 3 11 12
8 0 0 0 3 13 4
9 0 0 0 5 14 6
10 0 0 0 6 14 15
11 0 0 0 7 16 17
12 0 0 0 7 17 18
13 0 0 0 8 19 20
14 0 0 0 9 21 10
15 0 0 0 10 22 16
16 0 0 0 11 15 23
17 0 0 0 11 24 12
18 0 0 0 12 25 26
19 0 0 0 13 27 28
20 0 0 0 13 28 29
21 0 0 0 14 29 30
22 0 0 0 15 31 23
23 0 0 0 16 22 32
24 0 0 0 17 33 34
25 0 0 0 18 35 36
26 0 0 0 18 36 27
27 0 0 0 19 26 37
28 0 0 0 19 37 20
29 0 0 0 20 38 21
30 0 0 0 21 38 39
31 0 0 0 22 40 32
32 0 0 0 23 31 41
33 0 0 0 24 42 43
34 0 0 0 24 43 44
35 0 0 0 25 45 46
36 0 0 0 25 37 26
37 0 0 0 27 36 28
38 0 0 0 29 46 30
39 0 0 0 30 42 40
40 0 0 0 31 39 41
41 0 0 0 32 40 42
42 0 0 0 33 41 39
43 0 0 0 33 47 34
44 0 0 0 34 47 45
45 0 0 0 35 44 48
46 0 0 0 35 48 38
47 0 0 0 43 48 44
48 0 0 0 45 47 46
0
