>>writegraph3d planar <<
1 0 0 0 2 3 4
2 0 0 0 1 5 6
3 0 0 0 1 7 8
4 0 0 0 1 8 9
5 0 0 0 2 10 11
6 0 0 0 2 11 12
7 0 0 0 3 13 14
8 0 0 0 3 14 4
9 0 0 0 4 15 16
10 0 0 0 5 17 18
11 0 0 0 5 18 6
12 0 0 0 6 18 19
13 0 0 0 7 20 21
14 0 0 0 7 21 8
15 0 0 0 9 22 23
16 0 0 0 9 23 24
17 0 0 0 10 24 25
18 0 0 0 10 12 11
19 0 0 0 12 26 20
20 0 0 0 13 19 27
21 0 0 0 13 28 14
22 0 0 0 15 29 30
23 0 0 0 15 31 16
24 0 0 0 16 31 17
25 0 0 0 17 31 32
26 0 0 0 19 33 27
27 0 0 0 20 26 34
28 0 0 0 21 35 29
29 0 0 0 22 28
30 0 0 0 22 36
31 0 0 0 23 25 24
32 0 0 0 25 37 33
33 0 0 0 26 32 34
34 0 0 0 27 33 37
35 0 0 0 28 36
36 0 0 0 30 35 37
37 0 0 0 32 36 34
0
