>>writegraph3d planar <<
1 0 0 0 2 3 4
2 0 0 0 1 5 6
3 0 0 0 1 7 8
4 0 0 0 1 8 9
5 0 0 0 2 10 11
6 0 0 0 2 12 13
7 0 0 0 3 14 15
8 0 0 0 3 16 4
9 0 0 0 4 16 17
10 0 0 0 5 18 19
11 0 0 0 5 19 20
12 0 0 0 6 21 22
13 0 0 0 6 22 23
14 0 0 0 7 24 25
15 0 0 0 7 25
16 0 0 0 8 26 9
17 0 0 0 9 26 27
18 0 0 0 10 28 29
19 0 0 0 10 30 11
20 0 0 0 11 30 31
21 0 0 0 12 32 33
22 0 0 0 12 34 13
23 0 0 0 13 34 35
24 0 0 0 14 35 36
25 0 0 0 14 36 15
26 0 0 0 16 37 17
27 0 0 0 17 37 28
28 0 0 0 18 27 38
29 0 0 0 18 38
30 0 0 0 19 39 20
31 0 0 0 20 39 40
32 0 0 0 21 40 41
33 0 0 0 21 41
34 0 0 0 22 42 23
35 0 0 0 23 42 24
36 0 0 0 24 42 25
37 0 0 0 26 38 27
38 0 0 0 28 37 29
39 0 0 0 30 43 31
40 0 0 0 31 43 32
41 0 0 0 32 43 33
42 0 0 0 34 36 35
43 0 0 0 39 41 40
0
