>>writegraph3d planar <<
1 0 0 0 2 3 4
2 0 0 0 1 5 6
3 0 0 0 1 7 8
4 0 0 0 1 9 5
5 0 0 0 2 4 10
6 0 0 0 2 11 12
7 0 0 0 3 13 14
8 0 0 0 3 14 15
9 0 0 0 4 16 10
10 0 0 0 5 9 17
11 0 0 0 6 18 19
12 0 0 0 6 19 20
13 0 0 0 7 21 22
14 0 0 0 7 22 8
15 0 0 0 8 23 24
16 0 0 0 9 25 17
17 0 0 0 10 16 26
18 0 0 0 11 27 28
19 0 0 0 11 29 12
20 0 0 0 12 29 30
21 0 0 0 13 30 31
22 0 0 0 13 31 14
23 0 0 0 15 32 33
24 0 0 0 15 33 34
25 0 0 0 16 34 26
26 0 0 0 17 25 35
27 0 0 0 18 35 36
28 0 0 0 18 36 37
29 0 0 0 19 38 20
30 0 0 0 20 38 21
31 0 0 0 21 39 22
32 0 0 0 23 40 41
33 0 0 0 23 41 24
34 0 0 0 24 35 25
35 0 0 0 26 34 27
36 0 0 0 27 42 28
37 0 0 0 28 42 43
38 0 0 0 29 44 30
39 0 0 0 31 45 46
40 0 0 0 32 46 47
41 0 0 0 32 47 33
42 0 0 0 36 48 37
43 0 0 0 37 48 49
44 0 0 0 38 49 50
45 0 0 0 39 51 52
46 0 0 0 39 52 40
47 0 0 0 40 48 41
48 0 0 0 42 47 43
49 0 0 0 43 53 44
50 0 0 0 44 53 54
51 0 0 0 45 54 55
52 0 0 0 45 55 46
53 0 0 0 49 56 50
54 0 0 0 50 56 51
55 0 0 0 51 56 52
56 0 0 0 53 55 54
0
