#FIG 3.2
Landscape
Center
Inches
Letter  
100.00
Single
-2
1200 2
6 3675 750 5325 1050
4 0 0 50 0 0 18 0.0000 4 195 135 4200 1050 2\001
4 0 0 50 0 0 18 0.0000 4 195 135 3750 1050 4\001
4 0 0 50 0 1 18 0.0000 4 120 120 3675 900 v\001
4 0 0 50 0 0 18 0.0000 4 45 150 3900 900 =\001
4 0 0 50 0 1 18 0.0000 4 120 120 4125 900 v\001
4 0 0 50 0 0 18 0.0000 4 195 135 4725 1050 3\001
4 0 0 50 0 0 18 0.0000 4 135 150 4425 900 +\001
4 0 0 50 0 1 18 0.0000 4 120 120 4650 900 v\001
4 0 0 50 0 1 18 0.0000 4 120 120 5100 900 v\001
4 0 0 50 0 0 18 0.0000 4 195 135 5175 1050 1\001
4 0 0 50 0 0 18 0.0000 4 15 150 4875 900 -\001
-6
2 1 0 1 0 7 50 0 -1 0.000 0 0 -1 0 0 2
	 1050 600 3750 600
2 1 0 1 0 7 50 0 -1 0.000 0 0 -1 0 0 2
	 1050 1200 3750 1200
2 1 0 1 0 7 50 0 -1 0.000 0 0 -1 0 0 2
	 1050 1800 3750 1800
2 1 0 1 0 7 50 0 -1 0.000 0 0 -1 0 0 2
	 1200 300 1200 2100
2 1 0 1 0 7 50 0 -1 0.000 0 0 -1 0 0 2
	 2400 300 2400 2100
2 1 0 1 0 7 50 0 -1 0.000 0 0 -1 0 0 2
	 3600 300 3600 2100
2 2 0 1 0 7 50 0 45 0.000 0 0 -1 0 0 5
	 1200 600 2400 600 2400 1200 1200 1200 1200 600
2 1 0 1 7 7 50 0 -1 0.000 0 0 -1 0 0 1
	 900 300
2 1 0 1 7 7 50 0 -1 0.000 0 0 -1 0 0 1
	 5400 2100
4 0 0 50 0 1 12 0.0000 4 90 90 1275 1350 v\001
4 0 0 50 0 1 12 0.0000 4 90 90 2475 1350 v\001
4 0 0 50 0 1 12 0.0000 4 90 90 1275 450 v\001
4 0 0 50 0 0 12 0.0000 4 135 90 1350 1425 1\001
4 0 0 50 0 0 12 0.0000 4 135 90 1350 525 3\001
4 0 0 50 0 1 12 0.0000 4 90 90 2475 450 v\001
4 0 0 50 0 0 12 0.0000 4 135 90 2550 525 4\001
4 0 0 50 0 0 12 0.0000 4 135 90 2550 1425 2\001
