#FIG 3.2
Landscape
Center
Inches
Letter  
100.00
Single
-2
1200 2
2 1 0 1 0 7 100 0 -1 0.000 0 0 -1 0 0 2
	 300 1500 3000 1500
2 1 0 1 0 7 100 0 -1 0.000 0 0 -1 0 0 2
	 450 900 3150 900
2 1 0 1 0 7 100 0 -1 0.000 0 0 -1 0 0 2
	 2775 1800 3225 0
2 1 0 1 0 7 100 0 -1 0.000 0 0 -1 0 0 2
	 375 1800 825 0
2 1 0 1 0 7 100 0 -1 0.000 0 0 -1 0 0 2
	 600 300 3300 300
2 1 0 1 7 7 50 0 -1 0.000 0 0 -1 0 0 1
	 300 0
2 1 0 1 7 7 50 0 -1 0.000 0 0 -1 0 0 1
	 4800 1800
2 3 0 1 0 7 100 0 45 0.000 0 0 -1 0 0 4
	 600 900 1800 900 750 300 600 900
2 1 0 1 0 7 100 0 -1 0.000 0 0 -1 0 0 2
	 1575 1800 2025 0
4 0 0 50 0 1 12 0.0000 4 90 90 675 1050 v\001
4 0 0 50 0 0 12 0.0000 4 135 90 750 1125 1\001
4 0 0 50 0 0 12 0.0000 4 135 90 1950 1125 2\001
4 0 0 50 0 1 12 0.0000 4 90 90 1875 1050 v\001
4 0 0 50 0 1 12 0.0000 4 90 90 900 150 v\001
4 0 0 50 0 0 12 0.0000 4 135 90 975 225 3\001
