>>writegraph3d planar <<
1 0 0 0 4 5 2
2 0 0 0 1 15 3
3 0 0 0 2 20 4
4 0 0 0 3 6 1
5 0 0 0 10 11 1
6 0 0 0 4 24 7
7 0 0 0 6 27 8
8 0 0 0 7 28 9
9 0 0 0 8 29 10
10 0 0 0 9 30 5
11 0 0 0 5 30 12
12 0 0 0 11 31 13
13 0 0 0 12 32 14
14 0 0 0 13 33 15
15 0 0 0 14 16 2
16 0 0 0 15 33 17
17 0 0 0 16 34 18
18 0 0 0 17 35 19
19 0 0 0 18 36 20
20 0 0 0 19 21 3
21 0 0 0 20 36 22
22 0 0 0 21 25 23
23 0 0 0 22 26 24
24 0 0 0 23 27 6
25 0 0 0 22 40 26
26 0 0 0 25 41 23
27 0 0 0 24 44 7
28 0 0 0 8 47 29
29 0 0 0 28 48 9
30 0 0 0 10 51 11
31 0 0 0 12 54 32
32 0 0 0 31 55 13
33 0 0 0 14 58 16
34 0 0 0 17 61 35
35 0 0 0 34 62 18
36 0 0 0 19 37 21
37 0 0 0 36 64 38
38 0 0 0 37 69 39
39 0 0 0 38 70 40
40 0 0 0 39 41 25
41 0 0 0 40 42 26
42 0 0 0 41 73 43
43 0 0 0 42 74 44
44 0 0 0 43 45 27
45 0 0 0 44 78 46
46 0 0 0 45 79 47
47 0 0 0 46 48 28
48 0 0 0 47 49 29
49 0 0 0 48 82 50
50 0 0 0 49 83 51
51 0 0 0 50 52 30
52 0 0 0 51 87 53
53 0 0 0 52 88 54
54 0 0 0 53 55 31
55 0 0 0 54 56 32
56 0 0 0 55 91 57
57 0 0 0 56 92 58
58 0 0 0 57 59 33
59 0 0 0 58 96 60
60 0 0 0 59 97 61
61 0 0 0 60 62 34
62 0 0 0 61 63 35
63 0 0 0 62 100 64
64 0 0 0 63 65 37
65 0 0 0 64 100 66
66 0 0 0 65 104 67
67 0 0 0 66 105 68
68 0 0 0 67 106 69
69 0 0 0 68 70 38
70 0 0 0 69 71 39
71 0 0 0 70 109 72
72 0 0 0 71 110 73
73 0 0 0 72 74 42
74 0 0 0 73 75 43
75 0 0 0 74 113 76
76 0 0 0 75 114 77
77 0 0 0 76 115 78
78 0 0 0 77 79 45
79 0 0 0 78 80 46
80 0 0 0 79 118 81
81 0 0 0 80 119 82
82 0 0 0 81 83 49
83 0 0 0 82 84 50
84 0 0 0 83 122 85
85 0 0 0 84 123 86
86 0 0 0 85 124 87
87 0 0 0 86 88 52
88 0 0 0 87 89 53
89 0 0 0 88 127 90
90 0 0 0 89 128 91
91 0 0 0 90 92 56
92 0 0 0 91 93 57
93 0 0 0 92 131 94
94 0 0 0 93 132 95
95 0 0 0 94 133 96
96 0 0 0 95 97 59
97 0 0 0 96 98 60
98 0 0 0 97 136 99
99 0 0 0 98 101 100
100 0 0 0 99 65 63
101 0 0 0 99 136 102
102 0 0 0 101 140 103
103 0 0 0 102 141 104
104 0 0 0 103 105 66
105 0 0 0 104 106 67
106 0 0 0 105 107 68
107 0 0 0 106 143 108
108 0 0 0 107 144 109
109 0 0 0 108 110 71
110 0 0 0 109 111 72
111 0 0 0 110 147 112
112 0 0 0 111 148 113
113 0 0 0 112 114 75
114 0 0 0 113 115 76
115 0 0 0 114 116 77
116 0 0 0 115 150 117
117 0 0 0 116 151 118
118 0 0 0 117 119 80
119 0 0 0 118 120 81
120 0 0 0 119 154 121
121 0 0 0 120 155 122
122 0 0 0 121 123 84
123 0 0 0 122 124 85
124 0 0 0 123 125 86
125 0 0 0 124 157 126
126 0 0 0 125 158 127
127 0 0 0 126 128 89
128 0 0 0 127 129 90
129 0 0 0 128 161 130
130 0 0 0 129 162 131
131 0 0 0 130 132 93
132 0 0 0 131 133 94
133 0 0 0 132 134 95
134 0 0 0 133 164 135
135 0 0 0 134 137 136
136 0 0 0 135 101 98
137 0 0 0 135 164 138
138 0 0 0 137 168 139
139 0 0 0 138 169 140
140 0 0 0 139 141 102
141 0 0 0 140 142 103
142 0 0 0 141 172 143
143 0 0 0 142 144 107
144 0 0 0 143 145 108
145 0 0 0 144 175 146
146 0 0 0 145 176 147
147 0 0 0 146 148 111
148 0 0 0 147 149 112
149 0 0 0 148 179 150
150 0 0 0 149 151 116
151 0 0 0 150 152 117
152 0 0 0 151 182 153
153 0 0 0 152 183 154
154 0 0 0 153 155 120
155 0 0 0 154 156 121
156 0 0 0 155 186 157
157 0 0 0 156 158 125
158 0 0 0 157 159 126
159 0 0 0 158 189 160
160 0 0 0 159 190 161
161 0 0 0 160 162 129
162 0 0 0 161 163 130
163 0 0 0 162 165 164
164 0 0 0 163 137 134
165 0 0 0 163 192 166
166 0 0 0 165 193 167
167 0 0 0 166 170 168
168 0 0 0 167 169 138
169 0 0 0 168 170 139
170 0 0 0 169 167 171
171 0 0 0 170 196 172
172 0 0 0 171 173 142
173 0 0 0 172 196 174
174 0 0 0 173 177 175
175 0 0 0 174 176 145
176 0 0 0 175 177 146
177 0 0 0 176 174 178
178 0 0 0 177 198 179
179 0 0 0 178 180 149
180 0 0 0 179 198 181
181 0 0 0 180 184 182
182 0 0 0 181 183 152
183 0 0 0 182 184 153
184 0 0 0 183 181 185
185 0 0 0 184 200 186
186 0 0 0 185 187 156
187 0 0 0 186 200 188
188 0 0 0 187 191 189
189 0 0 0 188 190 159
190 0 0 0 189 191 160
191 0 0 0 190 188 192
192 0 0 0 191 193 165
193 0 0 0 192 194 166
194 0 0 0 193 199 195
195 0 0 0 194 197 196
196 0 0 0 195 173 171
197 0 0 0 195 199 198
198 0 0 0 197 180 178
199 0 0 0 197 194 200
200 0 0 0 199 187 185
0
