>>writegraph3d planar <<
1 0 0 0 4 11 2
2 0 0 0 1 14 3
3 0 0 0 2 5 4
4 0 0 0 3 8 1
5 0 0 0 3 16 6
6 0 0 0 5 19 7
7 0 0 0 6 22 8
8 0 0 0 7 9 4
9 0 0 0 8 24 10
10 0 0 0 9 27 11
11 0 0 0 10 12 1
12 0 0 0 11 29 13
13 0 0 0 12 32 14
14 0 0 0 13 15 2
15 0 0 0 14 34 16
16 0 0 0 15 17 5
17 0 0 0 16 36 18
18 0 0 0 17 39 19
19 0 0 0 18 20 6
20 0 0 0 19 41 21
21 0 0 0 20 44 22
22 0 0 0 21 23 7
23 0 0 0 22 46 24
24 0 0 0 23 25 9
25 0 0 0 24 47 26
26 0 0 0 25 50 27
27 0 0 0 26 28 10
28 0 0 0 27 52 29
29 0 0 0 28 30 12
30 0 0 0 29 54 31
31 0 0 0 30 55 32
32 0 0 0 31 33 13
33 0 0 0 32 59 34
34 0 0 0 33 35 15
35 0 0 0 34 60 36
36 0 0 0 35 37 17
37 0 0 0 36 62 38
38 0 0 0 37 65 39
39 0 0 0 38 40 18
40 0 0 0 39 67 41
41 0 0 0 40 42 20
42 0 0 0 41 69 43
43 0 0 0 42 72 44
44 0 0 0 43 45 21
45 0 0 0 44 73 46
46 0 0 0 45 47 23
47 0 0 0 46 48 25
48 0 0 0 47 74 49
49 0 0 0 48 77 50
50 0 0 0 49 51 26
51 0 0 0 50 79 52
52 0 0 0 51 53 28
53 0 0 0 52 81 54
54 0 0 0 53 56 30
55 0 0 0 57 58 31
56 0 0 0 54 83 57
57 0 0 0 56 84 55
58 0 0 0 55 87 59
59 0 0 0 58 60 33
60 0 0 0 59 61 35
61 0 0 0 60 88 62
62 0 0 0 61 63 37
63 0 0 0 62 90 64
64 0 0 0 63 93 65
65 0 0 0 64 66 38
66 0 0 0 65 94 67
67 0 0 0 66 68 40
68 0 0 0 67 96 69
69 0 0 0 68 70 42
70 0 0 0 69 98 71
71 0 0 0 70 101 72
72 0 0 0 71 73 43
73 0 0 0 72 74 45
74 0 0 0 73 75 48
75 0 0 0 74 101 76
76 0 0 0 75 102 77
77 0 0 0 76 78 49
78 0 0 0 77 105 79
79 0 0 0 78 80 51
80 0 0 0 79 106 81
81 0 0 0 80 82 53
82 0 0 0 81 108 83
83 0 0 0 82 85 56
84 0 0 0 86 87 57
85 0 0 0 83 110 86
86 0 0 0 85 112 84
87 0 0 0 84 88 58
88 0 0 0 87 89 61
89 0 0 0 88 112 90
90 0 0 0 89 91 63
91 0 0 0 90 114 92
92 0 0 0 91 117 93
93 0 0 0 92 94 64
94 0 0 0 93 95 66
95 0 0 0 94 118 96
96 0 0 0 95 97 68
97 0 0 0 96 119 98
98 0 0 0 97 99 70
99 0 0 0 98 121 100
100 0 0 0 99 103 101
101 0 0 0 100 75 71
102 0 0 0 103 104 76
103 0 0 0 100 123 102
104 0 0 0 102 125 105
105 0 0 0 104 106 78
106 0 0 0 105 107 80
107 0 0 0 106 126 108
108 0 0 0 107 109 82
109 0 0 0 108 127 110
110 0 0 0 109 113 85
111 0 0 0 113 114 112
112 0 0 0 111 89 86
113 0 0 0 110 130 111
114 0 0 0 111 115 91
115 0 0 0 114 131 116
116 0 0 0 115 134 117
117 0 0 0 116 118 92
118 0 0 0 117 119 95
119 0 0 0 118 120 97
120 0 0 0 119 134 121
121 0 0 0 120 122 99
122 0 0 0 121 135 123
123 0 0 0 122 124 103
124 0 0 0 123 128 125
125 0 0 0 124 126 104
126 0 0 0 125 127 107
127 0 0 0 126 129 109
128 0 0 0 124 136 129
129 0 0 0 128 130 127
130 0 0 0 129 131 113
131 0 0 0 130 132 115
132 0 0 0 131 136 133
133 0 0 0 132 135 134
134 0 0 0 133 120 116
135 0 0 0 133 136 122
136 0 0 0 135 132 128
0
