#FIG 3.2
Landscape
Center
Inches
Letter  
100.00
Single
-2
1200 2
6 1500 750 2550 1650
2 1 0 1 0 7 50 0 -1 0.000 0 0 -1 0 0 6
	 1500 750 1500 1350 1800 1650 2550 1350 2550 750 1500 750
-6
6 2550 750 3600 1650
2 1 0 1 0 7 50 0 -1 0.000 0 0 -1 0 0 6
	 2550 750 2550 1350 2850 1650 3600 1350 3600 750 2550 750
-6
6 3600 750 4650 1650
2 1 0 1 0 7 50 0 -1 0.000 0 0 -1 0 0 6
	 3600 750 3600 1350 3900 1650 4650 1350 4650 750 3600 750
-6
6 4650 750 5700 1650
2 1 0 1 0 7 50 0 -1 0.000 0 0 -1 0 0 6
	 4650 750 4650 1350 4950 1650 5700 1350 5700 750 4650 750
-6
6 1800 1350 2850 2250
2 1 0 1 0 7 50 0 -1 0.000 0 0 -1 0 0 6
	 2850 2250 2850 1650 2550 1350 1800 1650 1800 2250 2850 2250
-6
6 2850 1350 3900 2250
2 1 0 1 0 7 50 0 -1 0.000 0 0 -1 0 0 6
	 3900 2250 3900 1650 3600 1350 2850 1650 2850 2250 3900 2250
-6
6 3900 1350 4950 2250
2 1 0 1 0 7 50 0 -1 0.000 0 0 -1 0 0 6
	 4950 2250 4950 1650 4650 1350 3900 1650 3900 2250 4950 2250
-6
6 4950 1350 6000 2250
2 1 0 1 0 7 50 0 -1 0.000 0 0 -1 0 0 6
	 6000 2250 6000 1650 5700 1350 4950 1650 4950 2250 6000 2250
-6
6 1800 2250 2850 3150
2 1 0 1 0 7 50 0 -1 0.000 0 0 -1 0 0 6
	 1800 2250 1800 2850 2100 3150 2850 2850 2850 2250 1800 2250
-6
6 2850 2250 3900 3150
2 1 0 1 0 7 50 0 -1 0.000 0 0 -1 0 0 6
	 2850 2250 2850 2850 3150 3150 3900 2850 3900 2250 2850 2250
-6
6 3900 2250 4950 3150
2 1 0 1 0 7 50 0 -1 0.000 0 0 -1 0 0 6
	 3900 2250 3900 2850 4200 3150 4950 2850 4950 2250 3900 2250
-6
6 4950 2250 6000 3150
2 1 0 1 0 7 50 0 -1 0.000 0 0 -1 0 0 6
	 4950 2250 4950 2850 5250 3150 6000 2850 6000 2250 4950 2250
-6
6 2100 2850 3150 3750
2 1 0 1 0 7 50 0 -1 0.000 0 0 -1 0 0 6
	 3150 3750 3150 3150 2850 2850 2100 3150 2100 3750 3150 3750
-6
6 3150 2850 4200 3750
2 1 0 1 0 7 50 0 -1 0.000 0 0 -1 0 0 6
	 4200 3750 4200 3150 3900 2850 3150 3150 3150 3750 4200 3750
-6
6 4200 2850 5250 3750
2 1 0 1 0 7 50 0 -1 0.000 0 0 -1 0 0 6
	 5250 3750 5250 3150 4950 2850 4200 3150 4200 3750 5250 3750
-6
6 5250 2850 6300 3750
2 1 0 1 0 7 50 0 -1 0.000 0 0 -1 0 0 6
	 6300 3750 6300 3150 6000 2850 5250 3150 5250 3750 6300 3750
-6
6 2100 3750 3150 4650
2 1 0 1 0 7 50 0 -1 0.000 0 0 -1 0 0 6
	 2100 3750 2100 4350 2400 4650 3150 4350 3150 3750 2100 3750
-6
6 3150 3750 4200 4650
2 1 0 1 0 7 50 0 -1 0.000 0 0 -1 0 0 6
	 3150 3750 3150 4350 3450 4650 4200 4350 4200 3750 3150 3750
-6
6 4200 3750 5250 4650
2 1 0 1 0 7 50 0 -1 0.000 0 0 -1 0 0 6
	 4200 3750 4200 4350 4500 4650 5250 4350 5250 3750 4200 3750
-6
6 5250 3750 6300 4650
2 1 0 1 0 7 50 0 -1 0.000 0 0 -1 0 0 6
	 5250 3750 5250 4350 5550 4650 6300 4350 6300 3750 5250 3750
-6
6 2400 4350 3450 5250
2 1 0 1 0 7 50 0 -1 0.000 0 0 -1 0 0 6
	 3450 5250 3450 4650 3150 4350 2400 4650 2400 5250 3450 5250
-6
6 3450 4350 4500 5250
2 1 0 1 0 7 50 0 -1 0.000 0 0 -1 0 0 6
	 4500 5250 4500 4650 4200 4350 3450 4650 3450 5250 4500 5250
-6
6 4500 4350 5550 5250
2 1 0 1 0 7 50 0 -1 0.000 0 0 -1 0 0 6
	 5550 5250 5550 4650 5250 4350 4500 4650 4500 5250 5550 5250
-6
6 5550 4350 6600 5250
2 1 0 1 0 7 50 0 -1 0.000 0 0 -1 0 0 6
	 6600 5250 6600 4650 6300 4350 5550 4650 5550 5250 6600 5250
-6
6 1350 4350 2400 5250
2 1 0 1 0 7 50 0 -1 0.000 0 0 -1 0 0 6
	 2400 5250 2400 4650 2100 4350 1350 4650 1350 5250 2400 5250
-6
6 1050 2850 2100 3750
2 1 0 1 0 7 50 0 -1 0.000 0 0 -1 0 0 6
	 2100 3750 2100 3150 1800 2850 1050 3150 1050 3750 2100 3750
-6
6 1050 3750 2100 4650
2 1 0 1 0 7 50 0 -1 0.000 0 0 -1 0 0 6
	 1050 3750 1050 4350 1350 4650 2100 4350 2100 3750 1050 3750
-6
6 750 2250 1800 3150
2 1 0 1 0 7 50 0 -1 0.000 0 0 -1 0 0 6
	 750 2250 750 2850 1050 3150 1800 2850 1800 2250 750 2250
-6
6 750 1350 1800 2250
2 1 0 1 0 7 50 0 -1 0.000 0 0 -1 0 0 6
	 1800 2250 1800 1650 1500 1350 750 1650 750 2250 1800 2250
-6
6 1350 5250 2400 6150
2 1 0 1 0 7 50 0 -1 0.000 0 0 -1 0 0 6
	 1350 5250 1350 5850 1650 6150 2400 5850 2400 5250 1350 5250
-6
6 2400 5250 3450 6150
2 1 0 1 0 7 50 0 -1 0.000 0 0 -1 0 0 6
	 2400 5250 2400 5850 2700 6150 3450 5850 3450 5250 2400 5250
-6
6 3450 5250 4500 6150
2 1 0 1 0 7 50 0 -1 0.000 0 0 -1 0 0 6
	 3450 5250 3450 5850 3750 6150 4500 5850 4500 5250 3450 5250
-6
6 4500 5250 5550 6150
2 1 0 1 0 7 50 0 -1 0.000 0 0 -1 0 0 6
	 4500 5250 4500 5850 4800 6150 5550 5850 5550 5250 4500 5250
-6
6 5550 5250 6600 6150
2 1 0 1 0 7 50 0 -1 0.000 0 0 -1 0 0 6
	 5550 5250 5550 5850 5850 6150 6600 5850 6600 5250 5550 5250
-6
6 1650 5850 2700 6750
2 1 0 1 0 7 50 0 -1 0.000 0 0 -1 0 0 6
	 2700 6750 2700 6150 2400 5850 1650 6150 1650 6750 2700 6750
-6
6 2700 5850 3750 6750
2 1 0 1 0 7 50 0 -1 0.000 0 0 -1 0 0 6
	 3750 6750 3750 6150 3450 5850 2700 6150 2700 6750 3750 6750
-6
6 3750 5850 4800 6750
2 1 0 1 0 7 50 0 -1 0.000 0 0 -1 0 0 6
	 4800 6750 4800 6150 4500 5850 3750 6150 3750 6750 4800 6750
-6
6 4800 5850 5850 6750
2 1 0 1 0 7 50 0 -1 0.000 0 0 -1 0 0 6
	 5850 6750 5850 6150 5550 5850 4800 6150 4800 6750 5850 6750
-6
6 5850 5850 6900 6750
2 1 0 1 0 7 50 0 -1 0.000 0 0 -1 0 0 6
	 6900 6750 6900 6150 6600 5850 5850 6150 5850 6750 6900 6750
-6
6 600 5850 1650 6750
2 1 0 1 0 7 50 0 -1 0.000 0 0 -1 0 0 6
	 1650 6750 1650 6150 1350 5850 600 6150 600 6750 1650 6750
-6
6 6000 2250 7050 3150
2 1 0 1 0 7 50 0 -1 0.000 0 0 -1 0 0 6
	 6000 2250 6000 2850 6300 3150 7050 2850 7050 2250 6000 2250
-6
6 6000 1350 7050 2250
2 1 0 1 0 7 50 0 -1 0.000 0 0 -1 0 0 6
	 7050 2250 7050 1650 6750 1350 6000 1650 6000 2250 7050 2250
-6
6 5700 750 6750 1650
2 1 0 1 0 7 50 0 -1 0.000 0 0 -1 0 0 6
	 5700 750 5700 1350 6000 1650 6750 1350 6750 750 5700 750
-6
