>>writegraph3d planar <<
1 0 0 0 9 16 2
2 0 0 0 1 22 3
3 0 0 0 2 28 4
4 0 0 0 3 34 5
5 0 0 0 4 40 6
6 0 0 0 5 46 7
7 0 0 0 6 52 8
8 0 0 0 7 58 9
9 0 0 0 8 10 1
10 0 0 0 9 63 11
11 0 0 0 10 65 12
12 0 0 0 11 67 13
13 0 0 0 12 69 14
14 0 0 0 13 71 15
15 0 0 0 14 73 16
16 0 0 0 15 17 1
17 0 0 0 16 74 18
18 0 0 0 17 76 19
19 0 0 0 18 78 20
20 0 0 0 19 80 21
21 0 0 0 20 82 22
22 0 0 0 21 23 2
23 0 0 0 22 83 24
24 0 0 0 23 85 25
25 0 0 0 24 87 26
26 0 0 0 25 89 27
27 0 0 0 26 91 28
28 0 0 0 27 29 3
29 0 0 0 28 92 30
30 0 0 0 29 94 31
31 0 0 0 30 96 32
32 0 0 0 31 98 33
33 0 0 0 32 100 34
34 0 0 0 33 35 4
35 0 0 0 34 101 36
36 0 0 0 35 103 37
37 0 0 0 36 105 38
38 0 0 0 37 107 39
39 0 0 0 38 109 40
40 0 0 0 39 41 5
41 0 0 0 40 110 42
42 0 0 0 41 112 43
43 0 0 0 42 114 44
44 0 0 0 43 116 45
45 0 0 0 44 118 46
46 0 0 0 45 47 6
47 0 0 0 46 119 48
48 0 0 0 47 121 49
49 0 0 0 48 123 50
50 0 0 0 49 125 51
51 0 0 0 50 127 52
52 0 0 0 51 53 7
53 0 0 0 52 128 54
54 0 0 0 53 130 55
55 0 0 0 54 132 56
56 0 0 0 55 134 57
57 0 0 0 56 136 58
58 0 0 0 57 59 8
59 0 0 0 58 137 60
60 0 0 0 59 139 61
61 0 0 0 60 141 62
62 0 0 0 61 143 63
63 0 0 0 62 64 10
64 0 0 0 63 144 65
65 0 0 0 64 66 11
66 0 0 0 65 145 67
67 0 0 0 66 68 12
68 0 0 0 67 154 69
69 0 0 0 68 70 13
70 0 0 0 69 155 71
71 0 0 0 70 72 14
72 0 0 0 71 161 73
73 0 0 0 72 74 15
74 0 0 0 73 75 17
75 0 0 0 74 161 76
76 0 0 0 75 77 18
77 0 0 0 76 165 78
78 0 0 0 77 79 19
79 0 0 0 78 166 80
80 0 0 0 79 81 20
81 0 0 0 80 172 82
82 0 0 0 81 83 21
83 0 0 0 82 84 23
84 0 0 0 83 172 85
85 0 0 0 84 86 24
86 0 0 0 85 176 87
87 0 0 0 86 88 25
88 0 0 0 87 177 89
89 0 0 0 88 90 26
90 0 0 0 89 183 91
91 0 0 0 90 92 27
92 0 0 0 91 93 29
93 0 0 0 92 183 94
94 0 0 0 93 95 30
95 0 0 0 94 187 96
96 0 0 0 95 97 31
97 0 0 0 96 188 98
98 0 0 0 97 99 32
99 0 0 0 98 194 100
100 0 0 0 99 101 33
101 0 0 0 100 102 35
102 0 0 0 101 194 103
103 0 0 0 102 104 36
104 0 0 0 103 198 105
105 0 0 0 104 106 37
106 0 0 0 105 199 107
107 0 0 0 106 108 38
108 0 0 0 107 205 109
109 0 0 0 108 110 39
110 0 0 0 109 111 41
111 0 0 0 110 205 112
112 0 0 0 111 113 42
113 0 0 0 112 209 114
114 0 0 0 113 115 43
115 0 0 0 114 210 116
116 0 0 0 115 117 44
117 0 0 0 116 216 118
118 0 0 0 117 119 45
119 0 0 0 118 120 47
120 0 0 0 119 216 121
121 0 0 0 120 122 48
122 0 0 0 121 220 123
123 0 0 0 122 124 49
124 0 0 0 123 221 125
125 0 0 0 124 126 50
126 0 0 0 125 227 127
127 0 0 0 126 128 51
128 0 0 0 127 129 53
129 0 0 0 128 227 130
130 0 0 0 129 131 54
131 0 0 0 130 231 132
132 0 0 0 131 133 55
133 0 0 0 132 232 134
134 0 0 0 133 135 56
135 0 0 0 134 238 136
136 0 0 0 135 137 57
137 0 0 0 136 138 59
138 0 0 0 137 238 139
139 0 0 0 138 140 60
140 0 0 0 139 242 141
141 0 0 0 140 142 61
142 0 0 0 141 146 143
143 0 0 0 142 144 62
144 0 0 0 143 145 64
145 0 0 0 144 150 66
146 0 0 0 142 242 147
147 0 0 0 146 243 148
148 0 0 0 147 246 149
149 0 0 0 148 248 150
150 0 0 0 149 151 145
151 0 0 0 150 249 152
152 0 0 0 151 252 153
153 0 0 0 152 156 154
154 0 0 0 153 155 68
155 0 0 0 154 157 70
156 0 0 0 153 253 157
157 0 0 0 156 158 155
158 0 0 0 157 254 159
159 0 0 0 158 256 160
160 0 0 0 159 162 161
161 0 0 0 160 75 72
162 0 0 0 160 257 163
163 0 0 0 162 260 164
164 0 0 0 163 167 165
165 0 0 0 164 166 77
166 0 0 0 165 168 79
167 0 0 0 164 261 168
168 0 0 0 167 169 166
169 0 0 0 168 262 170
170 0 0 0 169 264 171
171 0 0 0 170 173 172
172 0 0 0 171 84 81
173 0 0 0 171 265 174
174 0 0 0 173 268 175
175 0 0 0 174 178 176
176 0 0 0 175 177 86
177 0 0 0 176 179 88
178 0 0 0 175 269 179
179 0 0 0 178 180 177
180 0 0 0 179 270 181
181 0 0 0 180 272 182
182 0 0 0 181 184 183
183 0 0 0 182 93 90
184 0 0 0 182 273 185
185 0 0 0 184 276 186
186 0 0 0 185 189 187
187 0 0 0 186 188 95
188 0 0 0 187 190 97
189 0 0 0 186 277 190
190 0 0 0 189 191 188
191 0 0 0 190 278 192
192 0 0 0 191 279 193
193 0 0 0 192 195 194
194 0 0 0 193 102 99
195 0 0 0 193 281 196
196 0 0 0 195 284 197
197 0 0 0 196 200 198
198 0 0 0 197 199 104
199 0 0 0 198 201 106
200 0 0 0 197 285 201
201 0 0 0 200 202 199
202 0 0 0 201 286 203
203 0 0 0 202 288 204
204 0 0 0 203 206 205
205 0 0 0 204 111 108
206 0 0 0 204 289 207
207 0 0 0 206 292 208
208 0 0 0 207 211 209
209 0 0 0 208 210 113
210 0 0 0 209 212 115
211 0 0 0 208 293 212
212 0 0 0 211 213 210
213 0 0 0 212 294 214
214 0 0 0 213 296 215
215 0 0 0 214 217 216
216 0 0 0 215 120 117
217 0 0 0 215 297 218
218 0 0 0 217 300 219
219 0 0 0 218 222 220
220 0 0 0 219 221 122
221 0 0 0 220 223 124
222 0 0 0 219 301 223
223 0 0 0 222 224 221
224 0 0 0 223 302 225
225 0 0 0 224 304 226
226 0 0 0 225 228 227
227 0 0 0 226 129 126
228 0 0 0 226 305 229
229 0 0 0 228 307 230
230 0 0 0 229 233 231
231 0 0 0 230 232 131
232 0 0 0 231 234 133
233 0 0 0 230 309 234
234 0 0 0 233 235 232
235 0 0 0 234 310 236
236 0 0 0 235 312 237
237 0 0 0 236 239 238
238 0 0 0 237 138 135
239 0 0 0 237 313 240
240 0 0 0 239 244 241
241 0 0 0 240 243 242
242 0 0 0 241 146 140
243 0 0 0 241 245 147
244 0 0 0 240 315 245
245 0 0 0 244 246 243
246 0 0 0 245 247 148
247 0 0 0 246 250 248
248 0 0 0 247 249 149
249 0 0 0 248 251 151
250 0 0 0 247 317 251
251 0 0 0 250 252 249
252 0 0 0 251 253 152
253 0 0 0 252 254 156
254 0 0 0 253 255 158
255 0 0 0 254 258 256
256 0 0 0 255 257 159
257 0 0 0 256 259 162
258 0 0 0 255 318 259
259 0 0 0 258 260 257
260 0 0 0 259 261 163
261 0 0 0 260 262 167
262 0 0 0 261 263 169
263 0 0 0 262 266 264
264 0 0 0 263 265 170
265 0 0 0 264 267 173
266 0 0 0 263 319 267
267 0 0 0 266 268 265
268 0 0 0 267 269 174
269 0 0 0 268 270 178
270 0 0 0 269 271 180
271 0 0 0 270 274 272
272 0 0 0 271 273 181
273 0 0 0 272 275 184
274 0 0 0 271 320 275
275 0 0 0 274 276 273
276 0 0 0 275 277 185
277 0 0 0 276 278 189
278 0 0 0 277 280 191
279 0 0 0 280 281 192
280 0 0 0 278 282 279
281 0 0 0 279 283 195
282 0 0 0 280 321 283
283 0 0 0 282 284 281
284 0 0 0 283 285 196
285 0 0 0 284 286 200
286 0 0 0 285 287 202
287 0 0 0 286 290 288
288 0 0 0 287 289 203
289 0 0 0 288 291 206
290 0 0 0 287 322 291
291 0 0 0 290 292 289
292 0 0 0 291 293 207
293 0 0 0 292 294 211
294 0 0 0 293 295 213
295 0 0 0 294 298 296
296 0 0 0 295 297 214
297 0 0 0 296 299 217
298 0 0 0 295 323 299
299 0 0 0 298 300 297
300 0 0 0 299 301 218
301 0 0 0 300 302 222
302 0 0 0 301 303 224
303 0 0 0 302 308 304
304 0 0 0 303 305 225
305 0 0 0 304 306 228
306 0 0 0 305 308 307
307 0 0 0 306 309 229
308 0 0 0 303 324 306
309 0 0 0 307 310 233
310 0 0 0 309 311 235
311 0 0 0 310 314 312
312 0 0 0 311 313 236
313 0 0 0 312 315 239
314 0 0 0 311 316 315
315 0 0 0 314 244 313
316 0 0 0 314 324 317
317 0 0 0 316 318 250
318 0 0 0 317 319 258
319 0 0 0 318 320 266
320 0 0 0 319 321 274
321 0 0 0 320 322 282
322 0 0 0 321 323 290
323 0 0 0 322 324 298
324 0 0 0 323 316 308
0
