return [[59,3,2],
[1,5,61],
[1,7,4],
[3,9,5],
[4,11,2],
[59,12,7],
[6,8,3],
[7,13,9],
[8,10,4],
[9,14,11],
[10,60,5],
[6,15,13],
[12,14,8],
[13,16,10],
[17,16,12],
[15,60,14],
[59,18,15],
[17,19,60],
[18,20,38],
[59,21,19],
[20,22,58],
[23,26,21],
[59,24,22],
[23,28,25],
[24,30,26],
[25,32,22],
[59,33,28],
[27,29,24],
[28,34,30],
[29,31,25],
[30,35,32],
[31,58,26],
[27,36,34],
[33,35,29],
[34,37,31],
[33,64,37],
[36,58,35],
[19,58,39],
[38,40,60],
[39,41,42],
[58,50,40],
[40,49,43],
[42,44,60],
[43,48,45],
[44,46,55],
[47,53,45],
[48,51,46],
[49,47,44],
[42,50,48],
[41,51,49],
[50,52,47],
[51,58,53],
[52,54,46],
[53,56,55],
[45,54,60],
[58,63,54],
[58,64,65],
[21,32,37,57,56,52,41,38],
[62,64,27,23,20,17,6,1],
[61,11,16,18,39,43,55,63],
[2,60,62],
[65,59,61],
[56,65,60],
[57,36,59],
[57,62,63]];

