return [[19,11,2],
[1,9,3],
[74,2,4],
[3,8,5],
[4,6,13],
[5,7,15],
[8,12,6],
[4,9,7],
[2,10,8],
[11,12,9],
[1,17,10],
[10,16,7],
[74,5,14],
[13,15,36],
[14,6,16],
[12,17,20,23,26,29,32,35,15],
[18,16,11],
[19,54,17],
[74,18,1],
[16,54,21],
[20,52,22],
[21,50,23],
[16,22,24],
[23,49,25],
[24,47,26],
[16,25,27],
[26,46,28],
[27,44,29],
[16,28,30],
[29,43,31],
[30,41,32],
[16,31,33],
[32,40,34],
[33,38,35],
[16,34,36],
[35,37,14],
[36,38,74],
[34,39,37],
[40,55,38],
[41,39,33],
[31,42,40],
[43,55,41],
[30,44,42],
[28,45,43],
[46,55,44],
[47,45,27],
[25,48,46],
[49,55,47],
[24,50,48],
[22,51,49],
[52,55,50],
[21,53,51],
[54,74,52],
[20,18,53],
[48,51,74,56,59,74,39,42,45],
[55,60,57],
[56,62,58],
[57,64,59],
[55,58,66],
[56,73,61],
[62,60,71],
[57,61,63],
[62,70,64],
[58,63,65],
[64,69,66],
[59,65,67],
[68,74,66],
[69,72,67],
[65,70,68],
[63,71,69],
[61,72,70],
[71,73,68],
[60,74,72],
[67,73,55,53,19,3,13,37,55]];
