return [[2,8,14],
[3,6,1],
[73,4,2],
[3,20,5],
[4,9,6],
[2,5,7],
[6,10,8],
[1,7,12],
[5,16,10],
[7,9,11],
[12,10,17],
[8,11,13],
[14,12,18],
[1,13,73],   
[74,39,71],
[9,20,17],
[11,16,18],
[13,17,19],
[73,18,20],
[19,16,4,72,68,58,54,50,40],
[26,22,25],
[21,73,23],
[22,38,24],
[25,23,36],   
[28,21,24],
[31,21,27],
[30,26,28],
[27,25,29],
[34,28,36],
[32,27,34],
[73,26,32],
[33,31,30],
[74,32,35],
[30,29,35],   
[33,34,39],
[29,24,39],
[73,49,38],
[37,39,23],
[36,38,48,52,55,62,70,15,35],
[20,42,41],
[40,44,73],
[40,45,43],
[42,47,44],
[41,43,49],   
[42,50,46],
[45,52,47],
[43,46,48],
[49,47,39],
[44,48,37],
[20,51,45],
[50,53,52],
[46,51,39],
[51,54,55],
[20,56,53],   
[53,57,39],
[54,59,57],
[56,61,55],
[20,63,59],
[58,60,56],
[59,64,61],
[60,62,57],
[61,65,39],
[58,66,64],
[63,65,60],   
[64,67,62],
[63,68,67],
[66,70,65],
[20,69,66],
[68,71,70],
[69,39,67],
[72,15,69],
[71,20,73],
[72,3,14,19,41,37,22,31,74],
[73,33,15]];
