return [[73,2,4],
[1,71,3],
[2,70,5],
[1,5,6],
[4,3,7],
[72,4,8],
[8,5,9],
[6,7,11],
[10,7,70],
[11,9,14],
[8,10,12],
[72,11,13],
[12,14,17],
[13,10,15],   
[16,14,70],
[17,15,20],
[13,16,18],
[72,17,19],
[18,20,23],
[19,16,21],
[20,70,22],
[23,21,26],
[19,22,24],
[72,23,25],   
[24,26,28],
[25,22,27],
[26,70,30],
[25,30,29],
[72,28,32],
[28,27,31],
[30,69,32],
[29,31,33],
[34,32,71],
[35,72,33],   
[36,34,42],
[37,35,40],
[38,72,36],
[47,37,39],
[38,40,45],
[39,36,41],
[43,40,42],
[41,35,71],
[44,45,41],
[48,43,71],   
[46,39,43],
[48,47,45],
[49,38,46],
[50,46,44],
[72,47,50],
[74,49,48],
[70,71,54],
[70,53,65],
[52,54,63],
[53,51,55],   
[54,56,57],
[55,71,59],
[63,55,58],
[57,59,61],
[58,56,60],
[59,68,62],
[64,58,62],
[61,60,66],
[53,57,64],
[65,63,61],
[52,64,66],
[65,62,67],
[70,66,68],
[60,71,67],
[70,71,31],   
[27,21,15,9,3,51,52,67,69],
[69,68,56,51,2,74,44,42,33],
[34,37,49,73,6,12,18,24,29],
[74,1,72],
[71,73,50]];
