return [[73,2,3],
[1,71,5],
[10,1,4],
[3,5,7],
[2,6,4],
[5,70,8],
[4,8,9],
[7,6,12],
[10,7,11],
[74,3,9],
[9,12,14],
[11,8,13],
[12,70,15],
[74,11,15],   
[14,13,16],
[15,17,20],
[16,70,18],
[19,17,24],
[20,18,22],
[74,16,19],
[74,22,27],
[19,23,21],
[22,24,26],
[18,25,23],   
[24,70,28],
[23,28,27],
[21,26,29],
[26,25,30],
[27,30,33],
[29,28,31],
[30,70,32],
[33,31,72],
[74,29,32],
[74,72,35],   
[36,34,42],
[37,35,40],
[74,36,38],
[37,39,48],
[38,40,46],
[39,36,41],
[40,42,45],
[41,35,43],
[42,72,44],
[45,43,50],   
[46,41,44],
[39,45,47],
[48,46,50],
[38,47,49],
[74,48,51],
[47,44,51],
[72,49,50],
[72,70,53],
[52,56,54],
[55,53,59],   
[72,54,60],
[53,57,58],
[56,70,64],
[56,63,59],
[54,58,61],
[55,61,67],
[59,62,60],
[61,63,66],
[58,64,62],
[57,65,63],   
[64,69,66],
[62,65,67],
[60,66,68],
[67,69,72],
[65,70,68],
[57,52,31,25,17,13,6,71,69],
[70,2,72],
[71,73,51,43,34,32,52,55,68],
[72,1,74],
[73,10,14,20,21,33,34,37,49]];