return [[66,3,2],
[67,1,5],
[1,6,4],
[3,8,5],
[2,4,10],
[3,11,7],
[8,6,12],
[4,7,9],
[8,13,10],
[5,9,17],
[6,66,14],
[7,14,13],
[9,12,16],
[12,11,15],
[14,18,16],
[13,15,17],   
[10,16,67],
[15,66,67],
[63,64,20],
[21,19,22],
[66,20,23],
[20,35,24],
[21,24,25],
[23,22,27],
[28,23,26],
[25,27,30],   
[26,24,32],
[66,25,29],
[28,30,33],
[29,26,31],
[30,32,34],
[31,27,35],
[29,34,36],
[33,31,37],
[41,37,32,22,64,65,61,52,46],
[66,33,38],   
[38,34,35],
[36,37,39],
[40,38,41],
[42,66,39],
[39,35,43],
[67,40,43],
[42,41,45],
[67,45,47],
[44,43,46],
[45,35,48],   
[44,48,49],
[47,46,51],
[47,50,53],
[49,51,55],
[50,48,52],
[51,35,56],
[67,49,54],
[53,55,57],
[50,56,54],
[55,52,58],   
[54,58,59],
[57,56,61],
[67,57,60],
[59,61,62],
[60,58,35],
[68,60,65],
[66,70,19],
[35,19,71],
[35,72,62],
[69,63,21,28,36,40,18,11,1],   
[68,69,2,17,18,42,44,53,59],
[73,67,62],
[74,66,67],
[63,74,71],
[64,70,72],
[65,71,73],
[74,68,72],
[70,69,73]];