>>writegraph3d planar <<
1 0 0 0 3 38 37 4 2
2 0 0 0 1 4 5 53 3
3 0 0 0 2 53 54 38 1
4 0 0 0 1 7 6 5 2
5 0 0 0 4 6 8 13 2
6 0 0 0 4 7 9 8 5
7 0 0 0 4 10 11 9 6
8 0 0 0 6 9 12 13 5
9 0 0 0 7 11 12 8 6
10 0 0 0 7 16 15 14 11
11 0 0 0 10 14 12 9 7
12 0 0 0 11 14 13 8 9
13 0 0 0 12 14 15 5 8
14 0 0 0 10 15 13 12 11
15 0 0 0 10 16 17 13 14
16 0 0 0 10 18 19 17 15
17 0 0 0 16 19 20 21 15
18 0 0 0 16 25 24 23 19
19 0 0 0 18 23 20 17 16
20 0 0 0 19 23 22 21 17
21 0 0 0 20 22 40 41 17
22 0 0 0 20 23 24 40 21
23 0 0 0 18 24 22 20 19
24 0 0 0 18 25 26 22 23
25 0 0 0 18 28 27 26 24
26 0 0 0 25 27 30 34 24
27 0 0 0 25 28 29 30 26
28 0 0 0 25 31 32 29 27
29 0 0 0 28 32 33 30 27
30 0 0 0 29 33 34 26 27
31 0 0 0 28 37 36 35 32
32 0 0 0 31 35 33 29 28
33 0 0 0 32 35 34 30 29
34 0 0 0 33 35 36 26 30
35 0 0 0 31 36 34 33 32
36 0 0 0 31 37 39 34 35
37 0 0 0 31 1 38 39 36
38 0 0 0 37 1 3 54 39
39 0 0 0 38 54 52 36 37
40 0 0 0 22 43 42 41 21
41 0 0 0 40 42 45 48 21
42 0 0 0 40 43 44 45 41
43 0 0 0 40 49 46 44 42
44 0 0 0 43 46 47 45 42
45 0 0 0 44 47 48 41 42
46 0 0 0 43 49 50 47 44
47 0 0 0 46 50 48 45 44
48 0 0 0 47 50 51 41 45
49 0 0 0 43 52 51 50 46
50 0 0 0 49 51 48 47 46
51 0 0 0 49 52 53 48 50
52 0 0 0 49 39 54 53 51
53 0 0 0 52 54 3 2 51
54 0 0 0 52 39 38 3 53
0
