>>writegraph3d planar <<
1 0 0 0 3 2 5 8 7
2 0 0 0 1 3 4 6 5
3 0 0 0 2 1 35 48 4
4 0 0 0 2 3 48 10 6
5 0 0 0 1 2 6 9 8
6 0 0 0 5 2 4 10 9
7 0 0 0 1 8 11 13 12
8 0 0 0 7 1 5 9 11
9 0 0 0 8 5 6 10 11
10 0 0 0 9 6 4 13 11
11 0 0 0 7 8 9 10 13
12 0 0 0 7 13 14 16 15
13 0 0 0 12 7 11 10 14
14 0 0 0 12 13 19 17 16
15 0 0 0 12 16 18 20 23
16 0 0 0 15 12 14 17 18
17 0 0 0 16 14 19 21 18
18 0 0 0 15 16 17 21 20
19 0 0 0 17 14 36 22 21
20 0 0 0 15 18 21 22 23
21 0 0 0 18 17 19 22 20
22 0 0 0 21 19 24 23 20
23 0 0 0 15 20 22 24 25
24 0 0 0 23 22 29 26 25
25 0 0 0 23 24 26 27 30
26 0 0 0 25 24 29 28 27
27 0 0 0 25 26 28 31 30
28 0 0 0 27 26 29 32 31
29 0 0 0 26 24 33 32 28
30 0 0 0 25 27 31 34 35
31 0 0 0 30 27 28 32 34
32 0 0 0 28 29 33 34 31
33 0 0 0 32 29 48 35 34
34 0 0 0 30 31 32 33 35
35 0 0 0 30 34 33 48 3
36 0 0 0 38 37 19 40 39
37 0 0 0 36 38 41 44 47
38 0 0 0 37 36 39 42 41
39 0 0 0 38 36 40 43 42
40 0 0 0 39 36 47 46 43
41 0 0 0 37 38 42 45 44
42 0 0 0 41 38 39 43 45
43 0 0 0 42 39 40 46 45
44 0 0 0 37 41 45 46 47
45 0 0 0 41 42 43 46 44
46 0 0 0 43 40 47 44 45
47 0 0 0 46 40 48 37 44
48 0 0 0 4 3 35 33 47
0
