>>writegraph3d planar <<
1 0 0 0 3 2 5 7 10
2 0 0 0 1 3 4 6 5
3 0 0 0 2 1 36 48 4
4 0 0 0 2 3 12 9 6
5 0 0 0 1 2 6 8 7
6 0 0 0 5 2 4 9 8
7 0 0 0 1 5 8 11 10
8 0 0 0 7 5 6 9 11
9 0 0 0 8 6 4 12 11
10 0 0 0 1 7 11 12 13
11 0 0 0 10 7 8 9 12
12 0 0 0 10 11 9 4 13
13 0 0 0 10 12 16 15 14
14 0 0 0 13 15 17 19 22
15 0 0 0 14 13 16 18 17
16 0 0 0 15 13 24 21 18
17 0 0 0 14 15 18 20 19
18 0 0 0 17 15 16 21 20
19 0 0 0 14 17 20 23 22
20 0 0 0 19 17 18 21 23
21 0 0 0 20 18 16 24 23
22 0 0 0 14 19 23 24 27
23 0 0 0 19 20 21 24 22
24 0 0 0 21 16 39 22 23
25 0 0 0 27 26 30 34 36
26 0 0 0 25 27 28 31 30
27 0 0 0 26 25 22 29 28
28 0 0 0 26 27 29 32 31
29 0 0 0 28 27 36 35 32
30 0 0 0 25 26 31 33 34
31 0 0 0 30 26 28 32 33
32 0 0 0 31 28 29 35 33
33 0 0 0 30 31 32 35 34
34 0 0 0 25 30 33 35 36
35 0 0 0 33 32 29 36 34
36 0 0 0 25 34 35 29 3
37 0 0 0 39 38 42 45 48
38 0 0 0 37 39 40 43 42
39 0 0 0 38 37 24 41 40
40 0 0 0 38 39 41 44 43
41 0 0 0 40 39 48 47 44
42 0 0 0 37 38 43 46 45
43 0 0 0 42 38 40 44 46
44 0 0 0 43 40 41 47 46
45 0 0 0 37 42 46 47 48
46 0 0 0 45 42 43 44 47
47 0 0 0 46 44 41 48 45
48 0 0 0 37 45 47 41 3
0
