>>writegraph3d planar <<
1 0 0 0 3 4 29 28 2
2 0 0 0 1 7 8 5 3
3 0 0 0 2 5 6 4 1
4 0 0 0 3 6 10 29 1
5 0 0 0 2 8 9 6 3
6 0 0 0 5 9 10 4 3
7 0 0 0 2 12 13 11 8
8 0 0 0 7 11 9 5 2
9 0 0 0 8 11 10 6 5
10 0 0 0 9 11 13 4 6
11 0 0 0 7 13 10 9 8
12 0 0 0 7 16 14 15 13
13 0 0 0 12 15 10 11 7
14 0 0 0 12 16 17 18 15
15 0 0 0 14 18 22 13 12
16 0 0 0 12 19 20 17 14
17 0 0 0 16 20 21 18 14
18 0 0 0 17 21 22 15 14
19 0 0 0 16 31 26 23 20
20 0 0 0 19 23 21 17 16
21 0 0 0 20 23 22 18 17
22 0 0 0 21 23 24 15 18
23 0 0 0 19 24 22 21 20
24 0 0 0 23 25 42 40 22
25 0 0 0 30 48 45 42 24
26 0 0 0 19 31 32 33 27
27 0 0 0 26 33 36 39 28
28 0 0 0 27 39 37 1 29
29 0 0 0 28 1 4 41 30
30 0 0 0 29 41 47 48 25
31 0 0 0 19 37 34 32 26
32 0 0 0 31 34 35 33 26
33 0 0 0 32 35 36 27 26
34 0 0 0 31 37 38 35 32
35 0 0 0 34 38 36 33 32
36 0 0 0 35 38 39 27 33
37 0 0 0 31 28 39 38 34
38 0 0 0 37 39 36 35 34
39 0 0 0 37 28 27 36 38
40 0 0 0 24 42 43 44 41
41 0 0 0 40 44 47 30 29
42 0 0 0 24 25 45 43 40
43 0 0 0 42 45 46 44 40
44 0 0 0 43 46 47 41 40
45 0 0 0 25 48 46 43 42
46 0 0 0 45 48 47 44 43
47 0 0 0 46 48 30 41 44
48 0 0 0 45 25 30 47 46
0
