>>writegraph3d planar <<
1 0 0 0 3 36 34 4 2
2 0 0 0 1 4 5 6 3
3 0 0 0 2 6 7 36 1
4 0 0 0 1 37 38 5 2
5 0 0 0 4 9 8 6 2
6 0 0 0 2 5 8 7 3
7 0 0 0 6 8 10 11 3
8 0 0 0 5 9 10 7 6
9 0 0 0 5 13 12 10 8
10 0 0 0 9 12 11 7 8
11 0 0 0 10 12 14 15 7
12 0 0 0 10 9 13 14 11
13 0 0 0 9 17 16 14 12
14 0 0 0 13 16 15 11 12
15 0 0 0 14 16 18 19 11
16 0 0 0 14 13 17 18 15
17 0 0 0 13 21 20 18 16
18 0 0 0 17 20 19 15 16
19 0 0 0 18 20 22 23 15
20 0 0 0 18 17 21 22 19
21 0 0 0 17 48 24 22 20
22 0 0 0 20 21 24 23 19
23 0 0 0 22 24 25 26 19
24 0 0 0 21 48 25 23 22
25 0 0 0 24 32 27 26 23
26 0 0 0 25 27 28 29 23
27 0 0 0 25 32 31 28 26
28 0 0 0 27 31 30 29 26
29 0 0 0 28 30 35 36 26
30 0 0 0 28 31 33 35 29
31 0 0 0 28 27 32 33 30
32 0 0 0 27 25 34 33 31
33 0 0 0 32 34 35 30 31
34 0 0 0 32 1 36 35 33
35 0 0 0 33 34 36 29 30
36 0 0 0 35 34 1 3 29
37 0 0 0 4 43 42 41 38
38 0 0 0 37 41 39 40 4
39 0 0 0 38 41 44 47 40
40 0 0 0 39 47 46 48 38
41 0 0 0 38 37 42 44 39
42 0 0 0 37 43 45 44 41
43 0 0 0 37 48 46 45 42
44 0 0 0 42 45 47 39 41
45 0 0 0 42 43 46 47 44
46 0 0 0 43 48 40 47 45
47 0 0 0 45 46 40 39 44
48 0 0 0 46 43 24 21 40
0
