>>writegraph3d planar <<
1 0 0 0 3 4 7 8 2
2 0 0 0 1 8 10 11 3
3 0 0 0 2 11 5 4 1
4 0 0 0 3 5 6 7 1
5 0 0 0 3 14 17 6 4
6 0 0 0 5 15 9 7 4
7 0 0 0 6 9 8 1 4
8 0 0 0 7 9 10 2 1
9 0 0 0 6 15 10 8 7
10 0 0 0 9 15 11 2 8
11 0 0 0 10 15 16 3 2
12 0 0 0 14 32 31 30 13
13 0 0 0 12 38 48 17 14
14 0 0 0 13 17 5 32 12
15 0 0 0 6 16 11 10 9
16 0 0 0 15 21 39 33 11
17 0 0 0 5 14 13 48 18
18 0 0 0 17 48 47 45 19
19 0 0 0 18 45 44 43 20
20 0 0 0 19 43 36 42 21
21 0 0 0 20 42 40 39 16
22 0 0 0 24 28 32 25 23
23 0 0 0 22 25 26 27 24
24 0 0 0 23 27 29 28 22
25 0 0 0 22 33 34 26 23
26 0 0 0 25 34 30 27 23
27 0 0 0 26 30 29 24 23
28 0 0 0 24 29 31 32 22
29 0 0 0 24 27 30 31 28
30 0 0 0 27 26 12 31 29
31 0 0 0 29 30 12 32 28
32 0 0 0 28 31 12 14 22
33 0 0 0 25 16 39 41 34
34 0 0 0 33 41 35 26 25
35 0 0 0 34 41 40 42 36
36 0 0 0 35 42 20 43 37
37 0 0 0 36 43 44 46 38
38 0 0 0 37 46 47 48 13
39 0 0 0 21 40 41 33 16
40 0 0 0 21 42 35 41 39
41 0 0 0 40 35 34 33 39
42 0 0 0 21 20 36 35 40
43 0 0 0 20 19 44 37 36
44 0 0 0 19 45 46 37 43
45 0 0 0 18 47 46 44 19
46 0 0 0 45 47 38 37 44
47 0 0 0 18 48 38 46 45
48 0 0 0 18 17 13 38 47
0
