>>writegraph3d planar <<
1 0 0 0 3 10 7 5 2
2 0 0 0 1 5 6 4 3
3 0 0 0 2 4 47 46 1
4 0 0 0 2 6 9 12 3
5 0 0 0 1 7 8 6 2
6 0 0 0 5 8 9 4 2
7 0 0 0 1 10 11 8 5
8 0 0 0 7 11 9 6 5
9 0 0 0 8 11 12 4 6
10 0 0 0 1 13 12 11 7
11 0 0 0 7 10 12 9 8
12 0 0 0 10 13 4 9 11
13 0 0 0 10 33 34 35 12
14 0 0 0 16 46 48 28 15
15 0 0 0 14 28 19 17 16
16 0 0 0 15 17 18 46 14
17 0 0 0 15 19 20 18 16
18 0 0 0 17 20 21 23 16
19 0 0 0 15 25 22 20 17
20 0 0 0 17 19 22 21 18
21 0 0 0 20 22 24 23 18
22 0 0 0 20 19 25 24 21
23 0 0 0 21 24 26 33 18
24 0 0 0 21 22 25 26 23
25 0 0 0 22 19 27 26 24
26 0 0 0 24 25 27 33 23
27 0 0 0 32 34 33 26 25
28 0 0 0 15 14 48 45 29
29 0 0 0 28 45 44 43 30
30 0 0 0 29 43 42 40 31
31 0 0 0 30 40 38 36 32
32 0 0 0 31 36 35 34 27
33 0 0 0 26 27 34 13 23
34 0 0 0 27 32 35 13 33
35 0 0 0 34 32 36 37 13
36 0 0 0 35 32 31 38 37
37 0 0 0 36 38 39 41 35
38 0 0 0 36 31 40 39 37
39 0 0 0 38 40 42 41 37
40 0 0 0 38 31 30 42 39
41 0 0 0 39 42 43 44 37
42 0 0 0 39 40 30 43 41
43 0 0 0 42 30 29 44 41
44 0 0 0 43 29 45 47 41
45 0 0 0 29 28 48 47 44
46 0 0 0 16 3 47 48 14
47 0 0 0 44 45 48 46 3
48 0 0 0 46 47 45 28 14
0
