>>writegraph3d planar <<
1 0 0 0 3 36 48 4 2
2 0 0 0 1 4 6 5 3
3 0 0 0 2 5 9 36 1
4 0 0 0 1 48 7 6 2
5 0 0 0 2 6 8 9 3
6 0 0 0 2 4 7 8 5
7 0 0 0 4 11 10 8 6
8 0 0 0 6 7 10 9 5
9 0 0 0 8 10 12 3 5
10 0 0 0 8 7 11 12 9
11 0 0 0 7 14 13 12 10
12 0 0 0 10 11 13 16 9
13 0 0 0 11 14 15 16 12
14 0 0 0 11 20 19 15 13
15 0 0 0 14 19 17 16 13
16 0 0 0 15 17 18 12 13
17 0 0 0 16 15 19 21 18
18 0 0 0 17 21 22 24 16
19 0 0 0 15 14 20 21 17
20 0 0 0 14 23 22 21 19
21 0 0 0 19 20 22 18 17
22 0 0 0 21 20 23 24 18
23 0 0 0 20 37 38 24 22
24 0 0 0 23 25 26 18 22
25 0 0 0 24 33 32 27 26
26 0 0 0 25 27 28 29 24
27 0 0 0 25 32 31 28 26
28 0 0 0 27 31 30 29 26
29 0 0 0 28 30 35 36 26
30 0 0 0 28 31 34 35 29
31 0 0 0 28 27 32 34 30
32 0 0 0 27 25 33 34 31
33 0 0 0 25 36 35 34 32
34 0 0 0 33 35 30 31 32
35 0 0 0 34 33 36 29 30
36 0 0 0 35 33 1 3 29
37 0 0 0 23 43 42 39 38
38 0 0 0 37 39 40 41 23
39 0 0 0 37 42 44 40 38
40 0 0 0 39 44 45 41 38
41 0 0 0 40 45 47 48 38
42 0 0 0 37 43 46 44 39
43 0 0 0 37 48 47 46 42
44 0 0 0 42 46 45 40 39
45 0 0 0 40 44 46 47 41
46 0 0 0 44 42 43 47 45
47 0 0 0 43 48 41 45 46
48 0 0 0 47 43 4 1 41
0
