>>writegraph3d planar <<
1 0 0 0 10 2 13
2 0 0 0 3 11 1
3 0 0 0 16 2 4
4 0 0 0 3 5 20
5 0 0 0 4 6 24
6 0 0 0 5 7 28
7 0 0 0 6 8 27
8 0 0 0 7 9 23
9 0 0 0 8 10 19
10 0 0 0 9 1 15
11 0 0 0 17 12 2
12 0 0 0 123 13 11
13 0 0 0 12 14 1
14 0 0 0 57 15 13
15 0 0 0 14 18 10
16 0 0 0 17 3 21
17 0 0 0 130 11 16
18 0 0 0 51 19 15
19 0 0 0 18 22 9
20 0 0 0 25 21 4
21 0 0 0 20 70 16
22 0 0 0 31 23 19
23 0 0 0 22 26 8
24 0 0 0 29 25 5
25 0 0 0 24 69 20
26 0 0 0 32 27 23
27 0 0 0 26 30 7
28 0 0 0 30 29 6
29 0 0 0 39 24 28
30 0 0 0 27 38 28
31 0 0 0 32 22 40
32 0 0 0 33 26 31
33 0 0 0 34 32 41
34 0 0 0 35 33 43
35 0 0 0 36 34 45
36 0 0 0 37 35 47
37 0 0 0 38 36 49
38 0 0 0 30 37 39
39 0 0 0 50 29 38
40 0 0 0 31 55 41
41 0 0 0 42 33 40
42 0 0 0 56 43 41
43 0 0 0 42 44 34
44 0 0 0 83 45 43
45 0 0 0 44 46 35
46 0 0 0 84 47 45
47 0 0 0 46 48 36
48 0 0 0 47 71 49
49 0 0 0 48 50 37
50 0 0 0 65 39 49
51 0 0 0 52 18 57
52 0 0 0 53 51 62
53 0 0 0 54 52 60
54 0 0 0 55 53 58
55 0 0 0 40 54 56
56 0 0 0 59 42 55
57 0 0 0 51 14 64
58 0 0 0 61 59 54
59 0 0 0 79 56 58
60 0 0 0 63 61 53
61 0 0 0 60 85 58
62 0 0 0 63 52 64
63 0 0 0 101 60 62
64 0 0 0 57 107 62
65 0 0 0 66 50 71
66 0 0 0 67 65 76
67 0 0 0 68 66 74
68 0 0 0 69 67 72
69 0 0 0 25 68 70
70 0 0 0 69 73 21
71 0 0 0 48 78 65
72 0 0 0 75 73 68
73 0 0 0 72 131 70
74 0 0 0 77 75 67
75 0 0 0 128 72 74
76 0 0 0 78 77 66
77 0 0 0 76 96 74
78 0 0 0 71 95 76
79 0 0 0 80 59 85
80 0 0 0 81 79 90
81 0 0 0 82 80 88
82 0 0 0 83 81 86
83 0 0 0 84 44 82
84 0 0 0 87 46 83
85 0 0 0 61 92 79
86 0 0 0 89 87 82
87 0 0 0 93 84 86
88 0 0 0 91 89 81
89 0 0 0 88 97 86
90 0 0 0 91 80 92
91 0 0 0 106 88 90
92 0 0 0 85 105 90
93 0 0 0 94 87 97
94 0 0 0 95 93 98
95 0 0 0 78 94 96
96 0 0 0 95 99 77
97 0 0 0 89 100 93
98 0 0 0 100 99 94
99 0 0 0 98 118 96
100 0 0 0 117 98 97
101 0 0 0 102 63 107
102 0 0 0 103 101 112
103 0 0 0 104 102 110
104 0 0 0 105 103 108
105 0 0 0 92 104 106
106 0 0 0 109 91 105
107 0 0 0 64 114 101
108 0 0 0 109 104 111
109 0 0 0 115 106 108
110 0 0 0 113 111 103
111 0 0 0 110 119 108
112 0 0 0 113 102 114
113 0 0 0 129 110 112
114 0 0 0 107 125 112
115 0 0 0 116 109 119
116 0 0 0 120 117 115
117 0 0 0 116 118 100
118 0 0 0 117 121 99
119 0 0 0 111 122 115
120 0 0 0 121 116 122
121 0 0 0 118 120 126
122 0 0 0 119 132 120
123 0 0 0 124 12 130
124 0 0 0 125 123 133
125 0 0 0 114 124 129
126 0 0 0 121 132 127
127 0 0 0 138 128 126
128 0 0 0 127 131 75
129 0 0 0 134 113 125
130 0 0 0 123 17 137
131 0 0 0 128 140 73
132 0 0 0 122 136 126
133 0 0 0 137 134 124
134 0 0 0 135 129 133
135 0 0 0 139 136 134
136 0 0 0 135 138 132
137 0 0 0 139 133 130
138 0 0 0 136 140 127
139 0 0 0 140 135 137
140 0 0 0 138 139 131
0
