>>writegraph3d planar <<
1 0 0 0 11 2 14
2 0 0 0 3 12 1
3 0 0 0 17 2 4
4 0 0 0 3 5 21
5 0 0 0 4 6
6 0 0 0 5 7 28
7 0 0 0 6 8 31
8 0 0 0 7 9 27
9 0 0 0 8 10 24
10 0 0 0 9 11 20
11 0 0 0 10 1 16
12 0 0 0 18 13 2
13 0 0 0 70 14 12
14 0 0 0 13 15 1
15 0 0 0 14 55 16
16 0 0 0 15 19 11
17 0 0 0 18 3 22
18 0 0 0 76 12 17
19 0 0 0 16 44 20
20 0 0 0 19 23 10
21 0 0 0 25 22 4
22 0 0 0 21 83 17
23 0 0 0 36 24 20
24 0 0 0 23 26 9
25 0 0 0 61 21
26 0 0 0 24 33 27
27 0 0 0 26 30 8
28 0 0 0 32 29 6
29 0 0 0 28 60
30 0 0 0 34 31 27
31 0 0 0 30 32 7
32 0 0 0 35 28 31
33 0 0 0 26 42 34
34 0 0 0 35 30 33
35 0 0 0 43 32 34
36 0 0 0 44 37 23
37 0 0 0 36 53 38
38 0 0 0 39 37 51
39 0 0 0 40 38 49
40 0 0 0 41 39 47
41 0 0 0 42 40 45
42 0 0 0 33 41 43
43 0 0 0 46 35 42
44 0 0 0 55 36 19
45 0 0 0 48 46 41
46 0 0 0 56 43 45
47 0 0 0 50 48 40
48 0 0 0 47 62 45
49 0 0 0 52 50 39
50 0 0 0 49 69 47
51 0 0 0 52 38 54
52 0 0 0 75 49 51
53 0 0 0 55 54 37
54 0 0 0 53 74 51
55 0 0 0 15 53 44
56 0 0 0 57 46 62
57 0 0 0 58 56 67
58 0 0 0 59 57 65
59 0 0 0 60 58 63
60 0 0 0 29 59 61
61 0 0 0 64 25 60
62 0 0 0 48 69 56
63 0 0 0 59 66 64
64 0 0 0 84 61 63
65 0 0 0 58 68 66
66 0 0 0 63 65 88
67 0 0 0 68 57 69
68 0 0 0 65 67 91
69 0 0 0 50 67 62
70 0 0 0 71 13 76
71 0 0 0 72 70 81
72 0 0 0 73 71 79
73 0 0 0 74 72 77
74 0 0 0 54 73 75
75 0 0 0 78 52 74
76 0 0 0 70 18 83
77 0 0 0 80 78 73
78 0 0 0 90 75 77
79 0 0 0 82 80 72
80 0 0 0 79 87 77
81 0 0 0 83 82 71
82 0 0 0 81 86 79
83 0 0 0 22 81 76
84 0 0 0 88 85 64
85 0 0 0 84 89 86
86 0 0 0 82 85 87
87 0 0 0 80 86 90
88 0 0 0 91 84 66
89 0 0 0 85 91 90
90 0 0 0 89 78 87
91 0 0 0 89 88 68
0
