>>writegraph3d planar <<
1 0 0 0 11 2 14
2 0 0 0 3 12 1
3 0 0 0 17 2 4
4 0 0 0 3 5 21
5 0 0 0 4 6 25
6 0 0 0 5 7 28
7 0 0 0 6 8 31
8 0 0 0 7 9
9 0 0 0 8 10 24
10 0 0 0 9 11 20
11 0 0 0 10 1 16
12 0 0 0 18 13 2
13 0 0 0 114 14 12
14 0 0 0 13 15 1
15 0 0 0 107 16 14
16 0 0 0 15 19 11
17 0 0 0 18 3 22
18 0 0 0 123 12 17
19 0 0 0 63 20 16
20 0 0 0 19 23 10
21 0 0 0 26 22 4
22 0 0 0 21 79 17
23 0 0 0 56 24 20
24 0 0 0 23 27 9
25 0 0 0 29 26 5
26 0 0 0 25 78 21
27 0 0 0 33 24
28 0 0 0 32 29 6
29 0 0 0 42 25 28
30 0 0 0 34 31
31 0 0 0 30 32 7
32 0 0 0 31 41 28
33 0 0 0 34 27 43
34 0 0 0 35 30 33
35 0 0 0 36 34 44
36 0 0 0 37 35 46
37 0 0 0 38 36 48
38 0 0 0 39 37 50
39 0 0 0 40 38 52
40 0 0 0 41 39 54
41 0 0 0 32 40 42
42 0 0 0 55 29 41
43 0 0 0 33 61 44
44 0 0 0 45 35 43
45 0 0 0 62 46 44
46 0 0 0 45 47 36
47 0 0 0 46 95 48
48 0 0 0 47 49 37
49 0 0 0 96 50 48
50 0 0 0 49 51 38
51 0 0 0 50 89 52
52 0 0 0 51 53 39
53 0 0 0 52 80 54
54 0 0 0 53 55 40
55 0 0 0 73 42 54
56 0 0 0 57 23 63
57 0 0 0 58 56 70
58 0 0 0 59 57 68
59 0 0 0 60 58 66
60 0 0 0 61 59 64
61 0 0 0 43 60 62
62 0 0 0 65 45 61
63 0 0 0 56 19 72
64 0 0 0 67 65 60
65 0 0 0 90 62 64
66 0 0 0 69 67 59
67 0 0 0 66 97 64
68 0 0 0 71 69 58
69 0 0 0 68 106 66
70 0 0 0 71 57 72
71 0 0 0 113 68 70
72 0 0 0 63 112 70
73 0 0 0 74 55 80
74 0 0 0 75 73 87
75 0 0 0 76 74 85
76 0 0 0 77 75 83
77 0 0 0 78 76 81
78 0 0 0 26 77 79
79 0 0 0 78 82 22
80 0 0 0 53 89 73
81 0 0 0 84 82 77
82 0 0 0 81 124 79
83 0 0 0 86 84 76
84 0 0 0 128 81 83
85 0 0 0 75 88 86
86 0 0 0 149 83 85
87 0 0 0 88 74 89
88 0 0 0 85 87 154
89 0 0 0 51 87 80
90 0 0 0 91 65 97
91 0 0 0 92 90 104
92 0 0 0 93 91 102
93 0 0 0 100 94 92
94 0 0 0 93 98 95
95 0 0 0 47 94 96
96 0 0 0 99 49 95
97 0 0 0 67 106 90
98 0 0 0 94 101 99
99 0 0 0 163 96 98
100 0 0 0 103 101 93
101 0 0 0 100 162 98
102 0 0 0 103 92 105
103 0 0 0 161 100 102
104 0 0 0 106 105 91
105 0 0 0 104 160 102
106 0 0 0 69 104 97
107 0 0 0 108 15 114
108 0 0 0 109 107 121
109 0 0 0 110 108 119
110 0 0 0 111 109 117
111 0 0 0 112 110 115
112 0 0 0 72 111 113
113 0 0 0 116 71 112
114 0 0 0 107 13 123
115 0 0 0 118 116 111
116 0 0 0 138 113 115
117 0 0 0 120 118 110
118 0 0 0 117 137 115
119 0 0 0 122 120 109
120 0 0 0 127 117 119
121 0 0 0 122 108 123
122 0 0 0 126 119 121
123 0 0 0 114 18 121
124 0 0 0 128 125 82
125 0 0 0 129 126 124
126 0 0 0 125 127 122
127 0 0 0 126 130 120
128 0 0 0 131 124 84
129 0 0 0 130 125 131
130 0 0 0 127 129 132
131 0 0 0 129 128 139
132 0 0 0 133 130 139
133 0 0 0 134 132 146
134 0 0 0 135 133 144
135 0 0 0 136 134 142
136 0 0 0 137 135 140
137 0 0 0 118 136 138
138 0 0 0 141 116 137
139 0 0 0 148 132 131
140 0 0 0 143 141 136
141 0 0 0 160 138 140
142 0 0 0 145 143 135
143 0 0 0 142 161 140
144 0 0 0 147 145 134
145 0 0 0 156 142 144
146 0 0 0 148 147 133
147 0 0 0 146 153 144
148 0 0 0 152 146 139
149 0 0 0 150 86 154
150 0 0 0 157 151 149
151 0 0 0 155 152 150
152 0 0 0 151 153 148
153 0 0 0 152 156 147
154 0 0 0 88 159 149
155 0 0 0 158 156 151
156 0 0 0 155 145 153
157 0 0 0 158 150 159
158 0 0 0 162 155 157
159 0 0 0 154 163 157
160 0 0 0 105 141 161
161 0 0 0 143 103 160
162 0 0 0 101 158 163
163 0 0 0 159 99 162
0
