>>writegraph3d planar <<
1 0 0 0 11 2 14
2 0 0 0 3 12 1
3 0 0 0 17 2 4
4 0 0 0 3 5 21
5 0 0 0 4 6 25
6 0 0 0 5 7 29
7 0 0 0 6 8 32
8 0 0 0 7 9 28
9 0 0 0 8 10 24
10 0 0 0 9 11 20
11 0 0 0 10 1 16
12 0 0 0 18 13 2
13 0 0 0 115 14 12
14 0 0 0 13 15 1
15 0 0 0 108 16 14
16 0 0 0 15 19 11
17 0 0 0 18 3 22
18 0 0 0 124 12 17
19 0 0 0 64 20 16
20 0 0 0 19 23 10
21 0 0 0 26 22 4
22 0 0 0 21 80 17
23 0 0 0 57 24 20
24 0 0 0 23 27 9
25 0 0 0 30 26 5
26 0 0 0 25 79 21
27 0 0 0 34 28 24
28 0 0 0 27 31 8
29 0 0 0 33 30 6
30 0 0 0 43 25 29
31 0 0 0 35 32 28
32 0 0 0 31 33 7
33 0 0 0 32 42 29
34 0 0 0 35 27 44
35 0 0 0 36 31 34
36 0 0 0 37 35 45
37 0 0 0 38 36 47
38 0 0 0 39 37 49
39 0 0 0 40 38 51
40 0 0 0 41 39 53
41 0 0 0 42 40 55
42 0 0 0 33 41 43
43 0 0 0 56 30 42
44 0 0 0 34 62 45
45 0 0 0 46 36 44
46 0 0 0 63 47 45
47 0 0 0 46 48 37
48 0 0 0 47 96 49
49 0 0 0 48 50 38
50 0 0 0 97 51 49
51 0 0 0 50 52 39
52 0 0 0 51 90 53
53 0 0 0 52 54 40
54 0 0 0 53 81 55
55 0 0 0 54 56 41
56 0 0 0 74 43 55
57 0 0 0 58 23 64
58 0 0 0 59 57 71
59 0 0 0 60 58 69
60 0 0 0 61 59 67
61 0 0 0 62 60 65
62 0 0 0 44 61 63
63 0 0 0 66 46 62
64 0 0 0 57 19 73
65 0 0 0 68 66 61
66 0 0 0 91 63 65
67 0 0 0 70 68 60
68 0 0 0 67 98 65
69 0 0 0 72 70 59
70 0 0 0 69 107 67
71 0 0 0 72 58 73
72 0 0 0 114 69 71
73 0 0 0 64 113 71
74 0 0 0 75 56 81
75 0 0 0 76 74 88
76 0 0 0 77 75 86
77 0 0 0 78 76 84
78 0 0 0 79 77 82
79 0 0 0 26 78 80
80 0 0 0 79 83 22
81 0 0 0 54 90 74
82 0 0 0 85 83 78
83 0 0 0 82 125 80
84 0 0 0 87 85 77
85 0 0 0 129 82 84
86 0 0 0 76 89 87
87 0 0 0 150 84 86
88 0 0 0 89 75 90
89 0 0 0 86 88 155
90 0 0 0 52 88 81
91 0 0 0 92 66 98
92 0 0 0 93 91 105
93 0 0 0 94 92 103
94 0 0 0 101 95 93
95 0 0 0 94 99 96
96 0 0 0 48 95 97
97 0 0 0 100 50 96
98 0 0 0 68 107 91
99 0 0 0 95 102 100
100 0 0 0 164 97 99
101 0 0 0 104 102 94
102 0 0 0 101 163 99
103 0 0 0 104 93 106
104 0 0 0 162 101 103
105 0 0 0 107 106 92
106 0 0 0 105 161 103
107 0 0 0 70 105 98
108 0 0 0 109 15 115
109 0 0 0 110 108 122
110 0 0 0 111 109 120
111 0 0 0 112 110 118
112 0 0 0 113 111 116
113 0 0 0 73 112 114
114 0 0 0 117 72 113
115 0 0 0 108 13 124
116 0 0 0 119 117 112
117 0 0 0 139 114 116
118 0 0 0 121 119 111
119 0 0 0 118 138 116
120 0 0 0 123 121 110
121 0 0 0 128 118 120
122 0 0 0 123 109 124
123 0 0 0 127 120 122
124 0 0 0 115 18 122
125 0 0 0 129 126 83
126 0 0 0 130 127 125
127 0 0 0 126 128 123
128 0 0 0 127 131 121
129 0 0 0 132 125 85
130 0 0 0 131 126 132
131 0 0 0 128 130 133
132 0 0 0 130 129 140
133 0 0 0 134 131 140
134 0 0 0 135 133 147
135 0 0 0 136 134 145
136 0 0 0 137 135 143
137 0 0 0 138 136 141
138 0 0 0 119 137 139
139 0 0 0 142 117 138
140 0 0 0 149 133 132
141 0 0 0 144 142 137
142 0 0 0 161 139 141
143 0 0 0 146 144 136
144 0 0 0 143 162 141
145 0 0 0 148 146 135
146 0 0 0 157 143 145
147 0 0 0 149 148 134
148 0 0 0 147 154 145
149 0 0 0 153 147 140
150 0 0 0 151 87 155
151 0 0 0 158 152 150
152 0 0 0 156 153 151
153 0 0 0 152 154 149
154 0 0 0 153 157 148
155 0 0 0 89 160 150
156 0 0 0 159 157 152
157 0 0 0 156 146 154
158 0 0 0 159 151 160
159 0 0 0 163 156 158
160 0 0 0 155 164 158
161 0 0 0 106 142 162
162 0 0 0 144 104 161
163 0 0 0 102 159 164
164 0 0 0 160 100 163
0
