>>writegraph3d planar <<
1 0 0 0 20 2 5
2 0 0 0 11 3 1
3 0 0 0 10 4 2
4 0 0 0 8 5 3
5 0 0 0 4 6 1
6 0 0 0 7 22 5
7 0 0 0 48 6 8
8 0 0 0 7 4 9
9 0 0 0 8 10 47
10 0 0 0 9 3 21
11 0 0 0 21 2 12
12 0 0 0 11 13 23
13 0 0 0 12 14 25
14 0 0 0 13 15 27
15 0 0 0 14 16 29
16 0 0 0 15 17 31
17 0 0 0 16 18 33
18 0 0 0 17 19 35
19 0 0 0 18 20 37
20 0 0 0 19 1 22
21 0 0 0 10 11 24
22 0 0 0 6 39 20
23 0 0 0 26 24 12
24 0 0 0 23 40 21
25 0 0 0 28 26 13
26 0 0 0 25 49 23
27 0 0 0 30 28 14
28 0 0 0 27 62 25
29 0 0 0 32 30 15
30 0 0 0 29 80 27
31 0 0 0 34 32 16
32 0 0 0 31 87 29
33 0 0 0 36 34 17
34 0 0 0 33 96 31
35 0 0 0 38 36 18
36 0 0 0 72 33 35
37 0 0 0 39 38 19
38 0 0 0 37 69 35
39 0 0 0 22 68 37
40 0 0 0 24 49 41
41 0 0 0 60 42 40
42 0 0 0 58 43 41
43 0 0 0 56 44 42
44 0 0 0 54 45 43
45 0 0 0 52 46 44
46 0 0 0 45 50 47
47 0 0 0 46 48 9
48 0 0 0 51 7 47
49 0 0 0 26 62 40
50 0 0 0 46 53 51
51 0 0 0 63 48 50
52 0 0 0 55 53 45
53 0 0 0 52 70 50
54 0 0 0 55 44 57
55 0 0 0 105 52 54
56 0 0 0 57 43 59
57 0 0 0 54 56 113
58 0 0 0 59 42 61
59 0 0 0 56 58 86
60 0 0 0 62 61 41
61 0 0 0 60 85 58
62 0 0 0 28 60 49
63 0 0 0 64 51 70
64 0 0 0 65 63 77
65 0 0 0 66 64 75
66 0 0 0 67 65 73
67 0 0 0 68 66 71
68 0 0 0 39 67 69
69 0 0 0 68 72 38
70 0 0 0 53 79 63
71 0 0 0 74 72 67
72 0 0 0 71 36 69
73 0 0 0 76 74 66
74 0 0 0 97 71 73
75 0 0 0 78 76 65
76 0 0 0 75 101 73
77 0 0 0 79 78 64
78 0 0 0 112 75 77
79 0 0 0 70 111 77
80 0 0 0 30 87 81
81 0 0 0 82 80 94
82 0 0 0 83 81 92
83 0 0 0 84 82 90
84 0 0 0 85 83 88
85 0 0 0 61 84 86
86 0 0 0 89 59 85
87 0 0 0 32 96 80
88 0 0 0 91 89 84
89 0 0 0 88 139 86
90 0 0 0 93 91 83
91 0 0 0 90 145 88
92 0 0 0 93 82 95
93 0 0 0 100 90 92
94 0 0 0 96 95 81
95 0 0 0 94 99 92
96 0 0 0 34 94 87
97 0 0 0 98 74 101
98 0 0 0 99 97 102
99 0 0 0 95 98 100
100 0 0 0 103 93 99
101 0 0 0 76 104 97
102 0 0 0 104 103 98
103 0 0 0 130 100 102
104 0 0 0 101 129 102
105 0 0 0 106 55 113
106 0 0 0 107 105 122
107 0 0 0 108 106 120
108 0 0 0 109 107 118
109 0 0 0 110 108 116
110 0 0 0 111 109 114
111 0 0 0 79 110 112
112 0 0 0 115 78 111
113 0 0 0 124 105 57
114 0 0 0 117 115 110
115 0 0 0 125 112 114
116 0 0 0 119 117 109
117 0 0 0 116 131 114
118 0 0 0 121 119 108
119 0 0 0 118 138 116
120 0 0 0 123 121 107
121 0 0 0 147 118 120
122 0 0 0 124 123 106
123 0 0 0 122 144 120
124 0 0 0 143 122 113
125 0 0 0 126 115 131
126 0 0 0 127 125 136
127 0 0 0 128 126 134
128 0 0 0 129 127 132
129 0 0 0 104 128 130
130 0 0 0 133 103 129
131 0 0 0 117 138 125
132 0 0 0 135 133 128
133 0 0 0 153 130 132
134 0 0 0 127 137 135
135 0 0 0 157 132 134
136 0 0 0 137 126 138
137 0 0 0 134 136 160
138 0 0 0 119 136 131
139 0 0 0 145 140 89
140 0 0 0 139 150 141
141 0 0 0 140 148 142
142 0 0 0 146 143 141
143 0 0 0 142 144 124
144 0 0 0 143 147 123
145 0 0 0 91 152 139
146 0 0 0 149 147 142
147 0 0 0 146 121 144
148 0 0 0 141 151 149
149 0 0 0 159 146 148
150 0 0 0 140 152 151
151 0 0 0 148 150 156
152 0 0 0 145 155 150
153 0 0 0 154 133 157
154 0 0 0 155 153 158
155 0 0 0 152 154 156
156 0 0 0 151 155 159
157 0 0 0 153 135 160
158 0 0 0 160 159 154
159 0 0 0 158 149 156
160 0 0 0 137 158 157
0
