>>writegraph3d planar <<
1 0 0 0 12 15 2
2 0 0 0 1 17 3
3 0 0 0 2 19 4
4 0 0 0 3 21 5
5 0 0 0 4 23 6
6 0 0 0 5 25 7
7 0 0 0 6 27 8
8 0 0 0 7 29 9
9 0 0 0 8 31 10
10 0 0 0 9 33 11
11 0 0 0 10 35 12
12 0 0 0 11 13 1
13 0 0 0 12 36 14
14 0 0 0 13 41 15
15 0 0 0 14 16 1
16 0 0 0 15 46 17
17 0 0 0 16 18 2
18 0 0 0 17 47 19
19 0 0 0 18 20 3
20 0 0 0 19 55 21
21 0 0 0 20 22 4
22 0 0 0 21 56 23
23 0 0 0 22 24 5
24 0 0 0 23 57 25
25 0 0 0 24 26 6
26 0 0 0 25 65 27
27 0 0 0 26 28 7
28 0 0 0 27 66 29
29 0 0 0 28 30 8
30 0 0 0 29 67 31
31 0 0 0 30 32 9
32 0 0 0 31 75 33
33 0 0 0 32 34 10
34 0 0 0 33 76 35
35 0 0 0 34 36 11
36 0 0 0 35 42 13
37 0 0 0 45 81 38
38 0 0 0 37 83 39
39 0 0 0 38 85 40
40 0 0 0 39 48 41
41 0 0 0 40 46 14
42 0 0 0 36 76 43
43 0 0 0 42 74 44
44 0 0 0 43 77 45
45 0 0 0 44 79 37
46 0 0 0 41 47 16
47 0 0 0 46 48 18
48 0 0 0 47 40 49
49 0 0 0 48 85 50
50 0 0 0 49 86 51
51 0 0 0 50 88 52
52 0 0 0 51 90 53
53 0 0 0 52 92 54
54 0 0 0 53 58 55
55 0 0 0 54 56 20
56 0 0 0 55 57 22
57 0 0 0 56 58 24
58 0 0 0 57 54 59
59 0 0 0 58 92 60
60 0 0 0 59 93 61
61 0 0 0 60 95 62
62 0 0 0 61 97 63
63 0 0 0 62 99 64
64 0 0 0 63 68 65
65 0 0 0 64 66 26
66 0 0 0 65 67 28
67 0 0 0 66 68 30
68 0 0 0 67 64 69
69 0 0 0 68 99 70
70 0 0 0 69 100 71
71 0 0 0 70 102 72
72 0 0 0 71 104 73
73 0 0 0 72 77 74
74 0 0 0 73 43 75
75 0 0 0 74 76 32
76 0 0 0 75 42 34
77 0 0 0 73 78 44
78 0 0 0 77 104 79
79 0 0 0 78 80 45
80 0 0 0 79 103 81
81 0 0 0 80 82 37
82 0 0 0 81 87 83
83 0 0 0 82 84 38
84 0 0 0 83 86 85
85 0 0 0 84 49 39
86 0 0 0 84 87 50
87 0 0 0 86 82 88
88 0 0 0 87 89 51
89 0 0 0 88 94 90
90 0 0 0 89 91 52
91 0 0 0 90 93 92
92 0 0 0 91 59 53
93 0 0 0 91 94 60
94 0 0 0 93 89 95
95 0 0 0 94 96 61
96 0 0 0 95 101 97
97 0 0 0 96 98 62
98 0 0 0 97 100 99
99 0 0 0 98 69 63
100 0 0 0 98 101 70
101 0 0 0 96 102 100
102 0 0 0 101 103 71
103 0 0 0 102 80 104
104 0 0 0 103 78 72
0
