>>writegraph3d planar <<
1 0 0 0 20 2 5
2 0 0 0 11 3 1
3 0 0 0 10 4 2
4 0 0 0 8 5 3
5 0 0 0 4 6 1
6 0 0 0 7 22 5
7 0 0 0 48 6 8
8 0 0 0 7 4 9
9 0 0 0 8 10 47
10 0 0 0 9 3 21
11 0 0 0 21 2 12
12 0 0 0 11 13 23
13 0 0 0 12 14 25
14 0 0 0 13 15 27
15 0 0 0 14 16 29
16 0 0 0 15 17 31
17 0 0 0 16 18 33
18 0 0 0 17 19 35
19 0 0 0 18 20 37
20 0 0 0 19 1 22
21 0 0 0 10 11 24
22 0 0 0 6 39 20
23 0 0 0 26 24 12
24 0 0 0 23 40 21
25 0 0 0 28 26 13
26 0 0 0 25 49 23
27 0 0 0 30 28 14
28 0 0 0 27 62 25
29 0 0 0 32 30 15
30 0 0 0 29 80 27
31 0 0 0 34 32 16
32 0 0 0 31 87 29
33 0 0 0 36 34 17
34 0 0 0 33 96 31
35 0 0 0 38 36 18
36 0 0 0 72 33 35
37 0 0 0 39 38 19
38 0 0 0 37 69 35
39 0 0 0 22 68 37
40 0 0 0 24 49 41
41 0 0 0 60 42 40
42 0 0 0 58 43 41
43 0 0 0 56 44 42
44 0 0 0 54 45 43
45 0 0 0 52 46 44
46 0 0 0 45 50 47
47 0 0 0 46 48 9
48 0 0 0 51 7 47
49 0 0 0 26 62 40
50 0 0 0 46 53 51
51 0 0 0 63 48 50
52 0 0 0 55 53 45
53 0 0 0 52 70 50
54 0 0 0 55 44 57
55 0 0 0 105 52 54
56 0 0 0 57 43 59
57 0 0 0 54 56 113
58 0 0 0 59 42 61
59 0 0 0 56 58 86
60 0 0 0 62 61 41
61 0 0 0 60 85 58
62 0 0 0 28 60 49
63 0 0 0 64 51 70
64 0 0 0 65 63 77
65 0 0 0 66 64 75
66 0 0 0 67 65 73
67 0 0 0 68 66 71
68 0 0 0 39 67 69
69 0 0 0 68 72 38
70 0 0 0 53 79 63
71 0 0 0 74 72 67
72 0 0 0 71 36 69
73 0 0 0 76 74 66
74 0 0 0 97 71 73
75 0 0 0 78 76 65
76 0 0 0 75 101 73
77 0 0 0 79 78 64
78 0 0 0 112 75 77
79 0 0 0 70 111 77
80 0 0 0 30 87 81
81 0 0 0 82 80 94
82 0 0 0 83 81 92
83 0 0 0 84 82 90
84 0 0 0 85 83 88
85 0 0 0 61 84 86
86 0 0 0 89 59 85
87 0 0 0 32 96 80
88 0 0 0 91 89 84
89 0 0 0 88 139 86
90 0 0 0 93 91 83
91 0 0 0 90 145 88
92 0 0 0 93 82 95
93 0 0 0 100 90 92
94 0 0 0 96 95 81
95 0 0 0 94 99 92
96 0 0 0 34 94 87
97 0 0 0 98 74 101
98 0 0 0 99 97 102
99 0 0 0 95 98 100
100 0 0 0 103 93 99
101 0 0 0 76 104 97
102 0 0 0 104 103 98
103 0 0 0 130 100 102
104 0 0 0 101 129 102
105 0 0 0 106 55 113
106 0 0 0 107 105 122
107 0 0 0 108 106 120
108 0 0 0 109 107 118
109 0 0 0 110 108 116
110 0 0 0 111 109 114
111 0 0 0 79 110 112
112 0 0 0 115 78 111
113 0 0 0 124 105 57
114 0 0 0 117 115 110
115 0 0 0 125 112 114
116 0 0 0 119 117 109
117 0 0 0 116 131 114
118 0 0 0 121 119 108
119 0 0 0 161 116 118
120 0 0 0 123 121 107
121 0 0 0 120 169 118
122 0 0 0 124 123 106
123 0 0 0 144 120 122
124 0 0 0 143 122 113
125 0 0 0 126 115 131
126 0 0 0 127 125 136
127 0 0 0 128 126 134
128 0 0 0 129 127 132
129 0 0 0 104 128 130
130 0 0 0 133 103 129
131 0 0 0 117 138 125
132 0 0 0 135 133 128
133 0 0 0 153 130 132
134 0 0 0 137 135 127
135 0 0 0 134 157 132
136 0 0 0 138 137 126
137 0 0 0 168 134 136
138 0 0 0 131 167 136
139 0 0 0 145 140 89
140 0 0 0 139 150 141
141 0 0 0 148 142 140
142 0 0 0 146 143 141
143 0 0 0 144 124 142
144 0 0 0 147 123 143
145 0 0 0 91 152 139
146 0 0 0 147 142 149
147 0 0 0 195 144 146
148 0 0 0 149 141 151
149 0 0 0 146 148 201
150 0 0 0 140 152 151
151 0 0 0 148 150 156
152 0 0 0 145 155 150
153 0 0 0 154 133 157
154 0 0 0 155 153 158
155 0 0 0 152 154 156
156 0 0 0 159 151 155
157 0 0 0 135 160 153
158 0 0 0 160 159 154
159 0 0 0 158 186 156
160 0 0 0 157 185 158
161 0 0 0 162 119 169
162 0 0 0 163 161 178
163 0 0 0 164 162 176
164 0 0 0 165 163 174
165 0 0 0 166 164 172
166 0 0 0 167 165 170
167 0 0 0 138 166 168
168 0 0 0 171 137 167
169 0 0 0 121 180 161
170 0 0 0 173 171 166
171 0 0 0 181 168 170
172 0 0 0 175 173 165
173 0 0 0 172 187 170
174 0 0 0 177 175 164
175 0 0 0 217 172 174
176 0 0 0 179 177 163
177 0 0 0 176 225 174
178 0 0 0 179 162 180
179 0 0 0 200 176 178
180 0 0 0 169 199 178
181 0 0 0 182 171 187
182 0 0 0 183 181 192
183 0 0 0 184 182 190
184 0 0 0 185 183 188
185 0 0 0 160 184 186
186 0 0 0 185 189 159
187 0 0 0 173 194 181
188 0 0 0 191 189 184
189 0 0 0 188 209 186
190 0 0 0 193 191 183
191 0 0 0 213 188 190
192 0 0 0 194 193 182
193 0 0 0 192 224 190
194 0 0 0 187 223 192
195 0 0 0 196 147 201
196 0 0 0 197 195 206
197 0 0 0 198 196 204
198 0 0 0 199 197 202
199 0 0 0 180 198 200
200 0 0 0 203 179 199
201 0 0 0 208 195 149
202 0 0 0 205 203 198
203 0 0 0 251 200 202
204 0 0 0 207 205 197
205 0 0 0 204 257 202
206 0 0 0 208 207 196
207 0 0 0 212 204 206
208 0 0 0 211 206 201
209 0 0 0 213 210 189
210 0 0 0 214 211 209
211 0 0 0 212 208 210
212 0 0 0 215 207 211
213 0 0 0 216 209 191
214 0 0 0 215 210 216
215 0 0 0 242 212 214
216 0 0 0 214 213 241
217 0 0 0 218 175 225
218 0 0 0 219 217 234
219 0 0 0 220 218 232
220 0 0 0 221 219 230
221 0 0 0 222 220 228
222 0 0 0 223 221 226
223 0 0 0 194 222 224
224 0 0 0 223 227 193
225 0 0 0 177 236 217
226 0 0 0 229 227 222
227 0 0 0 226 237 224
228 0 0 0 231 229 221
229 0 0 0 243 226 228
230 0 0 0 233 231 220
231 0 0 0 230 273 228
232 0 0 0 235 233 219
233 0 0 0 232 281 230
234 0 0 0 235 218 236
235 0 0 0 256 232 234
236 0 0 0 225 255 234
237 0 0 0 243 238 227
238 0 0 0 248 239 237
239 0 0 0 246 240 238
240 0 0 0 239 244 241
241 0 0 0 240 242 216
242 0 0 0 245 215 241
243 0 0 0 250 237 229
244 0 0 0 240 247 245
245 0 0 0 265 242 244
246 0 0 0 249 247 239
247 0 0 0 246 269 244
248 0 0 0 249 238 250
249 0 0 0 280 246 248
250 0 0 0 248 243 279
251 0 0 0 252 203 257
252 0 0 0 253 251 262
253 0 0 0 254 252 260
254 0 0 0 255 253 258
255 0 0 0 236 254 256
256 0 0 0 259 235 255
257 0 0 0 205 264 251
258 0 0 0 261 259 254
259 0 0 0 307 256 258
260 0 0 0 263 261 253
261 0 0 0 260 313 258
262 0 0 0 263 252 264
263 0 0 0 268 260 262
264 0 0 0 257 267 262
265 0 0 0 266 245 269
266 0 0 0 267 265 270
267 0 0 0 264 266 268
268 0 0 0 271 263 267
269 0 0 0 247 272 265
270 0 0 0 272 271 266
271 0 0 0 298 268 270
272 0 0 0 269 297 270
273 0 0 0 281 274 231
274 0 0 0 290 275 273
275 0 0 0 288 276 274
276 0 0 0 286 277 275
277 0 0 0 284 278 276
278 0 0 0 277 282 279
279 0 0 0 278 280 250
280 0 0 0 283 249 279
281 0 0 0 233 292 273
282 0 0 0 278 285 283
283 0 0 0 293 280 282
284 0 0 0 287 285 277
285 0 0 0 284 299 282
286 0 0 0 287 276 289
287 0 0 0 329 284 286
288 0 0 0 289 275 291
289 0 0 0 286 288 337
290 0 0 0 291 274 292
291 0 0 0 288 290 312
292 0 0 0 281 311 290
293 0 0 0 294 283 299
294 0 0 0 295 293 304
295 0 0 0 296 294 302
296 0 0 0 297 295 300
297 0 0 0 272 296 298
298 0 0 0 301 271 297
299 0 0 0 285 306 293
300 0 0 0 303 301 296
301 0 0 0 321 298 300
302 0 0 0 305 303 295
303 0 0 0 302 325 300
304 0 0 0 306 305 294
305 0 0 0 336 302 304
306 0 0 0 299 335 304
307 0 0 0 308 259 313
308 0 0 0 309 307 318
309 0 0 0 310 308 316
310 0 0 0 311 309 314
311 0 0 0 292 310 312
312 0 0 0 315 291 311
313 0 0 0 261 320 307
314 0 0 0 317 315 310
315 0 0 0 314 363 312
316 0 0 0 319 317 309
317 0 0 0 316 369 314
318 0 0 0 319 308 320
319 0 0 0 324 316 318
320 0 0 0 313 323 318
321 0 0 0 322 301 325
322 0 0 0 323 321 326
323 0 0 0 320 322 324
324 0 0 0 327 319 323
325 0 0 0 303 328 321
326 0 0 0 328 327 322
327 0 0 0 354 324 326
328 0 0 0 325 353 326
329 0 0 0 330 287 337
330 0 0 0 331 329 346
331 0 0 0 332 330 344
332 0 0 0 333 331 342
333 0 0 0 334 332 340
334 0 0 0 335 333 338
335 0 0 0 306 334 336
336 0 0 0 339 305 335
337 0 0 0 348 329 289
338 0 0 0 341 339 334
339 0 0 0 349 336 338
340 0 0 0 343 341 333
341 0 0 0 340 355 338
342 0 0 0 345 343 332
343 0 0 0 342 362 340
344 0 0 0 347 345 331
345 0 0 0 371 342 344
346 0 0 0 348 347 330
347 0 0 0 346 368 344
348 0 0 0 367 346 337
349 0 0 0 350 339 355
350 0 0 0 351 349 360
351 0 0 0 352 350 358
352 0 0 0 353 351 356
353 0 0 0 328 352 354
354 0 0 0 357 327 353
355 0 0 0 341 362 349
356 0 0 0 359 357 352
357 0 0 0 377 354 356
358 0 0 0 351 361 359
359 0 0 0 381 356 358
360 0 0 0 361 350 362
361 0 0 0 358 360 384
362 0 0 0 343 360 355
363 0 0 0 369 364 315
364 0 0 0 363 374 365
365 0 0 0 364 372 366
366 0 0 0 370 367 365
367 0 0 0 366 368 348
368 0 0 0 367 371 347
369 0 0 0 317 376 363
370 0 0 0 373 371 366
371 0 0 0 370 345 368
372 0 0 0 365 375 373
373 0 0 0 383 370 372
374 0 0 0 364 376 375
375 0 0 0 372 374 380
376 0 0 0 369 379 374
377 0 0 0 378 357 381
378 0 0 0 379 377 382
379 0 0 0 376 378 380
380 0 0 0 375 379 383
381 0 0 0 377 359 384
382 0 0 0 384 383 378
383 0 0 0 382 373 380
384 0 0 0 361 382 381
0
