>>writegraph3d planar <<
1 0 0 0 20 2 5
2 0 0 0 11 3 1
3 0 0 0 10 4 2
4 0 0 0 8 5 3
5 0 0 0 4 6 1
6 0 0 0 7 22 5
7 0 0 0 48 6 8
8 0 0 0 7 4 9
9 0 0 0 8 10 47
10 0 0 0 9 3 21
11 0 0 0 21 2 12
12 0 0 0 11 13 23
13 0 0 0 12 14 25
14 0 0 0 13 15 27
15 0 0 0 14 16 29
16 0 0 0 15 17 31
17 0 0 0 16 18 33
18 0 0 0 17 19 35
19 0 0 0 18 20 37
20 0 0 0 19 1 22
21 0 0 0 10 11 24
22 0 0 0 6 39 20
23 0 0 0 26 24 12
24 0 0 0 23 40 21
25 0 0 0 28 26 13
26 0 0 0 25 49 23
27 0 0 0 30 28 14
28 0 0 0 27 62 25
29 0 0 0 32 30 15
30 0 0 0 80 27 29
31 0 0 0 34 32 16
32 0 0 0 31 87 29
33 0 0 0 36 34 17
34 0 0 0 104 31 33
35 0 0 0 38 36 18
36 0 0 0 35 103 33
37 0 0 0 39 38 19
38 0 0 0 69 35 37
39 0 0 0 22 68 37
40 0 0 0 24 49 41
41 0 0 0 60 42 40
42 0 0 0 58 43 41
43 0 0 0 56 44 42
44 0 0 0 54 45 43
45 0 0 0 52 46 44
46 0 0 0 45 50 47
47 0 0 0 46 48 9
48 0 0 0 51 7 47
49 0 0 0 26 62 40
50 0 0 0 46 53 51
51 0 0 0 63 48 50
52 0 0 0 55 53 45
53 0 0 0 52 70 50
54 0 0 0 55 44 57
55 0 0 0 131 52 54
56 0 0 0 57 43 59
57 0 0 0 54 56 139
58 0 0 0 59 42 61
59 0 0 0 56 58 86
60 0 0 0 61 41 62
61 0 0 0 58 60 85
62 0 0 0 28 60 49
63 0 0 0 64 51 70
64 0 0 0 65 63 77
65 0 0 0 66 64 75
66 0 0 0 67 65 73
67 0 0 0 68 66 71
68 0 0 0 39 67 69
69 0 0 0 72 38 68
70 0 0 0 53 79 63
71 0 0 0 74 72 67
72 0 0 0 97 69 71
73 0 0 0 76 74 66
74 0 0 0 73 105 71
75 0 0 0 78 76 65
76 0 0 0 75 116 73
77 0 0 0 79 78 64
78 0 0 0 138 75 77
79 0 0 0 70 137 77
80 0 0 0 81 30 87
81 0 0 0 82 80 94
82 0 0 0 83 81 92
83 0 0 0 84 82 90
84 0 0 0 85 83 88
85 0 0 0 61 84 86
86 0 0 0 89 59 85
87 0 0 0 32 96 80
88 0 0 0 91 89 84
89 0 0 0 88 151 86
90 0 0 0 93 91 83
91 0 0 0 90 157 88
92 0 0 0 95 93 82
93 0 0 0 92 164 90
94 0 0 0 95 81 96
95 0 0 0 122 92 94
96 0 0 0 87 121 94
97 0 0 0 98 72 105
98 0 0 0 99 97 114
99 0 0 0 100 98 112
100 0 0 0 101 99 110
101 0 0 0 108 102 100
102 0 0 0 101 106 103
103 0 0 0 36 102 104
104 0 0 0 107 34 103
105 0 0 0 74 116 97
106 0 0 0 109 107 102
107 0 0 0 106 117 104
108 0 0 0 111 109 101
109 0 0 0 108 123 106
110 0 0 0 113 111 100
111 0 0 0 165 108 110
112 0 0 0 99 115 113
113 0 0 0 173 110 112
114 0 0 0 115 98 116
115 0 0 0 112 114 184
116 0 0 0 76 114 105
117 0 0 0 107 123 118
118 0 0 0 119 117 128
119 0 0 0 120 118 126
120 0 0 0 121 119 124
121 0 0 0 96 120 122
122 0 0 0 125 95 121
123 0 0 0 109 130 117
124 0 0 0 127 125 120
125 0 0 0 124 192 122
126 0 0 0 129 127 119
127 0 0 0 126 191 124
128 0 0 0 129 118 130
129 0 0 0 172 126 128
130 0 0 0 123 171 128
131 0 0 0 132 55 139
132 0 0 0 133 131 148
133 0 0 0 134 132 146
134 0 0 0 135 133 144
135 0 0 0 142 136 134
136 0 0 0 135 140 137
137 0 0 0 79 136 138
138 0 0 0 141 78 137
139 0 0 0 150 131 57
140 0 0 0 136 143 141
141 0 0 0 210 138 140
142 0 0 0 145 143 135
143 0 0 0 142 211 140
144 0 0 0 147 145 134
145 0 0 0 212 142 144
146 0 0 0 149 147 133
147 0 0 0 146 215 144
148 0 0 0 150 149 132
149 0 0 0 156 146 148
150 0 0 0 155 148 139
151 0 0 0 89 157 152
152 0 0 0 162 153 151
153 0 0 0 152 160 154
154 0 0 0 153 158 155
155 0 0 0 154 156 150
156 0 0 0 159 149 155
157 0 0 0 91 164 151
158 0 0 0 154 161 159
159 0 0 0 209 156 158
160 0 0 0 153 163 161
161 0 0 0 158 160 207
162 0 0 0 164 163 152
163 0 0 0 162 206 160
164 0 0 0 93 162 157
165 0 0 0 166 111 173
166 0 0 0 167 165 182
167 0 0 0 168 166 180
168 0 0 0 169 167 178
169 0 0 0 170 168 176
170 0 0 0 171 169 174
171 0 0 0 130 170 172
172 0 0 0 175 129 171
173 0 0 0 165 113 184
174 0 0 0 177 175 170
175 0 0 0 185 172 174
176 0 0 0 179 177 169
177 0 0 0 176 193 174
178 0 0 0 181 179 168
179 0 0 0 178 204 176
180 0 0 0 181 167 183
181 0 0 0 211 178 180
182 0 0 0 184 183 166
183 0 0 0 182 210 180
184 0 0 0 115 182 173
185 0 0 0 193 186 175
186 0 0 0 185 202 187
187 0 0 0 188 186 200
188 0 0 0 189 187 198
189 0 0 0 190 188 196
190 0 0 0 191 189 194
191 0 0 0 127 190 192
192 0 0 0 191 195 125
193 0 0 0 204 185 177
194 0 0 0 195 190 197
195 0 0 0 192 194 205
196 0 0 0 199 197 189
197 0 0 0 208 194 196
198 0 0 0 201 199 188
199 0 0 0 216 196 198
200 0 0 0 201 187 203
201 0 0 0 214 198 200
202 0 0 0 204 203 186
203 0 0 0 202 213 200
204 0 0 0 179 202 193
205 0 0 0 195 208 206
206 0 0 0 163 205 207
207 0 0 0 161 206 209
208 0 0 0 205 197 209
209 0 0 0 208 159 207
210 0 0 0 183 141 211
211 0 0 0 143 181 210
212 0 0 0 213 145 215
213 0 0 0 203 212 214
214 0 0 0 216 201 213
215 0 0 0 147 216 212
216 0 0 0 215 199 214
0
