>>writegraph3d planar <<
1 0 0 0 20 2 5
2 0 0 0 11 3 1
3 0 0 0 10 4 2
4 0 0 0 8 5 3
5 0 0 0 4 6 1
6 0 0 0 7 22 5
7 0 0 0 48 6 8
8 0 0 0 7 4 9
9 0 0 0 8 10 47
10 0 0 0 9 3 21
11 0 0 0 21 2 12
12 0 0 0 11 13 23
13 0 0 0 12 14 25
14 0 0 0 13 15 27
15 0 0 0 14 16 29
16 0 0 0 15 17 31
17 0 0 0 16 18 33
18 0 0 0 17 19 35
19 0 0 0 18 20 37
20 0 0 0 19 1 22
21 0 0 0 10 11 24
22 0 0 0 6 39 20
23 0 0 0 26 24 12
24 0 0 0 23 40 21
25 0 0 0 28 26 13
26 0 0 0 25 49 23
27 0 0 0 30 28 14
28 0 0 0 80 25 27
29 0 0 0 32 30 15
30 0 0 0 29 88 27
31 0 0 0 34 32 16
32 0 0 0 31 99 29
33 0 0 0 36 34 17
34 0 0 0 107 31 33
35 0 0 0 38 36 18
36 0 0 0 35 106 33
37 0 0 0 39 38 19
38 0 0 0 69 35 37
39 0 0 0 22 68 37
40 0 0 0 49 41 24
41 0 0 0 60 42 40
42 0 0 0 58 43 41
43 0 0 0 56 44 42
44 0 0 0 54 45 43
45 0 0 0 52 46 44
46 0 0 0 45 50 47
47 0 0 0 46 48 9
48 0 0 0 51 7 47
49 0 0 0 26 62 40
50 0 0 0 46 53 51
51 0 0 0 63 48 50
52 0 0 0 55 53 45
53 0 0 0 52 70 50
54 0 0 0 55 44 57
55 0 0 0 120 52 54
56 0 0 0 57 43 59
57 0 0 0 54 56 128
58 0 0 0 59 42 61
59 0 0 0 56 58 139
60 0 0 0 61 41 62
61 0 0 0 58 60 87
62 0 0 0 49 86 60
63 0 0 0 64 51 70
64 0 0 0 65 63 77
65 0 0 0 66 64 75
66 0 0 0 67 65 73
67 0 0 0 68 66 71
68 0 0 0 39 67 69
69 0 0 0 72 38 68
70 0 0 0 53 79 63
71 0 0 0 74 72 67
72 0 0 0 100 69 71
73 0 0 0 76 74 66
74 0 0 0 73 108 71
75 0 0 0 78 76 65
76 0 0 0 75 119 73
77 0 0 0 79 78 64
78 0 0 0 127 75 77
79 0 0 0 70 126 77
80 0 0 0 88 81 28
81 0 0 0 80 97 82
82 0 0 0 83 81 95
83 0 0 0 84 82 93
84 0 0 0 85 83 91
85 0 0 0 86 84 89
86 0 0 0 62 85 87
87 0 0 0 90 61 86
88 0 0 0 99 80 30
89 0 0 0 92 90 85
90 0 0 0 89 140 87
91 0 0 0 94 92 84
92 0 0 0 91 145 89
93 0 0 0 96 94 83
94 0 0 0 93 150 91
95 0 0 0 96 82 98
96 0 0 0 171 93 95
97 0 0 0 99 98 81
98 0 0 0 97 176 95
99 0 0 0 32 97 88
100 0 0 0 101 72 108
101 0 0 0 102 100 117
102 0 0 0 103 101 115
103 0 0 0 104 102 113
104 0 0 0 105 103 111
105 0 0 0 106 104 109
106 0 0 0 36 105 107
107 0 0 0 110 34 106
108 0 0 0 74 119 100
109 0 0 0 112 110 105
110 0 0 0 188 107 109
111 0 0 0 114 112 104
112 0 0 0 111 185 109
113 0 0 0 116 114 103
114 0 0 0 113 183 111
115 0 0 0 102 118 116
116 0 0 0 184 113 115
117 0 0 0 118 101 119
118 0 0 0 115 117 186
119 0 0 0 76 117 108
120 0 0 0 121 55 128
121 0 0 0 122 120 137
122 0 0 0 123 121 135
123 0 0 0 124 122 133
124 0 0 0 131 125 123
125 0 0 0 124 129 126
126 0 0 0 79 125 127
127 0 0 0 130 78 126
128 0 0 0 139 120 57
129 0 0 0 125 132 130
130 0 0 0 161 127 129
131 0 0 0 134 132 124
132 0 0 0 131 158 129
133 0 0 0 136 134 123
134 0 0 0 133 157 131
135 0 0 0 138 136 122
136 0 0 0 144 133 135
137 0 0 0 138 121 139
138 0 0 0 143 135 137
139 0 0 0 137 128 59
140 0 0 0 90 145 141
141 0 0 0 140 148 142
142 0 0 0 141 146 143
143 0 0 0 142 144 138
144 0 0 0 147 136 143
145 0 0 0 92 150 140
146 0 0 0 142 149 147
147 0 0 0 151 144 146
148 0 0 0 150 149 141
149 0 0 0 148 159 146
150 0 0 0 94 148 145
151 0 0 0 152 147 159
152 0 0 0 153 151 168
153 0 0 0 154 152 166
154 0 0 0 155 153 164
155 0 0 0 156 154 162
156 0 0 0 157 155 160
157 0 0 0 134 156 158
158 0 0 0 132 157 161
159 0 0 0 170 151 149
160 0 0 0 163 161 156
161 0 0 0 160 130 158
162 0 0 0 155 165 163
163 0 0 0 186 160 162
164 0 0 0 167 165 154
165 0 0 0 164 184 162
166 0 0 0 153 169 167
167 0 0 0 178 164 166
168 0 0 0 152 170 169
169 0 0 0 166 168 175
170 0 0 0 168 159 174
171 0 0 0 172 96 176
172 0 0 0 173 171 179
173 0 0 0 174 172 177
174 0 0 0 170 173 175
175 0 0 0 169 174 178
176 0 0 0 98 181 171
177 0 0 0 180 178 173
178 0 0 0 177 167 175
179 0 0 0 181 180 172
180 0 0 0 179 182 177
181 0 0 0 176 187 179
182 0 0 0 180 187 183
183 0 0 0 114 182 185
184 0 0 0 165 116 186
185 0 0 0 112 183 188
186 0 0 0 118 163 184
187 0 0 0 181 188 182
188 0 0 0 187 110 185
0
