>>writegraph3d planar <<
1 0 0 0 13 2 16
2 0 0 0 3 14 1
3 0 0 0 19 2 4
4 0 0 0 3 5 23
5 0 0 0 4 6 27
6 0 0 0 5 7 31
7 0 0 0 6 8 35
8 0 0 0 7 9 38
9 0 0 0 8 10 34
10 0 0 0 9 11 30
11 0 0 0 10 12 26
12 0 0 0 11 13 22
13 0 0 0 12 1 18
14 0 0 0 20 15 2
15 0 0 0 81 16 14
16 0 0 0 15 17 1
17 0 0 0 16 51 18
18 0 0 0 17 21 13
19 0 0 0 20 3 24
20 0 0 0 90 14 19
21 0 0 0 45 22 18
22 0 0 0 21 25 12
23 0 0 0 28 24 4
24 0 0 0 23 66 19
25 0 0 0 22 44 26
26 0 0 0 25 29 11
27 0 0 0 32 28 5
28 0 0 0 27 65 23
29 0 0 0 43 30 26
30 0 0 0 29 33 10
31 0 0 0 36 32 6
32 0 0 0 50 27 31
33 0 0 0 40 34 30
34 0 0 0 33 37 9
35 0 0 0 39 36 7
36 0 0 0 35 49 31
37 0 0 0 34 41 38
38 0 0 0 37 39 8
39 0 0 0 42 35 38
40 0 0 0 41 33 43
41 0 0 0 37 40 42
42 0 0 0 44 39 41
43 0 0 0 40 29 44
44 0 0 0 25 42 43
45 0 0 0 46 21 51
46 0 0 0 47 45 55
47 0 0 0 48 46 53
48 0 0 0 49 47
49 0 0 0 36 48 50
50 0 0 0 52 32 49
51 0 0 0 17 57 45
52 0 0 0 58 50
53 0 0 0 56 54 47
54 0 0 0 53 67
55 0 0 0 57 56 46
56 0 0 0 55 89 53
57 0 0 0 51 88 55
58 0 0 0 59 52 67
59 0 0 0 60 58 78
60 0 0 0 61 59 76
61 0 0 0 62 60 74
62 0 0 0 63 61 72
63 0 0 0 64 62 70
64 0 0 0 65 63 68
65 0 0 0 28 64 66
66 0 0 0 65 69 24
67 0 0 0 54 80 58
68 0 0 0 71 69 64
69 0 0 0 68 111 66
70 0 0 0 73 71 63
71 0 0 0 114 68 70
72 0 0 0 75 73 62
73 0 0 0 72 115 70
74 0 0 0 77 75 61
75 0 0 0 74 113 72
76 0 0 0 60 79 77
77 0 0 0 112 74 76
78 0 0 0 80 79 59
79 0 0 0 78 108 76
80 0 0 0 106 78 67
81 0 0 0 82 15 90
82 0 0 0 83 81 101
83 0 0 0 84 82 99
84 0 0 0 85 83 97
85 0 0 0 86 84 95
86 0 0 0 87 85 93
87 0 0 0 88 86 91
88 0 0 0 57 87 89
89 0 0 0 88 92 56
90 0 0 0 81 20 103
91 0 0 0 94 92 87
92 0 0 0 91 104 89
93 0 0 0 96 94 86
94 0 0 0 109 91 93
95 0 0 0 98 96 85
96 0 0 0 95 110 93
97 0 0 0 100 98 84
98 0 0 0 97 107 95
99 0 0 0 100 83 102
100 0 0 0 105 97 99
101 0 0 0 82 103 102
102 0 0 0 101 106 99
103 0 0 0 101 90 108
104 0 0 0 109 105 92
105 0 0 0 107 100 104
106 0 0 0 102 108 80
107 0 0 0 98 105 110
108 0 0 0 106 103 79
109 0 0 0 110 104 94
110 0 0 0 107 109 96
111 0 0 0 114 112 69
112 0 0 0 113 77 111
113 0 0 0 75 112 115
114 0 0 0 115 111 71
115 0 0 0 113 114 73
0
