>>writegraph3d planar <<
1 0 0 0 13 2
2 0 0 0 3 14 1
3 0 0 0 19 2 4
4 0 0 0 3 5 23
5 0 0 0 4 6 27
6 0 0 0 5 7 31
7 0 0 0 6 8 35
8 0 0 0 7 9 38
9 0 0 0 8 10 34
10 0 0 0 9 11 30
11 0 0 0 10 12 26
12 0 0 0 11 13 22
13 0 0 0 12 1 18
14 0 0 0 20 15 2
15 0 0 0 14 95 16
16 0 0 0 15 17
17 0 0 0 16 83 18
18 0 0 0 17 21 13
19 0 0 0 20 3 24
20 0 0 0 94 14 19
21 0 0 0 79 22 18
22 0 0 0 21 25 12
23 0 0 0 28 24 4
24 0 0 0 23 82 19
25 0 0 0 22 53 26
26 0 0 0 25 29 11
27 0 0 0 32 28 5
28 0 0 0 27 81 23
29 0 0 0 43 30 26
30 0 0 0 29 33 10
31 0 0 0 36 32 6
32 0 0 0 74 27 31
33 0 0 0 30 40 34
34 0 0 0 33 37 9
35 0 0 0 39 36 7
36 0 0 0 35 72 31
37 0 0 0 34 41 38
38 0 0 0 37 39 8
39 0 0 0 42 35 38
40 0 0 0 33 51 41
41 0 0 0 37 40 42
42 0 0 0 52 39 41
43 0 0 0 44 29 53
44 0 0 0 45 43 66
45 0 0 0 46 44 64
46 0 0 0 47 45 62
47 0 0 0 48 46 60
48 0 0 0 49 47 58
49 0 0 0 50 48 56
50 0 0 0 54 51 49
51 0 0 0 50 52 40
52 0 0 0 55 42 51
53 0 0 0 25 68 43
54 0 0 0 55 50 57
55 0 0 0 69 52 54
56 0 0 0 59 57 49
57 0 0 0 56 75 54
58 0 0 0 61 59 48
59 0 0 0 58 77 56
60 0 0 0 63 61 47
61 0 0 0 60 73 58
62 0 0 0 65 63 46
63 0 0 0 62 70 60
64 0 0 0 67 65 45
65 0 0 0 71 62 64
66 0 0 0 67 44 68
67 0 0 0 76 64 66
68 0 0 0 53 78 66
69 0 0 0 70 55 75
70 0 0 0 63 69 73
71 0 0 0 72 65 76
72 0 0 0 36 71 74
73 0 0 0 61 70 77
74 0 0 0 78 32 72
75 0 0 0 57 77 69
76 0 0 0 71 67 78
77 0 0 0 59 73 75
78 0 0 0 68 74 76
79 0 0 0 80 21 83
80 0 0 0 81 79 84
81 0 0 0 28 80 82
82 0 0 0 81 85 24
83 0 0 0 17 86 79
84 0 0 0 86 85 80
85 0 0 0 84 87 82
86 0 0 0 96 84 83
87 0 0 0 96 88 85
88 0 0 0 87 103 89
89 0 0 0 106 90 88
90 0 0 0 89 112 91
91 0 0 0 90 116 92
92 0 0 0 91 110 93
93 0 0 0 104 94 92
94 0 0 0 93 95 20
95 0 0 0 94 97 15
96 0 0 0 102 87 86
97 0 0 0 104 98 95
98 0 0 0 109 99 97
99 0 0 0 118 100 98
100 0 0 0 113 101 99
101 0 0 0 107 102 100
102 0 0 0 103 96 101
103 0 0 0 88 102 105
104 0 0 0 108 97 93
105 0 0 0 103 107 106
106 0 0 0 111 89 105
107 0 0 0 105 101 114
108 0 0 0 109 104 110
109 0 0 0 120 98 108
110 0 0 0 92 117 108
111 0 0 0 112 106 128
112 0 0 0 90 111 115
113 0 0 0 114 100 119
114 0 0 0 107 113 121
115 0 0 0 112 129 116
116 0 0 0 91 115 117
117 0 0 0 110 116 131
118 0 0 0 119 99 120
119 0 0 0 113 118 130
120 0 0 0 118 109 138
121 0 0 0 130 122 114
122 0 0 0 137 123 121
123 0 0 0 122 139 124
124 0 0 0 123 142 125
125 0 0 0 124 147 126
126 0 0 0 140 127 125
127 0 0 0 126 132 128
128 0 0 0 129 111 127
129 0 0 0 115 128 131
130 0 0 0 138 121 119
131 0 0 0 129 132 117
132 0 0 0 127 133 131
133 0 0 0 140 134 132
134 0 0 0 145 135 133
135 0 0 0 143 136 134
136 0 0 0 139 137 135
137 0 0 0 136 122 138
138 0 0 0 137 130 120
139 0 0 0 123 136 141
140 0 0 0 144 133 126
141 0 0 0 139 143 142
142 0 0 0 124 141 148
143 0 0 0 141 135 146
144 0 0 0 145 140 147
145 0 0 0 146 134 144
146 0 0 0 143 145 148
147 0 0 0 125 148 144
148 0 0 0 147 142 146
0
