>>writegraph3d planar <<
1 0 0 0 13 2 16
2 0 0 0 3 14 1
3 0 0 0 19 2 4
4 0 0 0 3 5 23
5 0 0 0 4 6 27
6 0 0 0 5 7 31
7 0 0 0 6 8 35
8 0 0 0 7 9 38
9 0 0 0 8 10 34
10 0 0 0 9 11 30
11 0 0 0 10 12 26
12 0 0 0 11 13 22
13 0 0 0 12 1 18
14 0 0 0 20 15 2
15 0 0 0 82 16 14
16 0 0 0 15 17 1
17 0 0 0 16 51 18
18 0 0 0 17 21 13
19 0 0 0 20 3 24
20 0 0 0 91 14 19
21 0 0 0 45 22 18
22 0 0 0 21 25 12
23 0 0 0 28 24 4
24 0 0 0 23 67 19
25 0 0 0 22 44 26
26 0 0 0 25 29 11
27 0 0 0 32 28 5
28 0 0 0 27 66 23
29 0 0 0 43 30 26
30 0 0 0 29 33 10
31 0 0 0 36 32 6
32 0 0 0 50 27 31
33 0 0 0 40 34 30
34 0 0 0 33 37 9
35 0 0 0 39 36 7
36 0 0 0 35 49 31
37 0 0 0 34 41 38
38 0 0 0 37 39 8
39 0 0 0 42 35 38
40 0 0 0 41 33 43
41 0 0 0 37 40 42
42 0 0 0 44 39 41
43 0 0 0 40 29 44
44 0 0 0 25 42 43
45 0 0 0 46 21 51
46 0 0 0 47 45 56
47 0 0 0 48 46 54
48 0 0 0 49 47 52
49 0 0 0 36 48 50
50 0 0 0 53 32 49
51 0 0 0 17 58 45
52 0 0 0 55 53 48
53 0 0 0 59 50 52
54 0 0 0 57 55 47
55 0 0 0 54 68 52
56 0 0 0 58 57 46
57 0 0 0 56 90 54
58 0 0 0 51 89 56
59 0 0 0 60 53 68
60 0 0 0 61 59 79
61 0 0 0 62 60 77
62 0 0 0 63 61 75
63 0 0 0 64 62 73
64 0 0 0 65 63 71
65 0 0 0 66 64 69
66 0 0 0 28 65 67
67 0 0 0 66 70 24
68 0 0 0 55 81 59
69 0 0 0 72 70 65
70 0 0 0 69 112 67
71 0 0 0 74 72 64
72 0 0 0 115 69 71
73 0 0 0 76 74 63
74 0 0 0 73 116 71
75 0 0 0 78 76 62
76 0 0 0 75 114 73
77 0 0 0 61 80 78
78 0 0 0 113 75 77
79 0 0 0 81 80 60
80 0 0 0 79 109 77
81 0 0 0 107 79 68
82 0 0 0 83 15 91
83 0 0 0 84 82 102
84 0 0 0 85 83 100
85 0 0 0 86 84 98
86 0 0 0 87 85 96
87 0 0 0 88 86 94
88 0 0 0 89 87 92
89 0 0 0 58 88 90
90 0 0 0 89 93 57
91 0 0 0 82 20 104
92 0 0 0 95 93 88
93 0 0 0 92 105 90
94 0 0 0 97 95 87
95 0 0 0 110 92 94
96 0 0 0 99 97 86
97 0 0 0 96 111 94
98 0 0 0 101 99 85
99 0 0 0 98 108 96
100 0 0 0 101 84 103
101 0 0 0 106 98 100
102 0 0 0 83 104 103
103 0 0 0 102 107 100
104 0 0 0 102 91 109
105 0 0 0 110 106 93
106 0 0 0 108 101 105
107 0 0 0 103 109 81
108 0 0 0 99 106 111
109 0 0 0 107 104 80
110 0 0 0 111 105 95
111 0 0 0 108 110 97
112 0 0 0 115 113 70
113 0 0 0 114 78 112
114 0 0 0 76 113 116
115 0 0 0 116 112 72
116 0 0 0 114 115 74
0
