>>writegraph3d planar <<
1 0 0 0 14 2 17
2 0 0 0 3 15 1
3 0 0 0 19 2 4
4 0 0 0 3 5 23
5 0 0 0 4 6 27
6 0 0 0 5 7 31
7 0 0 0 6 8 35
8 0 0 0 7 9 39
9 0 0 0 8 10 38
10 0 0 0 9 11 34
11 0 0 0 10 12 30
12 0 0 0 11 13 26
13 0 0 0 12 14 22
14 0 0 0 13 1
15 0 0 0 20 16 2
16 0 0 0 66 17 15
17 0 0 0 16 18 1
18 0 0 0 17 54
19 0 0 0 20 3 24
20 0 0 0 71 15 19
21 0 0 0 47 22
22 0 0 0 21 25 13
23 0 0 0 28 24 4
24 0 0 0 23 73 19
25 0 0 0 22 46 26
26 0 0 0 25 29 12
27 0 0 0 32 28 5
28 0 0 0 27 69 23
29 0 0 0 45 30 26
30 0 0 0 29 33 11
31 0 0 0 36 32 6
32 0 0 0 31 67 27
33 0 0 0 42 34 30
34 0 0 0 33 37 10
35 0 0 0 40 36 7
36 0 0 0 53 31 35
37 0 0 0 34 43 38
38 0 0 0 37 41 9
39 0 0 0 41 40 8
40 0 0 0 39 52 35
41 0 0 0 44 39 38
42 0 0 0 43 33 45
43 0 0 0 37 42 44
44 0 0 0 46 41 43
45 0 0 0 42 29 46
46 0 0 0 25 44 45
47 0 0 0 48 21 54
48 0 0 0 49 47 61
49 0 0 0 50 48 59
50 0 0 0 51 49 57
51 0 0 0 52 50 55
52 0 0 0 40 51 53
53 0 0 0 56 36 52
54 0 0 0 18 63 47
55 0 0 0 58 56 51
56 0 0 0 64 53 55
57 0 0 0 60 58 50
58 0 0 0 57 70 55
59 0 0 0 62 60 49
60 0 0 0 59 72 57
61 0 0 0 63 62 48
62 0 0 0 61 68 59
63 0 0 0 54 65 61
64 0 0 0 65 56 70
65 0 0 0 63 64 68
66 0 0 0 67 16 71
67 0 0 0 32 66 69
68 0 0 0 62 65 72
69 0 0 0 28 67 73
70 0 0 0 58 72 64
71 0 0 0 73 66 20
72 0 0 0 60 68 70
73 0 0 0 24 69 71
0
