>>writegraph3d planar <<
1 0 0 0 14 2 17
2 0 0 0 3 15 1
3 0 0 0 20 2 4
4 0 0 0 3 5 24
5 0 0 0 4 6 28
6 0 0 0 5 7 32
7 0 0 0 6 8 36
8 0 0 0 7 9 40
9 0 0 0 8 10 39
10 0 0 0 9 11 35
11 0 0 0 10 12 31
12 0 0 0 11 13 27
13 0 0 0 12 14 23
14 0 0 0 13 1 19
15 0 0 0 21 16 2
16 0 0 0 15 64 17
17 0 0 0 16 18 1
18 0 0 0 17 55 19
19 0 0 0 18 22 14
20 0 0 0 21 3 25
21 0 0 0 76 15 20
22 0 0 0 48 23 19
23 0 0 0 22 26 13
24 0 0 0 29 25 4
25 0 0 0 24 73 20
26 0 0 0 23 47 27
27 0 0 0 26 30 12
28 0 0 0 33 29 5
29 0 0 0 28 72 24
30 0 0 0 46 31 27
31 0 0 0 30 34 11
32 0 0 0 37 33 6
33 0 0 0 57 28 32
34 0 0 0 35 31
35 0 0 0 34 38 10
36 0 0 0 41 37 7
37 0 0 0 36 54 32
38 0 0 0 35 44 39
39 0 0 0 38 42 9
40 0 0 0 42 41 8
41 0 0 0 40 53 36
42 0 0 0 45 40 39
43 0 0 0 44 46
44 0 0 0 38 43 45
45 0 0 0 47 42 44
46 0 0 0 43 30 47
47 0 0 0 26 45 46
48 0 0 0 49 22 55
49 0 0 0 50 48 62
50 0 0 0 51 49 60
51 0 0 0 58 52 50
52 0 0 0 51 56 53
53 0 0 0 41 52 54
54 0 0 0 37 53 57
55 0 0 0 18 64 48
56 0 0 0 59 57 52
57 0 0 0 56 33 54
58 0 0 0 59 51 61
59 0 0 0 65 56 58
60 0 0 0 63 61 50
61 0 0 0 60 74 58
62 0 0 0 64 63 49
63 0 0 0 62 87 60
64 0 0 0 16 62 55
65 0 0 0 66 59 74
66 0 0 0 67 65 85
67 0 0 0 68 66 83
68 0 0 0 69 67 81
69 0 0 0 79 70 68
70 0 0 0 69 77 71
71 0 0 0 72 70 75
72 0 0 0 29 71 73
73 0 0 0 25 72 76
74 0 0 0 61 87 65
75 0 0 0 78 76 71
76 0 0 0 75 21 73
77 0 0 0 70 80 78
78 0 0 0 88 75 77
79 0 0 0 82 80 69
80 0 0 0 79 91 77
81 0 0 0 84 82 68
82 0 0 0 81 92 79
83 0 0 0 67 86 84
84 0 0 0 90 81 83
85 0 0 0 86 66 87
86 0 0 0 83 85 89
87 0 0 0 63 85 74
88 0 0 0 89 78 91
89 0 0 0 86 88 90
90 0 0 0 92 84 89
91 0 0 0 80 92 88
92 0 0 0 82 90 91
0
