>>writegraph3d planar <<
1 0 0 0 15 2 18
2 0 0 0 3 16 1
3 0 0 0 21 2 4
4 0 0 0 3 5 25
5 0 0 0 4 6 29
6 0 0 0 5 7 33
7 0 0 0 6 8 37
8 0 0 0 7 9 41
9 0 0 0 8 10 44
10 0 0 0 9 11 40
11 0 0 0 10 12 36
12 0 0 0 11 13 32
13 0 0 0 12 14 28
14 0 0 0 13 15 24
15 0 0 0 14 1 20
16 0 0 0 22 17 2
17 0 0 0 55 18 16
18 0 0 0 17 19 1
19 0 0 0 59 20 18
20 0 0 0 19 23 15
21 0 0 0 26 22 3
22 0 0 0 52 16 21
23 0 0 0 57 24 20
24 0 0 0 23 27 14
25 0 0 0 30 26 4
26 0 0 0 53 21 25
27 0 0 0 24 51 28
28 0 0 0 27 31 13
29 0 0 0 34 30 5
30 0 0 0 29 58 25
31 0 0 0 28 50 32
32 0 0 0 31 35 12
33 0 0 0 38 34 6
34 0 0 0 33 60 29
35 0 0 0 49 36 32
36 0 0 0 35 39 11
37 0 0 0 42 38 7
38 0 0 0 37 56 33
39 0 0 0 46 40 36
40 0 0 0 39 43 10
41 0 0 0 45 42 8
42 0 0 0 41 54 37
43 0 0 0 40 47 44
44 0 0 0 43 45 9
45 0 0 0 48 41 44
46 0 0 0 47 39 49
47 0 0 0 43 46 48
48 0 0 0 50 45 47
49 0 0 0 46 35 50
50 0 0 0 31 48 49
51 0 0 0 27 57 52
52 0 0 0 55 22 51
53 0 0 0 54 26 58
54 0 0 0 42 53 56
55 0 0 0 59 17 52
56 0 0 0 38 54 60
57 0 0 0 51 23 59
58 0 0 0 30 60 53
59 0 0 0 57 19 55
60 0 0 0 34 56 58
0
