>>writegraph3d planar <<
1 0 0 0 16 2 19
2 0 0 0 3 17 1
3 0 0 0 22 2 4
4 0 0 0 3 5 25
5 0 0 0 4 6 29
6 0 0 0 5 7 33
7 0 0 0 6 8 37
8 0 0 0 7 9 41
9 0 0 0 8 10 45
10 0 0 0 9 11 44
11 0 0 0 10 12 40
12 0 0 0 11 13 36
13 0 0 0 12 14 32
14 0 0 0 13 15 28
15 0 0 0 14 16 24
16 0 0 0 15 1 21
17 0 0 0 23 18 2
18 0 0 0 78 19 17
19 0 0 0 18 20 1
20 0 0 0 19 75 21
21 0 0 0 20 16
22 0 0 0 23 3 26
23 0 0 0 83 17 22
24 0 0 0 27 15
25 0 0 0 30 26 4
26 0 0 0 25 85 22
27 0 0 0 53 28 24
28 0 0 0 27 31 14
29 0 0 0 34 30 5
30 0 0 0 29 81 25
31 0 0 0 28 52 32
32 0 0 0 31 35 13
33 0 0 0 38 34 6
34 0 0 0 33 79 29
35 0 0 0 51 36 32
36 0 0 0 35 39 12
37 0 0 0 42 38 7
38 0 0 0 64 33 37
39 0 0 0 48 40 36
40 0 0 0 39 43 11
41 0 0 0 46 42 8
42 0 0 0 41 61 37
43 0 0 0 40 49 44
44 0 0 0 43 47 10
45 0 0 0 47 46 9
46 0 0 0 45 60 41
47 0 0 0 50 45 44
48 0 0 0 49 39 51
49 0 0 0 43 48 50
50 0 0 0 52 47 49
51 0 0 0 48 35 52
52 0 0 0 31 50 51
53 0 0 0 54 27 62
54 0 0 0 55 53 73
55 0 0 0 56 54 71
56 0 0 0 57 55 69
57 0 0 0 58 56 67
58 0 0 0 65 59 57
59 0 0 0 58 63 60
60 0 0 0 46 59 61
61 0 0 0 42 60 64
62 0 0 0 75 53
63 0 0 0 66 64 59
64 0 0 0 63 38 61
65 0 0 0 66 58 68
66 0 0 0 76 63 65
67 0 0 0 70 68 57
68 0 0 0 67 82 65
69 0 0 0 72 70 56
70 0 0 0 69 84 67
71 0 0 0 74 72 55
72 0 0 0 71 80 69
73 0 0 0 75 74 54
74 0 0 0 73 77 71
75 0 0 0 20 73 62
76 0 0 0 77 66 82
77 0 0 0 74 76 80
78 0 0 0 79 18 83
79 0 0 0 34 78 81
80 0 0 0 72 77 84
81 0 0 0 30 79 85
82 0 0 0 68 84 76
83 0 0 0 85 78 23
84 0 0 0 70 80 82
85 0 0 0 26 81 83
0
