>>writegraph3d planar <<
1 0 0 0 16 2 19
2 0 0 0 3 17 1
3 0 0 0 22 2 4
4 0 0 0 3 5 26
5 0 0 0 4 6 30
6 0 0 0 5 7 34
7 0 0 0 6 8 38
8 0 0 0 7 9 42
9 0 0 0 8 10 46
10 0 0 0 9 11 45
11 0 0 0 10 12 41
12 0 0 0 11 13 37
13 0 0 0 12 14 33
14 0 0 0 13 15 29
15 0 0 0 14 16 25
16 0 0 0 15 1 21
17 0 0 0 23 18 2
18 0 0 0 79 19 17
19 0 0 0 18 20 1
20 0 0 0 19 76 21
21 0 0 0 20 24 16
22 0 0 0 23 3 27
23 0 0 0 84 17 22
24 0 0 0 21 63 25
25 0 0 0 24 28 15
26 0 0 0 31 27 4
27 0 0 0 26 86 22
28 0 0 0 54 29 25
29 0 0 0 28 32 14
30 0 0 0 35 31 5
31 0 0 0 30 82 26
32 0 0 0 29 53 33
33 0 0 0 32 36 13
34 0 0 0 39 35 6
35 0 0 0 34 80 30
36 0 0 0 52 37 33
37 0 0 0 36 40 12
38 0 0 0 43 39 7
39 0 0 0 65 34 38
40 0 0 0 49 41 37
41 0 0 0 40 44 11
42 0 0 0 47 43 8
43 0 0 0 42 62 38
44 0 0 0 41 50 45
45 0 0 0 44 48 10
46 0 0 0 48 47 9
47 0 0 0 46 61 42
48 0 0 0 51 46 45
49 0 0 0 50 40 52
50 0 0 0 44 49 51
51 0 0 0 53 48 50
52 0 0 0 49 36 53
53 0 0 0 32 51 52
54 0 0 0 55 28 63
55 0 0 0 56 54 74
56 0 0 0 57 55 72
57 0 0 0 58 56 70
58 0 0 0 59 57 68
59 0 0 0 66 60 58
60 0 0 0 59 64 61
61 0 0 0 47 60 62
62 0 0 0 43 61 65
63 0 0 0 24 76 54
64 0 0 0 67 65 60
65 0 0 0 64 39 62
66 0 0 0 67 59 69
67 0 0 0 77 64 66
68 0 0 0 71 69 58
69 0 0 0 68 83 66
70 0 0 0 73 71 57
71 0 0 0 70 85 68
72 0 0 0 75 73 56
73 0 0 0 72 81 70
74 0 0 0 76 75 55
75 0 0 0 74 78 72
76 0 0 0 20 74 63
77 0 0 0 78 67 83
78 0 0 0 75 77 81
79 0 0 0 80 18 84
80 0 0 0 35 79 82
81 0 0 0 73 78 85
82 0 0 0 31 80 86
83 0 0 0 69 85 77
84 0 0 0 86 79 23
85 0 0 0 71 81 83
86 0 0 0 27 82 84
0
