>>writegraph3d planar <<
1 0 0 0 139 15 111
2 0 0 0 3 145 139
3 0 0 0 17 2 4
4 0 0 0 135 3 125
5 0 0 0 24 125 6
6 0 0 0 28 5 7
7 0 0 0 8 32 6
8 0 0 0 9 35 7
9 0 0 0 31 8 10
10 0 0 0 27 9 11
11 0 0 0 23 10 12
12 0 0 0 20 11 13
13 0 0 0 119 12 111
14 0 0 0 76 140 147
15 0 0 0 140 16 1
16 0 0 0 112 121 15
17 0 0 0 126 141 3
18 0 0 0 141 85 147
19 0 0 0 42 113 117
20 0 0 0 22 12 113
21 0 0 0 62 126 133
22 0 0 0 23 20 41
23 0 0 0 26 11 22
24 0 0 0 25 5 29
25 0 0 0 131 24 127
26 0 0 0 27 23 40
27 0 0 0 30 10 26
28 0 0 0 29 6 33
29 0 0 0 24 28 47
30 0 0 0 31 27 37
31 0 0 0 34 9 30
32 0 0 0 7 36 33
33 0 0 0 28 32 46
34 0 0 0 35 31 38
35 0 0 0 8 34 36
36 0 0 0 35 39 32
37 0 0 0 40 38 30
38 0 0 0 39 34 37
39 0 0 0 36 38 41
40 0 0 0 41 37 26
41 0 0 0 39 40 22
42 0 0 0 128 19
43 0 0 0 128 134 44
44 0 0 0 50 45 43
45 0 0 0 150 142 44
46 0 0 0 142 47 33
47 0 0 0 46 143 29
48 0 0 0 112 53
49 0 0 0 143 146 54
50 0 0 0 129 51 44
51 0 0 0 50 144 150
52 0 0 0 84 129 132
53 0 0 0 48 130 136
54 0 0 0 63 114 49
55 0 0 0 114 120 56
56 0 0 0 72 57 55
57 0 0 0 70 58 56
58 0 0 0 68 59 57
59 0 0 0 66 60 58
60 0 0 0 59 64 61
61 0 0 0 60 62 127
62 0 0 0 65 21 61
63 0 0 0 144 116 54
64 0 0 0 60 67 65
65 0 0 0 106 62 64
66 0 0 0 67 59 69
67 0 0 0 64 66 109
68 0 0 0 69 58 71
69 0 0 0 66 68 110
70 0 0 0 71 57 73
71 0 0 0 68 70 108
72 0 0 0 115 73 56
73 0 0 0 72 107 70
74 0 0 0 103 115 118
75 0 0 0 116 101 118
76 0 0 0 77 14 85
77 0 0 0 78 76 96
78 0 0 0 79 77 94
79 0 0 0 80 78 92
80 0 0 0 81 79 90
81 0 0 0 82 80 88
82 0 0 0 83 81 86
83 0 0 0 130 82 84
84 0 0 0 87 52 83
85 0 0 0 18 98 76
86 0 0 0 89 87 82
87 0 0 0 99 84 86
88 0 0 0 91 89 81
89 0 0 0 88 104 86
90 0 0 0 93 91 80
91 0 0 0 90 105 88
92 0 0 0 95 93 79
93 0 0 0 92 102 90
94 0 0 0 97 95 78
95 0 0 0 94 100 92
96 0 0 0 98 97 77
97 0 0 0 101 94 96
98 0 0 0 85 103 96
99 0 0 0 100 87 104
100 0 0 0 95 99 102
101 0 0 0 75 97 103
102 0 0 0 93 100 105
103 0 0 0 98 74 101
104 0 0 0 89 105 99
105 0 0 0 91 102 104
106 0 0 0 107 65 109
107 0 0 0 73 106 108
108 0 0 0 110 71 107
109 0 0 0 67 110 106
110 0 0 0 109 69 108
111 0 0 0 121 13 1
112 0 0 0 117 16 48
113 0 0 0 20 119 19
114 0 0 0 54 122 55
115 0 0 0 74 72 120
116 0 0 0 63 75 122
117 0 0 0 123 112 19
118 0 0 0 124 75 74
119 0 0 0 113 13 123
120 0 0 0 55 124 115
121 0 0 0 16 123 111
122 0 0 0 114 116 124
123 0 0 0 121 117 119
124 0 0 0 120 122 118
125 0 0 0 131 4 5
126 0 0 0 21 17 135
127 0 0 0 61 133 25
128 0 0 0 136 43 42
129 0 0 0 52 50 134
130 0 0 0 53 83 132
131 0 0 0 137 125 25
132 0 0 0 52 138 130
133 0 0 0 127 21 137
134 0 0 0 43 138 129
135 0 0 0 126 4 137
136 0 0 0 138 128 53
137 0 0 0 135 131 133
138 0 0 0 134 136 132
139 0 0 0 149 1 2
140 0 0 0 14 15 149
141 0 0 0 17 18 145
142 0 0 0 148 46 45
143 0 0 0 47 148 49
144 0 0 0 51 63 146
145 0 0 0 141 151 2
146 0 0 0 49 152 144
147 0 0 0 151 18 14
148 0 0 0 143 142 152
149 0 0 0 140 139 151
150 0 0 0 152 45 51
151 0 0 0 145 147 149
152 0 0 0 148 150 146
0
