>>writegraph3d planar <<
1 0 0 0 20 2 5
2 0 0 0 11 3 1
3 0 0 0 10 4 2
4 0 0 0 8 5 3
5 0 0 0 4 6 1
6 0 0 0 7 22 5
7 0 0 0 45 6 8
8 0 0 0 7 4 9
9 0 0 0 8 10 44
10 0 0 0 9 3 21
11 0 0 0 21 2 12
12 0 0 0 11 177 197
13 0 0 0 177 14 24
14 0 0 0 13 15 26
15 0 0 0 14 16 28
16 0 0 0 15 17 30
17 0 0 0 16 205 225
18 0 0 0 205 19 33
19 0 0 0 18 233 253
20 0 0 0 233 1 22
21 0 0 0 10 11 178
22 0 0 0 6 36 20
23 0 0 0 178 193 37
24 0 0 0 27 25 13
25 0 0 0 24 179 189
26 0 0 0 29 27 14
27 0 0 0 74 24 26
28 0 0 0 31 29 15
29 0 0 0 28 82 26
30 0 0 0 206 31 16
31 0 0 0 30 92 28
32 0 0 0 100 206 221
33 0 0 0 234 34 18
34 0 0 0 33 207 217
35 0 0 0 249 64 234
36 0 0 0 22 235 245
37 0 0 0 46 38 23
38 0 0 0 37 254 236
39 0 0 0 54 40 236
40 0 0 0 39 52 41
41 0 0 0 40 50 42
42 0 0 0 48 43 41
43 0 0 0 42 226 208
44 0 0 0 208 45 9
45 0 0 0 209 7 44
46 0 0 0 179 57 37
47 0 0 0 58 209 218
48 0 0 0 51 49 42
49 0 0 0 48 210 226
50 0 0 0 41 53 51
51 0 0 0 112 48 50
52 0 0 0 40 55 53
53 0 0 0 50 52 120
54 0 0 0 237 55 39
55 0 0 0 54 130 52
56 0 0 0 81 237 246
57 0 0 0 46 238 254
58 0 0 0 180 47 65
59 0 0 0 60 180 194
60 0 0 0 61 59 70
61 0 0 0 62 60 68
62 0 0 0 63 61 66
63 0 0 0 235 62 64
64 0 0 0 35 63 67
65 0 0 0 210 73 58
66 0 0 0 69 67 62
67 0 0 0 93 64 66
68 0 0 0 71 69 61
69 0 0 0 68 101 66
70 0 0 0 181 71 60
71 0 0 0 70 111 68
72 0 0 0 119 181 190
73 0 0 0 65 182 198
74 0 0 0 75 27 82
75 0 0 0 76 74 90
76 0 0 0 77 75 88
77 0 0 0 86 78 76
78 0 0 0 77 84 211
79 0 0 0 80 211 223
80 0 0 0 238 79 81
81 0 0 0 212 56 80
82 0 0 0 29 92 74
83 0 0 0 131 212 219
84 0 0 0 87 85 78
85 0 0 0 84 213 227
86 0 0 0 87 77 89
87 0 0 0 157 84 86
88 0 0 0 91 89 76
89 0 0 0 88 163 86
90 0 0 0 92 91 75
91 0 0 0 90 169 88
92 0 0 0 31 90 82
93 0 0 0 94 67 101
94 0 0 0 95 93 109
95 0 0 0 96 94 107
96 0 0 0 97 95 105
97 0 0 0 98 96 103
98 0 0 0 183 97 199
99 0 0 0 183 100 207
100 0 0 0 184 32 99
101 0 0 0 69 111 93
102 0 0 0 175 184 191
103 0 0 0 106 104 97
104 0 0 0 103 185 199
105 0 0 0 108 106 96
106 0 0 0 174 103 105
107 0 0 0 110 108 95
108 0 0 0 107 172 105
109 0 0 0 111 110 94
110 0 0 0 109 171 107
111 0 0 0 71 109 101
112 0 0 0 113 51 120
113 0 0 0 114 112 128
114 0 0 0 115 113 126
115 0 0 0 116 114 124
116 0 0 0 239 115 122
117 0 0 0 251 118 239
118 0 0 0 117 119 182
119 0 0 0 240 72 118
120 0 0 0 53 130 112
121 0 0 0 147 240 247
122 0 0 0 125 123 116
123 0 0 0 122 241 255
124 0 0 0 127 125 115
125 0 0 0 138 122 124
126 0 0 0 129 127 114
127 0 0 0 126 135 124
128 0 0 0 130 129 113
129 0 0 0 128 134 126
130 0 0 0 55 128 120
131 0 0 0 186 83 136
132 0 0 0 196 133 186
133 0 0 0 132 137 134
134 0 0 0 129 133 135
135 0 0 0 127 134 138
136 0 0 0 213 140 131
137 0 0 0 187 138 133
138 0 0 0 137 125 135
139 0 0 0 141 187 192
140 0 0 0 136 188 200
141 0 0 0 142 139 148
142 0 0 0 143 141 154
143 0 0 0 152 144 142
144 0 0 0 143 150 214
145 0 0 0 146 214 224
146 0 0 0 241 145 147
147 0 0 0 215 121 146
148 0 0 0 188 156 141
149 0 0 0 220 170 215
150 0 0 0 153 151 144
151 0 0 0 150 216 228
152 0 0 0 153 143 155
153 0 0 0 165 150 152
154 0 0 0 156 155 142
155 0 0 0 154 162 152
156 0 0 0 148 161 154
157 0 0 0 158 87 163
158 0 0 0 242 157 167
159 0 0 0 252 160 242
160 0 0 0 159 164 161
161 0 0 0 156 160 162
162 0 0 0 155 161 165
163 0 0 0 89 169 157
164 0 0 0 166 165 160
165 0 0 0 164 153 162
166 0 0 0 243 164 252
167 0 0 0 169 244 158
168 0 0 0 244 175 248
169 0 0 0 91 167 163
170 0 0 0 149 173 171
171 0 0 0 110 170 172
172 0 0 0 108 171 174
173 0 0 0 216 174 170
174 0 0 0 173 106 172
175 0 0 0 168 102 176
176 0 0 0 243 175 185
177 0 0 0 12 13 189
178 0 0 0 197 23 21
179 0 0 0 25 46 193
180 0 0 0 59 58 198
181 0 0 0 72 70 194
182 0 0 0 73 118 190
183 0 0 0 195 99 98
184 0 0 0 102 100 195
185 0 0 0 104 176 191
186 0 0 0 132 131 200
187 0 0 0 139 137 196
188 0 0 0 140 148 192
189 0 0 0 25 201 177
190 0 0 0 202 182 72
191 0 0 0 203 185 102
192 0 0 0 204 188 139
193 0 0 0 23 201 179
194 0 0 0 202 181 59
195 0 0 0 184 183 203
196 0 0 0 187 132 204
197 0 0 0 201 178 12
198 0 0 0 73 202 180
199 0 0 0 104 203 98
200 0 0 0 140 204 186
201 0 0 0 193 197 189
202 0 0 0 198 190 194
203 0 0 0 199 191 195
204 0 0 0 200 192 196
205 0 0 0 17 18 217
206 0 0 0 32 30 225
207 0 0 0 34 99 221
208 0 0 0 43 222 44
209 0 0 0 47 45 222
210 0 0 0 49 65 218
211 0 0 0 79 78 227
212 0 0 0 83 81 223
213 0 0 0 85 136 219
214 0 0 0 145 144 228
215 0 0 0 149 147 224
216 0 0 0 151 173 220
217 0 0 0 34 229 205
218 0 0 0 230 210 47
219 0 0 0 231 213 83
220 0 0 0 216 149 232
221 0 0 0 229 207 32
222 0 0 0 208 230 209
223 0 0 0 79 231 212
224 0 0 0 145 232 215
225 0 0 0 229 206 17
226 0 0 0 43 49 230
227 0 0 0 231 211 85
228 0 0 0 232 214 151
229 0 0 0 217 221 225
230 0 0 0 222 226 218
231 0 0 0 223 227 219
232 0 0 0 224 228 220
233 0 0 0 19 20 245
234 0 0 0 35 33 253
235 0 0 0 36 63 249
236 0 0 0 38 250 39
237 0 0 0 56 54 250
238 0 0 0 57 80 246
239 0 0 0 117 116 255
240 0 0 0 121 119 251
241 0 0 0 123 146 247
242 0 0 0 159 158 256
243 0 0 0 248 176 166
244 0 0 0 167 168 256
245 0 0 0 36 257 233
246 0 0 0 258 238 56
247 0 0 0 259 241 121
248 0 0 0 168 243 260
249 0 0 0 235 35 257
250 0 0 0 236 258 237
251 0 0 0 240 117 259
252 0 0 0 166 159 260
253 0 0 0 257 234 19
254 0 0 0 38 57 258
255 0 0 0 123 259 239
256 0 0 0 244 260 242
257 0 0 0 245 249 253
258 0 0 0 250 254 246
259 0 0 0 255 247 251
260 0 0 0 256 248 252
0
