>>writegraph3d planar <<
1 0 0 0 115 13 15
2 0 0 0 3 115 121
3 0 0 0 4 2 18
4 0 0 0 5 3 22
5 0 0 0 6 4 26
6 0 0 0 7 5 30
7 0 0 0 8 6 34
8 0 0 0 9 7 37
9 0 0 0 10 8 33
10 0 0 0 11 9 29
11 0 0 0 12 10 25
12 0 0 0 21 13 11
13 0 0 0 12 17 1
14 0 0 0 123 116 80
15 0 0 0 16 116 1
16 0 0 0 50 15 17
17 0 0 0 20 16 13
18 0 0 0 117 23 3
19 0 0 0 89 117 123
20 0 0 0 21 44 17
21 0 0 0 24 20 12
22 0 0 0 23 27 4
23 0 0 0 18 65 22
24 0 0 0 43 21 25
25 0 0 0 28 24 11
26 0 0 0 27 31 5
27 0 0 0 64 26 22
28 0 0 0 29 42 25
29 0 0 0 32 28 10
30 0 0 0 31 35 6
31 0 0 0 26 49 30
32 0 0 0 33 39 29
33 0 0 0 36 32 9
34 0 0 0 35 38 7
35 0 0 0 30 48 34
36 0 0 0 37 40 33
37 0 0 0 38 36 8
38 0 0 0 34 41 37
39 0 0 0 32 40 42
40 0 0 0 36 41 39
41 0 0 0 38 43 40
42 0 0 0 28 39 43
43 0 0 0 41 24 42
44 0 0 0 20 45 50
45 0 0 0 46 54 44
46 0 0 0 52 45 118
47 0 0 0 124 118 48
48 0 0 0 49 47 35
49 0 0 0 31 119 48
50 0 0 0 56 16 44
51 0 0 0 119 57 122
52 0 0 0 53 55 46
53 0 0 0 120 52 126
54 0 0 0 45 55 56
55 0 0 0 52 88 54
56 0 0 0 87 50 54
57 0 0 0 51 58 66
58 0 0 0 57 59 77
59 0 0 0 60 75 58
60 0 0 0 73 59 61
61 0 0 0 60 62 71
62 0 0 0 61 63 69
63 0 0 0 62 64 67
64 0 0 0 63 27 65
65 0 0 0 23 68 64
66 0 0 0 79 120 57
67 0 0 0 68 70 63
68 0 0 0 110 67 65
69 0 0 0 70 72 62
70 0 0 0 113 69 67
71 0 0 0 72 74 61
72 0 0 0 114 71 69
73 0 0 0 76 60 74
74 0 0 0 71 112 73
75 0 0 0 76 78 59
76 0 0 0 111 75 73
77 0 0 0 79 58 78
78 0 0 0 75 107 77
79 0 0 0 105 66 77
80 0 0 0 14 81 89
81 0 0 0 80 82 100
82 0 0 0 81 83 98
83 0 0 0 82 84 96
84 0 0 0 83 85 94
85 0 0 0 84 86 92
86 0 0 0 85 87 90
87 0 0 0 86 56 88
88 0 0 0 55 91 87
89 0 0 0 102 19 80
90 0 0 0 91 93 86
91 0 0 0 103 90 88
92 0 0 0 93 95 85
93 0 0 0 108 92 90
94 0 0 0 95 97 84
95 0 0 0 109 94 92
96 0 0 0 97 99 83
97 0 0 0 94 106 96
98 0 0 0 99 101 82
99 0 0 0 104 98 96
100 0 0 0 101 102 81
101 0 0 0 98 105 100
102 0 0 0 107 89 100
103 0 0 0 108 91 104
104 0 0 0 103 99 106
105 0 0 0 101 79 107
106 0 0 0 97 109 104
107 0 0 0 78 102 105
108 0 0 0 109 93 103
109 0 0 0 106 95 108
110 0 0 0 113 68 111
111 0 0 0 110 76 112
112 0 0 0 74 114 111
113 0 0 0 114 70 110
114 0 0 0 112 72 113
115 0 0 0 2 1 125
116 0 0 0 14 125 15
117 0 0 0 19 18 121
118 0 0 0 126 46 47
119 0 0 0 49 51 124
120 0 0 0 66 53 122
121 0 0 0 117 2
122 0 0 0 120 127 51
123 0 0 0 14 19
124 0 0 0 127 47 119
125 0 0 0 116 115
126 0 0 0 53 118 127
127 0 0 0 126 124 122
0
