>>writegraph3d planar <<
1 0 0 0 115 2 16
2 0 0 0 3 14 1
3 0 0 0 18 2 4
4 0 0 0 3 5 22
5 0 0 0 4 6 26
6 0 0 0 5 7 30
7 0 0 0 6 8 34
8 0 0 0 7 9 37
9 0 0 0 8 10 33
10 0 0 0 9 11 29
11 0 0 0 10 12 25
12 0 0 0 11 13 21
13 0 0 0 12 115 123
14 0 0 0 19 15 2
15 0 0 0 80 16 14
16 0 0 0 15 17 1
17 0 0 0 116 125 16
18 0 0 0 19 3 23
19 0 0 0 89 14 18
20 0 0 0 44 117 121
21 0 0 0 117 24 12
22 0 0 0 27 23 4
23 0 0 0 22 66 18
24 0 0 0 21 43 25
25 0 0 0 24 28 11
26 0 0 0 31 27 5
27 0 0 0 26 65 22
28 0 0 0 42 29 25
29 0 0 0 28 32 10
30 0 0 0 35 31 6
31 0 0 0 49 26 30
32 0 0 0 39 33 29
33 0 0 0 32 36 9
34 0 0 0 38 35 7
35 0 0 0 34 48 30
36 0 0 0 33 40 37
37 0 0 0 36 38 8
38 0 0 0 41 34 37
39 0 0 0 40 32 42
40 0 0 0 36 39 41
41 0 0 0 43 38 40
42 0 0 0 39 28 43
43 0 0 0 24 41 42
44 0 0 0 45 20 50
45 0 0 0 46 44 55
46 0 0 0 47 45 53
47 0 0 0 48 46 51
48 0 0 0 35 47 49
49 0 0 0 52 31 48
50 0 0 0 116 57 44
51 0 0 0 54 52 47
52 0 0 0 58 49 51
53 0 0 0 56 54 46
54 0 0 0 53 67 51
55 0 0 0 56 45 57
56 0 0 0 88 53 55
57 0 0 0 50 87 55
58 0 0 0 118 52 67
59 0 0 0 60 118 124
60 0 0 0 61 59 76
61 0 0 0 62 60 74
62 0 0 0 63 61 72
63 0 0 0 64 62 70
64 0 0 0 65 63 68
65 0 0 0 27 64 66
66 0 0 0 65 69 23
67 0 0 0 54 120 58
68 0 0 0 71 69 64
69 0 0 0 68 110 66
70 0 0 0 73 71 63
71 0 0 0 113 68 70
72 0 0 0 75 73 62
73 0 0 0 72 114 70
74 0 0 0 77 75 61
75 0 0 0 74 112 72
76 0 0 0 60 119 77
77 0 0 0 111 74 76
78 0 0 0 122 107 119
79 0 0 0 105 122 120
80 0 0 0 81 15 89
81 0 0 0 82 80 100
82 0 0 0 83 81 98
83 0 0 0 84 82 96
84 0 0 0 85 83 94
85 0 0 0 86 84 92
86 0 0 0 87 85 90
87 0 0 0 57 86 88
88 0 0 0 91 56 87
89 0 0 0 80 19 102
90 0 0 0 93 91 86
91 0 0 0 103 88 90
92 0 0 0 95 93 85
93 0 0 0 92 108 90
94 0 0 0 97 95 84
95 0 0 0 94 109 92
96 0 0 0 99 97 83
97 0 0 0 96 106 94
98 0 0 0 101 99 82
99 0 0 0 98 104 96
100 0 0 0 102 101 81
101 0 0 0 105 98 100
102 0 0 0 107 100 89
103 0 0 0 104 91 108
104 0 0 0 99 103 106
105 0 0 0 107 79 101
106 0 0 0 97 104 109
107 0 0 0 78 105 102
108 0 0 0 93 109 103
109 0 0 0 95 106 108
110 0 0 0 113 111 69
111 0 0 0 112 77 110
112 0 0 0 75 111 114
113 0 0 0 114 110 71
114 0 0 0 112 113 73
115 0 0 0 13 1 125
116 0 0 0 121 17 50
117 0 0 0 20 21 123
118 0 0 0 59 58 126
119 0 0 0 124 78 76
120 0 0 0 67 79 126
121 0 0 0 127 116 20
122 0 0 0 79 78 128
123 0 0 0 127 117 13
124 0 0 0 128 119 59
125 0 0 0 17 127 115
126 0 0 0 120 128 118
127 0 0 0 125 121 123
128 0 0 0 122 124 126
0
