>>writegraph3d planar <<
1 0 0 0 20 2 5
2 0 0 0 11 3 1
3 0 0 0 10 4 2
4 0 0 0 8 5 3
5 0 0 0 4 6 1
6 0 0 0 7 22 5
7 0 0 0 47 6 8
8 0 0 0 7 4 9
9 0 0 0 8 10 46
10 0 0 0 9 3 21
11 0 0 0 21 2 12
12 0 0 0 11 185 205
13 0 0 0 185 14 24
14 0 0 0 13 15 26
15 0 0 0 14 16 28
16 0 0 0 15 17 30
17 0 0 0 16 18 32
18 0 0 0 17 19 34
19 0 0 0 18 20 36
20 0 0 0 19 1 22
21 0 0 0 10 11 186
22 0 0 0 6 38 20
23 0 0 0 186 201 39
24 0 0 0 27 25 13
25 0 0 0 187 197 24
26 0 0 0 29 27 14
27 0 0 0 78 24 26
28 0 0 0 31 29 15
29 0 0 0 28 86 26
30 0 0 0 33 31 16
31 0 0 0 30 97 28
32 0 0 0 35 33 17
33 0 0 0 105 30 32
34 0 0 0 37 35 18
35 0 0 0 34 104 32
36 0 0 0 38 37 19
37 0 0 0 68 34 36
38 0 0 0 22 67 36
39 0 0 0 23 48 40
40 0 0 0 39 59 41
41 0 0 0 57 42 40
42 0 0 0 41 55 43
43 0 0 0 42 53 44
44 0 0 0 43 51 45
45 0 0 0 44 49 46
46 0 0 0 45 47 9
47 0 0 0 50 7 46
48 0 0 0 187 61 39
49 0 0 0 45 52 50
50 0 0 0 62 47 49
51 0 0 0 54 52 44
52 0 0 0 51 69 49
53 0 0 0 43 56 54
54 0 0 0 117 51 53
55 0 0 0 42 58 56
56 0 0 0 53 55 125
57 0 0 0 60 58 41
58 0 0 0 57 136 55
59 0 0 0 40 61 60
60 0 0 0 85 57 59
61 0 0 0 48 84 59
62 0 0 0 188 50 69
63 0 0 0 64 188 202
64 0 0 0 65 63 74
65 0 0 0 66 64 72
66 0 0 0 67 65 70
67 0 0 0 38 66 68
68 0 0 0 71 37 67
69 0 0 0 52 77 62
70 0 0 0 73 71 66
71 0 0 0 98 68 70
72 0 0 0 75 73 65
73 0 0 0 72 106 70
74 0 0 0 189 75 64
75 0 0 0 74 116 72
76 0 0 0 124 189 198
77 0 0 0 69 190 206
78 0 0 0 79 27 86
79 0 0 0 80 78 95
80 0 0 0 81 79 93
81 0 0 0 82 80 91
82 0 0 0 83 81 89
83 0 0 0 84 82 87
84 0 0 0 61 83 85
85 0 0 0 88 60 84
86 0 0 0 97 78 29
87 0 0 0 88 83 90
88 0 0 0 137 85 87
89 0 0 0 92 90 82
90 0 0 0 89 142 87
91 0 0 0 94 92 81
92 0 0 0 164 89 91
93 0 0 0 94 80 96
94 0 0 0 170 91 93
95 0 0 0 97 96 79
96 0 0 0 95 177 93
97 0 0 0 31 95 86
98 0 0 0 99 71 106
99 0 0 0 100 98 114
100 0 0 0 101 99 112
101 0 0 0 102 100 110
102 0 0 0 103 101 108
103 0 0 0 191 102 207
104 0 0 0 35 191 105
105 0 0 0 192 33 104
106 0 0 0 73 116 98
107 0 0 0 199 183 192
108 0 0 0 109 102 111
109 0 0 0 207 108 193
110 0 0 0 113 111 101
111 0 0 0 182 108 110
112 0 0 0 100 115 113
113 0 0 0 180 110 112
114 0 0 0 115 99 116
115 0 0 0 112 114 179
116 0 0 0 75 114 106
117 0 0 0 118 54 125
118 0 0 0 119 117 134
119 0 0 0 120 118 132
120 0 0 0 121 119 130
121 0 0 0 122 120 128
122 0 0 0 126 123 121
123 0 0 0 122 124 190
124 0 0 0 127 76 123
125 0 0 0 56 136 117
126 0 0 0 127 122 129
127 0 0 0 153 124 126
128 0 0 0 131 129 121
129 0 0 0 128 152 126
130 0 0 0 133 131 120
131 0 0 0 144 128 130
132 0 0 0 135 133 119
133 0 0 0 132 141 130
134 0 0 0 136 135 118
135 0 0 0 134 140 132
136 0 0 0 58 134 125
137 0 0 0 194 88 142
138 0 0 0 204 139 194
139 0 0 0 138 143 140
140 0 0 0 135 139 141
141 0 0 0 133 140 144
142 0 0 0 90 146 137
143 0 0 0 195 144 139
144 0 0 0 143 131 141
145 0 0 0 200 147 195
146 0 0 0 142 196 208
147 0 0 0 145 154 148
148 0 0 0 149 147 161
149 0 0 0 150 148 159
150 0 0 0 151 149 157
151 0 0 0 152 150 155
152 0 0 0 129 151 153
153 0 0 0 156 127 152
154 0 0 0 196 163 147
155 0 0 0 151 158 156
156 0 0 0 178 153 155
157 0 0 0 160 158 150
158 0 0 0 157 181 155
159 0 0 0 149 162 160
160 0 0 0 172 157 159
161 0 0 0 162 148 163
162 0 0 0 159 161 169
163 0 0 0 154 168 161
164 0 0 0 165 92 170
165 0 0 0 166 164 175
166 0 0 0 167 165 173
167 0 0 0 168 166 171
168 0 0 0 163 167 169
169 0 0 0 162 168 172
170 0 0 0 164 94 177
171 0 0 0 174 172 167
172 0 0 0 171 160 169
173 0 0 0 166 176 174
174 0 0 0 184 171 173
175 0 0 0 177 176 165
176 0 0 0 175 183 173
177 0 0 0 96 175 170
178 0 0 0 179 156 181
179 0 0 0 115 178 180
180 0 0 0 182 113 179
181 0 0 0 158 182 178
182 0 0 0 181 111 180
183 0 0 0 107 184 176
184 0 0 0 183 193 174
185 0 0 0 12 13 197
186 0 0 0 205 23 21
187 0 0 0 201 25 48
188 0 0 0 63 62 206
189 0 0 0 76 74 202
190 0 0 0 77 123 198
191 0 0 0 104 103 203
192 0 0 0 107 105 203
193 0 0 0 184 199 109
194 0 0 0 138 137 208
195 0 0 0 145 143 204
196 0 0 0 146 154 200
197 0 0 0 25 209 185
198 0 0 0 210 190 76
199 0 0 0 193 107 211
200 0 0 0 196 145 212
201 0 0 0 23 209 187
202 0 0 0 210 189 63
203 0 0 0 191 211 192
204 0 0 0 195 138 212
205 0 0 0 209 186 12
206 0 0 0 77 210 188
207 0 0 0 103 109 211
208 0 0 0 146 212 194
209 0 0 0 201 205 197
210 0 0 0 206 198 202
211 0 0 0 203 207 199
212 0 0 0 208 200 204
0
