>>writegraph3d planar <<
1 0 0 0 110 2 16
2 0 0 0 3 14 1
3 0 0 0 18 2 4
4 0 0 0 3 124 134
5 0 0 0 124 6 25
6 0 0 0 5 138 148
7 0 0 0 138 8 32
8 0 0 0 7 9 35
9 0 0 0 8 10 31
10 0 0 0 9 11 28
11 0 0 0 10 12 24
12 0 0 0 11 13 21
13 0 0 0 12 110 118
14 0 0 0 19 15 2
15 0 0 0 76 16 14
16 0 0 0 15 17 1
17 0 0 0 111 120 16
18 0 0 0 19 3 125
19 0 0 0 85 14 18
20 0 0 0 42 112 116
21 0 0 0 112 23 12
22 0 0 0 125 132 62
23 0 0 0 41 24 21
24 0 0 0 23 27 11
25 0 0 0 139 26 5
26 0 0 0 126 130 25
27 0 0 0 40 28 24
28 0 0 0 27 30 10
29 0 0 0 47 139 146
30 0 0 0 37 31 28
31 0 0 0 30 34 9
32 0 0 0 36 33 7
33 0 0 0 32 140 144
34 0 0 0 31 38 35
35 0 0 0 34 36 8
36 0 0 0 39 32 35
37 0 0 0 38 30 40
38 0 0 0 34 37 39
39 0 0 0 41 36 38
40 0 0 0 37 27 41
41 0 0 0 40 23 39
42 0 0 0 127 20 48
43 0 0 0 44 127 133
44 0 0 0 45 43 50
45 0 0 0 46 44
46 0 0 0 140 45 47
47 0 0 0 49 29 46
48 0 0 0 111 53 42
49 0 0 0 54 47
50 0 0 0 128 51 44
51 0 0 0 50 63
52 0 0 0 84 128 131
53 0 0 0 48 129 135
54 0 0 0 113 49 63
55 0 0 0 56 113 119
56 0 0 0 57 55 72
57 0 0 0 58 56 70
58 0 0 0 59 57 68
59 0 0 0 60 58 66
60 0 0 0 64 61 59
61 0 0 0 60 62 126
62 0 0 0 61 65 22
63 0 0 0 51 115 54
64 0 0 0 67 65 60
65 0 0 0 64 105 62
66 0 0 0 69 67 59
67 0 0 0 108 64 66
68 0 0 0 71 69 58
69 0 0 0 68 109 66
70 0 0 0 73 71 57
71 0 0 0 70 107 68
72 0 0 0 56 114 73
73 0 0 0 106 70 72
74 0 0 0 114 117 102
75 0 0 0 115 100 117
76 0 0 0 141 15 85
77 0 0 0 78 141 147
78 0 0 0 79 77 94
79 0 0 0 80 78 92
80 0 0 0 81 79 90
81 0 0 0 82 80 88
82 0 0 0 83 81 86
83 0 0 0 129 82 84
84 0 0 0 87 52 83
85 0 0 0 76 19 143
86 0 0 0 89 87 82
87 0 0 0 98 84 86
88 0 0 0 91 89 81
89 0 0 0 88 103 86
90 0 0 0 93 91 80
91 0 0 0 90 104 88
92 0 0 0 95 93 79
93 0 0 0 92 101 90
94 0 0 0 142 95 78
95 0 0 0 94 99 92
96 0 0 0 100 142 145
97 0 0 0 102 145 143
98 0 0 0 99 87 103
99 0 0 0 95 98 101
100 0 0 0 75 96 102
101 0 0 0 93 99 104
102 0 0 0 100 97 74
103 0 0 0 89 104 98
104 0 0 0 91 101 103
105 0 0 0 108 106 65
106 0 0 0 107 73 105
107 0 0 0 71 106 109
108 0 0 0 109 105 67
109 0 0 0 107 108 69
110 0 0 0 13 1 120
111 0 0 0 116 17 48
112 0 0 0 20 21 118
113 0 0 0 55 54 121
114 0 0 0 72 119 74
115 0 0 0 63 75 121
116 0 0 0 122 111 20
117 0 0 0 74 123 75
118 0 0 0 122 112 13
119 0 0 0 114 55 123
120 0 0 0 17 122 110
121 0 0 0 123 113 115
122 0 0 0 120 116 118
123 0 0 0 117 119 121
124 0 0 0 4 5 130
125 0 0 0 134 22 18
126 0 0 0 132 26 61
127 0 0 0 43 42 135
128 0 0 0 52 50 133
129 0 0 0 53 83 131
130 0 0 0 26 136 124
131 0 0 0 52 137 129
132 0 0 0 22 136 126
133 0 0 0 137 128 43
134 0 0 0 136 125 4
135 0 0 0 137 127 53
136 0 0 0 132 134 130
137 0 0 0 131 133 135
138 0 0 0 6 7 144
139 0 0 0 29 25 148
140 0 0 0 33 46 146
141 0 0 0 77 76 149
142 0 0 0 96 94 147
143 0 0 0 97 149 85
144 0 0 0 33 150 138
145 0 0 0 97 96 151
146 0 0 0 29 150 140
147 0 0 0 151 142 77
148 0 0 0 150 139 6
149 0 0 0 143 151 141
150 0 0 0 146 148 144
151 0 0 0 149 145 147
0
