>>writegraph3d planar <<
1 0 0 0 20 2 5
2 0 0 0 11 3 1
3 0 0 0 10 4 2
4 0 0 0 8 5 3
5 0 0 0 4 6 1
6 0 0 0 7 22 5
7 0 0 0 47 6 8
8 0 0 0 7 4 9
9 0 0 0 8 10 46
10 0 0 0 9 3 21
11 0 0 0 21 2 12
12 0 0 0 11 184 204
13 0 0 0 184 14 24
14 0 0 0 13 15 26
15 0 0 0 14 16 28
16 0 0 0 15 17 30
17 0 0 0 16 18 32
18 0 0 0 17 19 34
19 0 0 0 18 20 36
20 0 0 0 19 1 22
21 0 0 0 10 11 185
22 0 0 0 6 38 20
23 0 0 0 185 200 39
24 0 0 0 27 25 13
25 0 0 0 186 196 24
26 0 0 0 29 27 14
27 0 0 0 77 24 26
28 0 0 0 31 29 15
29 0 0 0 28 85 26
30 0 0 0 33 31 16
31 0 0 0 30 96 28
32 0 0 0 35 33 17
33 0 0 0 104 30 32
34 0 0 0 37 35 18
35 0 0 0 34 103 32
36 0 0 0 38 37 19
37 0 0 0 67 34 36
38 0 0 0 22 66 36
39 0 0 0 23 48 40
40 0 0 0 39 58 41
41 0 0 0 56 42 40
42 0 0 0 41 54 43
43 0 0 0 42 52 44
44 0 0 0 43 50 45
45 0 0 0 44 46
46 0 0 0 45 47 9
47 0 0 0 49 7 46
48 0 0 0 186 60 39
49 0 0 0 61 47
50 0 0 0 53 51 44
51 0 0 0 50 68
52 0 0 0 43 55 53
53 0 0 0 116 50 52
54 0 0 0 42 57 55
55 0 0 0 52 54 124
56 0 0 0 59 57 41
57 0 0 0 56 135 54
58 0 0 0 40 60 59
59 0 0 0 84 56 58
60 0 0 0 48 83 58
61 0 0 0 187 49 68
62 0 0 0 63 187 201
63 0 0 0 64 62 73
64 0 0 0 65 63 71
65 0 0 0 66 64 69
66 0 0 0 38 65 67
67 0 0 0 70 37 66
68 0 0 0 51 76 61
69 0 0 0 72 70 65
70 0 0 0 97 67 69
71 0 0 0 74 72 64
72 0 0 0 71 105 69
73 0 0 0 188 74 63
74 0 0 0 73 115 71
75 0 0 0 123 188 197
76 0 0 0 68 189 205
77 0 0 0 78 27 85
78 0 0 0 79 77 94
79 0 0 0 80 78 92
80 0 0 0 81 79 90
81 0 0 0 82 80 88
82 0 0 0 83 81 86
83 0 0 0 60 82 84
84 0 0 0 87 59 83
85 0 0 0 96 77 29
86 0 0 0 87 82 89
87 0 0 0 136 84 86
88 0 0 0 91 89 81
89 0 0 0 88 141 86
90 0 0 0 93 91 80
91 0 0 0 163 88 90
92 0 0 0 93 79 95
93 0 0 0 169 90 92
94 0 0 0 96 95 78
95 0 0 0 94 176 92
96 0 0 0 31 94 85
97 0 0 0 98 70 105
98 0 0 0 99 97 113
99 0 0 0 100 98 111
100 0 0 0 101 99 109
101 0 0 0 102 100 107
102 0 0 0 190 101 206
103 0 0 0 35 190 104
104 0 0 0 191 33 103
105 0 0 0 72 115 97
106 0 0 0 198 182 191
107 0 0 0 108 101 110
108 0 0 0 206 107 192
109 0 0 0 112 110 100
110 0 0 0 181 107 109
111 0 0 0 99 114 112
112 0 0 0 179 109 111
113 0 0 0 114 98 115
114 0 0 0 111 113 178
115 0 0 0 74 113 105
116 0 0 0 117 53 124
117 0 0 0 118 116 133
118 0 0 0 119 117 131
119 0 0 0 120 118 129
120 0 0 0 121 119 127
121 0 0 0 125 122 120
122 0 0 0 121 123 189
123 0 0 0 126 75 122
124 0 0 0 55 135 116
125 0 0 0 126 121 128
126 0 0 0 152 123 125
127 0 0 0 130 128 120
128 0 0 0 127 151 125
129 0 0 0 132 130 119
130 0 0 0 143 127 129
131 0 0 0 134 132 118
132 0 0 0 131 140 129
133 0 0 0 135 134 117
134 0 0 0 133 139 131
135 0 0 0 57 133 124
136 0 0 0 193 87 141
137 0 0 0 203 138 193
138 0 0 0 137 142 139
139 0 0 0 134 138 140
140 0 0 0 132 139 143
141 0 0 0 89 145 136
142 0 0 0 194 143 138
143 0 0 0 142 130 140
144 0 0 0 199 146 194
145 0 0 0 141 195 207
146 0 0 0 144 153 147
147 0 0 0 148 146 160
148 0 0 0 149 147 158
149 0 0 0 150 148 156
150 0 0 0 151 149 154
151 0 0 0 128 150 152
152 0 0 0 155 126 151
153 0 0 0 195 162 146
154 0 0 0 150 157 155
155 0 0 0 177 152 154
156 0 0 0 159 157 149
157 0 0 0 156 180 154
158 0 0 0 148 161 159
159 0 0 0 171 156 158
160 0 0 0 161 147 162
161 0 0 0 158 160 168
162 0 0 0 153 167 160
163 0 0 0 164 91 169
164 0 0 0 165 163 174
165 0 0 0 166 164 172
166 0 0 0 167 165 170
167 0 0 0 162 166 168
168 0 0 0 161 167 171
169 0 0 0 163 93 176
170 0 0 0 173 171 166
171 0 0 0 170 159 168
172 0 0 0 165 175 173
173 0 0 0 183 170 172
174 0 0 0 176 175 164
175 0 0 0 174 182 172
176 0 0 0 95 174 169
177 0 0 0 178 155 180
178 0 0 0 114 177 179
179 0 0 0 181 112 178
180 0 0 0 157 181 177
181 0 0 0 180 110 179
182 0 0 0 106 183 175
183 0 0 0 182 192 173
184 0 0 0 12 13 196
185 0 0 0 204 23 21
186 0 0 0 200 25 48
187 0 0 0 62 61 205
188 0 0 0 75 73 201
189 0 0 0 76 122 197
190 0 0 0 103 102 202
191 0 0 0 106 104 202
192 0 0 0 183 198 108
193 0 0 0 137 136 207
194 0 0 0 144 142 203
195 0 0 0 145 153 199
196 0 0 0 25 208 184
197 0 0 0 209 189 75
198 0 0 0 192 106 210
199 0 0 0 195 144 211
200 0 0 0 23 208 186
201 0 0 0 209 188 62
202 0 0 0 190 210 191
203 0 0 0 194 137 211
204 0 0 0 208 185 12
205 0 0 0 76 209 187
206 0 0 0 102 108 210
207 0 0 0 145 211 193
208 0 0 0 200 204 196
209 0 0 0 205 197 201
210 0 0 0 202 206 198
211 0 0 0 207 199 203
0
