>>writegraph3d planar <<
1 0 0 0 127 15 113
2 0 0 0 119 3 113
3 0 0 0 17 4 2
4 0 0 0 21 5 3
5 0 0 0 6 4
6 0 0 0 5 29 7
7 0 0 0 33 8 6
8 0 0 0 7 36 9
9 0 0 0 8 32 10
10 0 0 0 9 28 11
11 0 0 0 24 12 10
12 0 0 0 11 20 13
13 0 0 0 12 133 127
14 0 0 0 121 114 78
15 0 0 0 128 114 1
16 0 0 0 49 128 135
17 0 0 0 22 3 115
18 0 0 0 87 115 121
19 0 0 0 20 129 133
20 0 0 0 23 19 12
21 0 0 0 26 4 22
22 0 0 0 21 17 64
23 0 0 0 42 20 24
24 0 0 0 27 23 11
25 0 0 0 30 26
26 0 0 0 25 21 63
27 0 0 0 41 24 28
28 0 0 0 10 31 27
29 0 0 0 6 30 34
30 0 0 0 29 25 48
31 0 0 0 28 32 38
32 0 0 0 9 35 31
33 0 0 0 34 37 7
34 0 0 0 47 33 29
35 0 0 0 36 39 32
36 0 0 0 8 37 35
37 0 0 0 33 40 36
38 0 0 0 39 41 31
39 0 0 0 35 40 38
40 0 0 0 37 42 39
41 0 0 0 38 42 27
42 0 0 0 40 23 41
43 0 0 0 129 44 49
44 0 0 0 45 53 43
45 0 0 0 51 44 116
46 0 0 0 116 47 122
47 0 0 0 46 34 48
48 0 0 0 47 30 117
49 0 0 0 55 16 43
50 0 0 0 120 117 56
51 0 0 0 52 54 45
52 0 0 0 118 51 124
53 0 0 0 44 54 55
54 0 0 0 51 86 53
55 0 0 0 85 49 53
56 0 0 0 65 50 57
57 0 0 0 138 56 130
58 0 0 0 59 74 130
59 0 0 0 72 58 60
60 0 0 0 61 70 59
61 0 0 0 62 68 60
62 0 0 0 63 66 61
63 0 0 0 64 62 26
64 0 0 0 67 63 22
65 0 0 0 132 118 56
66 0 0 0 62 67 69
67 0 0 0 66 64 108
68 0 0 0 61 69 71
69 0 0 0 66 111 68
70 0 0 0 60 71 73
71 0 0 0 70 68 112
72 0 0 0 73 75 59
73 0 0 0 110 72 70
74 0 0 0 58 75 76
75 0 0 0 72 109 74
76 0 0 0 134 74 131
77 0 0 0 103 132 136
78 0 0 0 14 79 87
79 0 0 0 78 80 98
80 0 0 0 79 81 96
81 0 0 0 80 82 94
82 0 0 0 81 83 92
83 0 0 0 82 84 90
84 0 0 0 83 85 88
85 0 0 0 84 55 86
86 0 0 0 54 89 85
87 0 0 0 100 18 78
88 0 0 0 89 91 84
89 0 0 0 86 101 88
90 0 0 0 91 93 83
91 0 0 0 106 90 88
92 0 0 0 93 95 82
93 0 0 0 107 92 90
94 0 0 0 95 97 81
95 0 0 0 92 104 94
96 0 0 0 97 99 80
97 0 0 0 102 96 94
98 0 0 0 99 100 79
99 0 0 0 103 98 96
100 0 0 0 98 105 87
101 0 0 0 89 102 106
102 0 0 0 101 97 104
103 0 0 0 105 99 77
104 0 0 0 95 107 102
105 0 0 0 100 103 131
106 0 0 0 107 91 101
107 0 0 0 104 93 106
108 0 0 0 111 67 109
109 0 0 0 110 108 75
110 0 0 0 112 109 73
111 0 0 0 69 108 112
112 0 0 0 111 110 71
113 0 0 0 123 2 1
114 0 0 0 14 123 15
115 0 0 0 17 119 18
116 0 0 0 45 46 124
117 0 0 0 122 48 50
118 0 0 0 65 52 120
119 0 0 0 115 2 125
120 0 0 0 126 50 118
121 0 0 0 125 14 18
122 0 0 0 46 117 126
123 0 0 0 114 125 113
124 0 0 0 52 116 126
125 0 0 0 123 121 119
126 0 0 0 122 120 124
127 0 0 0 137 1 13
128 0 0 0 16 15 137
129 0 0 0 19 43 135
130 0 0 0 134 57 58
131 0 0 0 105 136 76
132 0 0 0 77 65 138
133 0 0 0 19 139 13
134 0 0 0 140 130 76
135 0 0 0 139 129 16
136 0 0 0 131 77 140
137 0 0 0 128 127 139
138 0 0 0 132 57 140
139 0 0 0 133 135 137
140 0 0 0 138 134 136
0
