>>writegraph3d planar <<
1 0 0 0 20 2 5
2 0 0 0 11 3 1
3 0 0 0 10 4 2
4 0 0 0 8 5 3
5 0 0 0 4 6 1
6 0 0 0 7 22 5
7 0 0 0 46 6 8
8 0 0 0 7 4 9
9 0 0 0 8 10 45
10 0 0 0 9 3 21
11 0 0 0 21 2 12
12 0 0 0 11 180 200
13 0 0 0 180 14 24
14 0 0 0 13 15 26
15 0 0 0 14 16 28
16 0 0 0 15 17 30
17 0 0 0 16 208 228
18 0 0 0 208 19 33
19 0 0 0 18 20 35
20 0 0 0 19 1 22
21 0 0 0 10 11 181
22 0 0 0 6 37 20
23 0 0 0 181 196 38
24 0 0 0 27 25 13
25 0 0 0 182 192 24
26 0 0 0 29 27 14
27 0 0 0 76 24 26
28 0 0 0 31 29 15
29 0 0 0 28 84 26
30 0 0 0 209 31 16
31 0 0 0 30 94 28
32 0 0 0 102 209 224
33 0 0 0 36 34 18
34 0 0 0 33 210 220
35 0 0 0 37 36 19
36 0 0 0 66 33 35
37 0 0 0 22 65 35
38 0 0 0 23 47 39
39 0 0 0 38 57 40
40 0 0 0 55 41 39
41 0 0 0 40 53 42
42 0 0 0 41 51 43
43 0 0 0 49 44 42
44 0 0 0 43 229 211
45 0 0 0 211 46 9
46 0 0 0 212 7 45
47 0 0 0 182 59 38
48 0 0 0 60 212 221
49 0 0 0 52 50 43
50 0 0 0 49 213 229
51 0 0 0 42 54 52
52 0 0 0 114 49 51
53 0 0 0 41 56 54
54 0 0 0 51 53 122
55 0 0 0 58 56 40
56 0 0 0 55 132 53
57 0 0 0 39 59 58
58 0 0 0 83 55 57
59 0 0 0 47 82 57
60 0 0 0 183 48 67
61 0 0 0 62 183 197
62 0 0 0 63 61 72
63 0 0 0 64 62 70
64 0 0 0 65 63 68
65 0 0 0 37 64 66
66 0 0 0 69 36 65
67 0 0 0 213 75 60
68 0 0 0 71 69 64
69 0 0 0 95 66 68
70 0 0 0 73 71 63
71 0 0 0 70 103 68
72 0 0 0 184 73 62
73 0 0 0 72 113 70
74 0 0 0 121 184 193
75 0 0 0 67 185 201
76 0 0 0 77 27 84
77 0 0 0 78 76 92
78 0 0 0 79 77 90
79 0 0 0 80 78 88
80 0 0 0 214 79 86
81 0 0 0 82 214 226
82 0 0 0 59 81 83
83 0 0 0 215 58 82
84 0 0 0 29 94 76
85 0 0 0 133 215 222
86 0 0 0 89 87 80
87 0 0 0 86 216 230
88 0 0 0 89 79 91
89 0 0 0 159 86 88
90 0 0 0 93 91 78
91 0 0 0 90 165 88
92 0 0 0 94 93 77
93 0 0 0 92 172 90
94 0 0 0 31 92 84
95 0 0 0 96 69 103
96 0 0 0 97 95 111
97 0 0 0 98 96 109
98 0 0 0 99 97 107
99 0 0 0 100 98 105
100 0 0 0 186 99 202
101 0 0 0 186 102 210
102 0 0 0 187 32 101
103 0 0 0 71 113 95
104 0 0 0 178 187 194
105 0 0 0 108 106 99
106 0 0 0 105 188 202
107 0 0 0 110 108 98
108 0 0 0 177 105 107
109 0 0 0 97 112 110
110 0 0 0 175 107 109
111 0 0 0 112 96 113
112 0 0 0 109 111 174
113 0 0 0 73 111 103
114 0 0 0 115 52 122
115 0 0 0 116 114 130
116 0 0 0 117 115 128
117 0 0 0 118 116 126
118 0 0 0 119 117 124
119 0 0 0 120 118
120 0 0 0 119 121 185
121 0 0 0 123 74 120
122 0 0 0 54 132 114
123 0 0 0 149 121
124 0 0 0 127 125 118
125 0 0 0 124 148
126 0 0 0 129 127 117
127 0 0 0 140 124 126
128 0 0 0 131 129 116
129 0 0 0 128 137 126
130 0 0 0 132 131 115
131 0 0 0 130 136 128
132 0 0 0 56 130 122
133 0 0 0 189 85 138
134 0 0 0 199 135 189
135 0 0 0 134 139 136
136 0 0 0 131 135 137
137 0 0 0 129 136 140
138 0 0 0 216 142 133
139 0 0 0 190 140 135
140 0 0 0 139 127 137
141 0 0 0 143 190 195
142 0 0 0 138 191 203
143 0 0 0 144 141 150
144 0 0 0 145 143 156
145 0 0 0 146 144 154
146 0 0 0 217 145 152
147 0 0 0 148 217 227
148 0 0 0 125 147 149
149 0 0 0 218 123 148
150 0 0 0 191 158 143
151 0 0 0 173 218 223
152 0 0 0 155 153 146
153 0 0 0 152 219 231
154 0 0 0 145 157 155
155 0 0 0 167 152 154
156 0 0 0 144 158 157
157 0 0 0 154 156 164
158 0 0 0 150 163 156
159 0 0 0 160 89 165
160 0 0 0 161 159 170
161 0 0 0 168 162 160
162 0 0 0 161 166 163
163 0 0 0 158 162 164
164 0 0 0 157 163 167
165 0 0 0 91 172 159
166 0 0 0 162 169 167
167 0 0 0 166 155 164
168 0 0 0 169 161 171
169 0 0 0 166 168 179
170 0 0 0 172 171 160
171 0 0 0 178 168 170
172 0 0 0 93 170 165
173 0 0 0 174 151 176
174 0 0 0 112 173 175
175 0 0 0 177 110 174
176 0 0 0 219 177 173
177 0 0 0 176 108 175
178 0 0 0 179 171 104
179 0 0 0 169 178 188
180 0 0 0 12 13 192
181 0 0 0 200 23 21
182 0 0 0 196 25 47
183 0 0 0 61 60 201
184 0 0 0 74 72 197
185 0 0 0 75 120 193
186 0 0 0 198 101 100
187 0 0 0 104 102 198
188 0 0 0 106 179 194
189 0 0 0 134 133 203
190 0 0 0 141 139 199
191 0 0 0 142 150 195
192 0 0 0 25 204 180
193 0 0 0 205 185 74
194 0 0 0 206 188 104
195 0 0 0 207 191 141
196 0 0 0 23 204 182
197 0 0 0 205 184 61
198 0 0 0 187 186 206
199 0 0 0 190 134 207
200 0 0 0 204 181 12
201 0 0 0 75 205 183
202 0 0 0 106 206 100
203 0 0 0 142 207 189
204 0 0 0 196 200 192
205 0 0 0 201 193 197
206 0 0 0 202 194 198
207 0 0 0 203 195 199
208 0 0 0 17 18 220
209 0 0 0 32 30 228
210 0 0 0 34 101 224
211 0 0 0 44 225 45
212 0 0 0 48 46 225
213 0 0 0 50 67 221
214 0 0 0 81 80 230
215 0 0 0 85 83 226
216 0 0 0 87 138 222
217 0 0 0 147 146 231
218 0 0 0 151 149 227
219 0 0 0 153 176 223
220 0 0 0 34 232 208
221 0 0 0 233 213 48
222 0 0 0 234 216 85
223 0 0 0 235 219 151
224 0 0 0 232 210 32
225 0 0 0 211 233 212
226 0 0 0 81 234 215
227 0 0 0 147 235 218
228 0 0 0 232 209 17
229 0 0 0 44 50 233
230 0 0 0 234 214 87
231 0 0 0 235 217 153
232 0 0 0 220 224 228
233 0 0 0 225 229 221
234 0 0 0 226 230 222
235 0 0 0 227 231 223
0
