>>writegraph3d planar <<
1 0 0 0 113 2 16
2 0 0 0 3 14 1
3 0 0 0 18 2 4
4 0 0 0 3 127 137
5 0 0 0 127 6 25
6 0 0 0 5 7 29
7 0 0 0 6 8 33
8 0 0 0 7 9 36
9 0 0 0 8 10 32
10 0 0 0 9 11 28
11 0 0 0 10 12 24
12 0 0 0 11 13 21
13 0 0 0 12 113 121
14 0 0 0 19 15 2
15 0 0 0 78 16 14
16 0 0 0 15 17 1
17 0 0 0 114 123 16
18 0 0 0 19 3 128
19 0 0 0 87 14 18
20 0 0 0 43 115 119
21 0 0 0 115 23 12
22 0 0 0 128 135 64
23 0 0 0 21 42 24
24 0 0 0 23 27 11
25 0 0 0 30 26 5
26 0 0 0 129 133 25
27 0 0 0 41 28 24
28 0 0 0 27 31 10
29 0 0 0 34 30 6
30 0 0 0 48 25 29
31 0 0 0 38 32 28
32 0 0 0 31 35 9
33 0 0 0 37 34 7
34 0 0 0 33 47 29
35 0 0 0 32 39 36
36 0 0 0 35 37 8
37 0 0 0 40 33 36
38 0 0 0 39 31 41
39 0 0 0 35 38 40
40 0 0 0 42 37 39
41 0 0 0 38 27 42
42 0 0 0 23 40 41
43 0 0 0 130 20
44 0 0 0 45 130 136
45 0 0 0 52 46 44
46 0 0 0 45 50 47
47 0 0 0 34 46 48
48 0 0 0 51 30 47
49 0 0 0 114 55
50 0 0 0 46 53 51
51 0 0 0 56 48 50
52 0 0 0 131 53 45
53 0 0 0 52 65 50
54 0 0 0 86 131 134
55 0 0 0 49 132 138
56 0 0 0 116 51 65
57 0 0 0 58 116 122
58 0 0 0 59 57 74
59 0 0 0 60 58 72
60 0 0 0 61 59 70
61 0 0 0 62 60 68
62 0 0 0 66 63 61
63 0 0 0 62 64 129
64 0 0 0 63 67 22
65 0 0 0 53 118 56
66 0 0 0 69 67 62
67 0 0 0 66 108 64
68 0 0 0 71 69 61
69 0 0 0 111 66 68
70 0 0 0 73 71 60
71 0 0 0 70 112 68
72 0 0 0 75 73 59
73 0 0 0 72 110 70
74 0 0 0 58 117 75
75 0 0 0 109 72 74
76 0 0 0 117 120 105
77 0 0 0 118 103 120
78 0 0 0 79 15 87
79 0 0 0 80 78 98
80 0 0 0 81 79 96
81 0 0 0 82 80 94
82 0 0 0 83 81 92
83 0 0 0 84 82 90
84 0 0 0 85 83 88
85 0 0 0 132 84 86
86 0 0 0 89 54 85
87 0 0 0 78 19 100
88 0 0 0 91 89 84
89 0 0 0 101 86 88
90 0 0 0 93 91 83
91 0 0 0 90 106 88
92 0 0 0 95 93 82
93 0 0 0 92 107 90
94 0 0 0 97 95 81
95 0 0 0 94 104 92
96 0 0 0 99 97 80
97 0 0 0 96 102 94
98 0 0 0 100 99 79
99 0 0 0 103 96 98
100 0 0 0 105 98 87
101 0 0 0 102 89 106
102 0 0 0 97 101 104
103 0 0 0 77 99 105
104 0 0 0 95 102 107
105 0 0 0 76 103 100
106 0 0 0 91 107 101
107 0 0 0 93 104 106
108 0 0 0 111 109 67
109 0 0 0 110 75 108
110 0 0 0 73 109 112
111 0 0 0 112 108 69
112 0 0 0 110 111 71
113 0 0 0 13 1 123
114 0 0 0 119 17 49
115 0 0 0 20 21 121
116 0 0 0 57 56 124
117 0 0 0 74 122 76
118 0 0 0 65 77 124
119 0 0 0 125 114 20
120 0 0 0 76 126 77
121 0 0 0 125 115 13
122 0 0 0 117 57 126
123 0 0 0 17 125 113
124 0 0 0 126 116 118
125 0 0 0 123 119 121
126 0 0 0 120 122 124
127 0 0 0 4 5 133
128 0 0 0 137 22 18
129 0 0 0 135 26 63
130 0 0 0 44 43 138
131 0 0 0 54 52 136
132 0 0 0 55 85 134
133 0 0 0 26 139 127
134 0 0 0 54 140 132
135 0 0 0 22 139 129
136 0 0 0 140 131 44
137 0 0 0 139 128 4
138 0 0 0 140 130 55
139 0 0 0 135 137 133
140 0 0 0 134 136 138
0
