>>writegraph3d planar <<
1 0 0 0 20 2 5
2 0 0 0 11 3 1
3 0 0 0 10 4 2
4 0 0 0 8 5 3
5 0 0 0 4 6 1
6 0 0 0 7 22 5
7 0 0 0 46 6 8
8 0 0 0 7 4 9
9 0 0 0 8 10 45
10 0 0 0 9 3 21
11 0 0 0 21 2 12
12 0 0 0 11 181 201
13 0 0 0 181 14 24
14 0 0 0 13 15 26
15 0 0 0 14 16 28
16 0 0 0 15 17 30
17 0 0 0 16 209 229
18 0 0 0 209 19 33
19 0 0 0 18 20 35
20 0 0 0 19 1 22
21 0 0 0 10 11 182
22 0 0 0 6 37 20
23 0 0 0 182 197 38
24 0 0 0 27 25 13
25 0 0 0 183 193 24
26 0 0 0 29 27 14
27 0 0 0 76 24 26
28 0 0 0 31 29 15
29 0 0 0 28 84 26
30 0 0 0 210 31 16
31 0 0 0 30 94 28
32 0 0 0 102 210 225
33 0 0 0 36 34 18
34 0 0 0 33 211 221
35 0 0 0 37 36 19
36 0 0 0 66 33 35
37 0 0 0 22 65 35
38 0 0 0 23 47 39
39 0 0 0 38 57 40
40 0 0 0 55 41 39
41 0 0 0 40 53 42
42 0 0 0 41 51 43
43 0 0 0 49 44 42
44 0 0 0 43 230 212
45 0 0 0 212 46 9
46 0 0 0 213 7 45
47 0 0 0 183 59 38
48 0 0 0 60 213 222
49 0 0 0 52 50 43
50 0 0 0 49 214 230
51 0 0 0 42 54 52
52 0 0 0 114 49 51
53 0 0 0 41 56 54
54 0 0 0 51 53 122
55 0 0 0 58 56 40
56 0 0 0 55 133 53
57 0 0 0 39 59 58
58 0 0 0 83 55 57
59 0 0 0 47 82 57
60 0 0 0 184 48 67
61 0 0 0 62 184 198
62 0 0 0 63 61 72
63 0 0 0 64 62 70
64 0 0 0 65 63 68
65 0 0 0 37 64 66
66 0 0 0 69 36 65
67 0 0 0 214 75 60
68 0 0 0 71 69 64
69 0 0 0 95 66 68
70 0 0 0 73 71 63
71 0 0 0 70 103 68
72 0 0 0 185 73 62
73 0 0 0 72 113 70
74 0 0 0 121 185 194
75 0 0 0 67 186 202
76 0 0 0 77 27 84
77 0 0 0 78 76 92
78 0 0 0 79 77 90
79 0 0 0 80 78 88
80 0 0 0 215 79 86
81 0 0 0 82 215 227
82 0 0 0 59 81 83
83 0 0 0 216 58 82
84 0 0 0 29 94 76
85 0 0 0 134 216 223
86 0 0 0 89 87 80
87 0 0 0 86 217 231
88 0 0 0 89 79 91
89 0 0 0 160 86 88
90 0 0 0 93 91 78
91 0 0 0 90 166 88
92 0 0 0 94 93 77
93 0 0 0 92 173 90
94 0 0 0 31 92 84
95 0 0 0 96 69 103
96 0 0 0 97 95 111
97 0 0 0 98 96 109
98 0 0 0 99 97 107
99 0 0 0 100 98 105
100 0 0 0 187 99 203
101 0 0 0 187 102 211
102 0 0 0 188 32 101
103 0 0 0 71 113 95
104 0 0 0 179 188 195
105 0 0 0 108 106 99
106 0 0 0 105 189 203
107 0 0 0 110 108 98
108 0 0 0 178 105 107
109 0 0 0 97 112 110
110 0 0 0 176 107 109
111 0 0 0 112 96 113
112 0 0 0 109 111 175
113 0 0 0 73 111 103
114 0 0 0 115 52 122
115 0 0 0 116 114 131
116 0 0 0 117 115 129
117 0 0 0 118 116 127
118 0 0 0 119 117 125
119 0 0 0 123 120 118
120 0 0 0 119 121 186
121 0 0 0 124 74 120
122 0 0 0 54 133 114
123 0 0 0 124 119 126
124 0 0 0 150 121 123
125 0 0 0 128 126 118
126 0 0 0 125 149 123
127 0 0 0 130 128 117
128 0 0 0 141 125 127
129 0 0 0 132 130 116
130 0 0 0 129 138 127
131 0 0 0 133 132 115
132 0 0 0 131 137 129
133 0 0 0 56 131 122
134 0 0 0 190 85 139
135 0 0 0 200 136 190
136 0 0 0 135 140 137
137 0 0 0 132 136 138
138 0 0 0 130 137 141
139 0 0 0 217 143 134
140 0 0 0 191 141 136
141 0 0 0 140 128 138
142 0 0 0 144 191 196
143 0 0 0 139 192 204
144 0 0 0 145 142 151
145 0 0 0 146 144 157
146 0 0 0 147 145 155
147 0 0 0 218 146 153
148 0 0 0 149 218 228
149 0 0 0 126 148 150
150 0 0 0 219 124 149
151 0 0 0 192 159 144
152 0 0 0 174 219 224
153 0 0 0 156 154 147
154 0 0 0 153 220 232
155 0 0 0 146 158 156
156 0 0 0 168 153 155
157 0 0 0 145 159 158
158 0 0 0 155 157 165
159 0 0 0 151 164 157
160 0 0 0 161 89 166
161 0 0 0 162 160 171
162 0 0 0 169 163 161
163 0 0 0 162 167 164
164 0 0 0 159 163 165
165 0 0 0 158 164 168
166 0 0 0 91 173 160
167 0 0 0 163 170 168
168 0 0 0 167 156 165
169 0 0 0 170 162 172
170 0 0 0 167 169 180
171 0 0 0 173 172 161
172 0 0 0 179 169 171
173 0 0 0 93 171 166
174 0 0 0 175 152 177
175 0 0 0 112 174 176
176 0 0 0 178 110 175
177 0 0 0 220 178 174
178 0 0 0 177 108 176
179 0 0 0 180 172 104
180 0 0 0 170 179 189
181 0 0 0 12 13 193
182 0 0 0 201 23 21
183 0 0 0 197 25 47
184 0 0 0 61 60 202
185 0 0 0 74 72 198
186 0 0 0 75 120 194
187 0 0 0 199 101 100
188 0 0 0 104 102 199
189 0 0 0 106 180 195
190 0 0 0 135 134 204
191 0 0 0 142 140 200
192 0 0 0 143 151 196
193 0 0 0 25 205 181
194 0 0 0 206 186 74
195 0 0 0 207 189 104
196 0 0 0 208 192 142
197 0 0 0 23 205 183
198 0 0 0 206 185 61
199 0 0 0 188 187 207
200 0 0 0 191 135 208
201 0 0 0 205 182 12
202 0 0 0 75 206 184
203 0 0 0 106 207 100
204 0 0 0 143 208 190
205 0 0 0 197 201 193
206 0 0 0 202 194 198
207 0 0 0 203 195 199
208 0 0 0 204 196 200
209 0 0 0 17 18 221
210 0 0 0 32 30 229
211 0 0 0 34 101 225
212 0 0 0 44 226 45
213 0 0 0 48 46 226
214 0 0 0 50 67 222
215 0 0 0 81 80 231
216 0 0 0 85 83 227
217 0 0 0 87 139 223
218 0 0 0 148 147 232
219 0 0 0 152 150 228
220 0 0 0 154 177 224
221 0 0 0 34 233 209
222 0 0 0 234 214 48
223 0 0 0 235 217 85
224 0 0 0 236 220 152
225 0 0 0 233 211 32
226 0 0 0 212 234 213
227 0 0 0 81 235 216
228 0 0 0 148 236 219
229 0 0 0 233 210 17
230 0 0 0 44 50 234
231 0 0 0 235 215 87
232 0 0 0 236 218 154
233 0 0 0 221 225 229
234 0 0 0 226 230 222
235 0 0 0 227 231 223
236 0 0 0 228 232 224
0
