>>writegraph3d planar <<
1 0 0 0 2 3 4
2 0 0 0 1 5 6
3 0 0 0 1 7 8
4 0 0 0 1 9 10
5 0 0 0 2 10 11
6 0 0 0 2 12 7
7 0 0 0 3 6 13
8 0 0 0 3 14 15
9 0 0 0 4 16 17
10 0 0 0 4 18 5
11 0 0 0 5 19 12
12 0 0 0 6 11 20
13 0 0 0 7 20 14
14 0 0 0 8 13 21
15 0 0 0 8 22 23
16 0 0 0 9 24 25
17 0 0 0 9 26 18
18 0 0 0 10 17 27
19 0 0 0 11 28 29
20 0 0 0 12 29 13
21 0 0 0 14 30 22
22 0 0 0 15 21 31
23 0 0 0 15 32 33
24 0 0 0 16 33 34
25 0 0 0 16 35 26
26 0 0 0 17 25 36
27 0 0 0 18 36 37
28 0 0 0 19 38
29 0 0 0 19 39 20
30 0 0 0 21 40 41
31 0 0 0 22 41 32
32 0 0 0 23 31 42
33 0 0 0 23 43 24
34 0 0 0 24 44 35
35 0 0 0 25 34 45
36 0 0 0 26 46 27
37 0 0 0 27 47 48
38 0 0 0 28 48 49
39 0 0 0 29 51
40 0 0 0 30 52 53
41 0 0 0 30 54 31
42 0 0 0 32 55 43
43 0 0 0 33 42 44
44 0 0 0 34 43 56
45 0 0 0 35 56 57
46 0 0 0 36 58 47
47 0 0 0 37 46 59
48 0 0 0 37 60 38
49 0 0 0 38 61 50
50 0 0 0 49 62
51 0 0 0 39 62 52
52 0 0 0 40 51 63
53 0 0 0 40 64 54
54 0 0 0 41 53 65
55 0 0 0 42 66 56
56 0 0 0 44 55 45
57 0 0 0 45 66 67
58 0 0 0 46 68 69
59 0 0 0 47 69 60
60 0 0 0 48 59 61
61 0 0 0 49 60 70
62 0 0 0 50 71 51
63 0 0 0 52 71 64
64 0 0 0 53 63 72
65 0 0 0 54 72 73
66 0 0 0 55 74 57
67 0 0 0 57 75 68
68 0 0 0 58 67 76
69 0 0 0 58 70 59
70 0 0 0 61 69 76
71 0 0 0 62 77 63
72 0 0 0 64 77 65
73 0 0 0 65 78 74
74 0 0 0 66 73 75
75 0 0 0 67 74 79
76 0 0 0 68 79 70
77 0 0 0 71 78 72
78 0 0 0 73 77 79
79 0 0 0 75 78 76
0
