>>writegraph3d planar <<
1 0 0 0 2 3 4
2 0 0 0 1 5 6
3 0 0 0 1 7 8
4 0 0 0 1 9 10
5 0 0 0 2 10 11
6 0 0 0 2 12 7
7 0 0 0 3 6 13
8 0 0 0 3 14 9
9 0 0 0 4 8 15
10 0 0 0 4 16 5
11 0 0 0 5 17 12
12 0 0 0 6 11 18
13 0 0 0 7 18 19
14 0 0 0 8 20 21
15 0 0 0 9 21 16
16 0 0 0 10 15 22
17 0 0 0 11 23 24
18 0 0 0 12 24 13
19 0 0 0 13 25 26
20 0 0 0 14 27 28
21 0 0 0 14 29 15
22 0 0 0 16 29 30
23 0 0 0 17 31 32
24 0 0 0 17 25 18
25 0 0 0 19 24 32
26 0 0 0 19 33 34
27 0 0 0 20 34 35
28 0 0 0 20 36 29
29 0 0 0 21 28 22
30 0 0 0 22 36 37
31 0 0 0 23 37 38
32 0 0 0 23 33 25
33 0 0 0 26 32 38
34 0 0 0 26 39 27
35 0 0 0 27 40 36
36 0 0 0 28 35 30
37 0 0 0 30 40 31
38 0 0 0 31 39 33
39 0 0 0 34 38 40
40 0 0 0 35 39 37
0
