>>writegraph3d planar <<
1 0 0 0 2 3 4
2 0 0 0 1 5 6
3 0 0 0 1 7 8
4 0 0 0 1 9 10
5 0 0 0 2 10 11
6 0 0 0 2 12 13
7 0 0 0 3 14 15
8 0 0 0 3 9
9 0 0 0 4 8 16
10 0 0 0 4 17 5
11 0 0 0 5 18 12
12 0 0 0 6 11 19
13 0 0 0 6 20 21
14 0 0 0 7 22 23
15 0 0 0 7 24
16 0 0 0 9 25 26
17 0 0 0 10 27 18
18 0 0 0 11 17 28
19 0 0 0 12 29 20
20 0 0 0 13 19 30
21 0 0 0 13 31 22
22 0 0 0 14 21 32
23 0 0 0 14 33 24
24 0 0 0 15 23 34
25 0 0 0 34 16
26 0 0 0 16 35 36
27 0 0 0 17 37 38
28 0 0 0 18 38 39
29 0 0 0 19 40 41
30 0 0 0 20 41 31
31 0 0 0 21 30 42
32 0 0 0 22 42 33
33 0 0 0 23 32 43
34 0 0 0 24 35 25
35 0 0 0 26 34 44
36 0 0 0 26 45 37
37 0 0 0 27 36 46
38 0 0 0 27 47 28
39 0 0 0 28 48 49
40 0 0 0 29 49 50
41 0 0 0 29 51 30
42 0 0 0 31 52 32
43 0 0 0 33 52 53
44 0 0 0 35 54 45
45 0 0 0 36 44 55
46 0 0 0 37 55 47
47 0 0 0 38 46 48
48 0 0 0 39 47 56
49 0 0 0 39 57 40
50 0 0 0 40 58 51
51 0 0 0 41 50 59
52 0 0 0 42 60 43
53 0 0 0 43 61 54
54 0 0 0 44 53 62
55 0 0 0 45 62 46
56 0 0 0 48 63 57
57 0 0 0 49 56 58
58 0 0 0 50 57 64
59 0 0 0 51 64 65
60 0 0 0 52 65 61
61 0 0 0 53 60 66
62 0 0 0 54 66 55
63 0 0 0 56 67 64
64 0 0 0 58 63 59
65 0 0 0 59 67 60
66 0 0 0 61 67 62
67 0 0 0 63 66 65
0
