>>writegraph3d planar <<
1 0 0 0 3 13 11 7 2
2 0 0 0 1 7 8 4 3
3 0 0 0 2 4 5 6 1
4 0 0 0 2 8 9 5 3
5 0 0 0 4 9 10 6 3
6 0 0 0 5 10 15 23 3
7 0 0 0 1 11 12 8 2
8 0 0 0 7 12 9 4 2
9 0 0 0 8 12 10 5 4
10 0 0 0 5 9 12 11 6
11 0 0 0 1 13 10 12 7
12 0 0 0 11 10 9 8 7
13 0 0 0 11 1 19 16 14
14 0 0 0 13 16 17 18 15
15 0 0 0 14 18 22 23 6
16 0 0 0 13 19 20 17 14
17 0 0 0 16 20 21 18 14
18 0 0 0 17 21 22 15 14
19 0 0 0 13 23 24 20 16
20 0 0 0 16 19 24 21 17
21 0 0 0 20 24 22 18 17
22 0 0 0 21 24 23 15 18
23 0 0 0 22 24 19 6 15
24 0 0 0 20 19 23 22 21
0
