>>writegraph3d planar <<
1 0 0 0 3 2 8 9 12
2 0 0 0 1 3 4 7 8
3 0 0 0 2 1 15 5 4
4 0 0 0 2 3 5 6 7
5 0 0 0 4 3 12 11 6
6 0 0 0 4 5 11 10 7
7 0 0 0 4 6 10 8 2
8 0 0 0 2 7 10 9 1
9 0 0 0 1 8 10 11 12
10 0 0 0 8 7 6 11 9
11 0 0 0 6 5 12 9 10
12 0 0 0 1 9 11 5 24
13 0 0 0 15 14 20 21 24
14 0 0 0 13 15 16 19 20
15 0 0 0 14 13 3 17 16
16 0 0 0 14 15 17 18 19
17 0 0 0 16 15 24 23 18
18 0 0 0 16 17 23 22 19
19 0 0 0 16 18 22 20 14
20 0 0 0 14 19 22 21 13
21 0 0 0 13 20 22 23 24
22 0 0 0 20 19 18 23 21
23 0 0 0 18 17 24 21 22
24 0 0 0 13 21 23 17 12
0
