>>writegraph3d planar <<
1 0 0 0 7 2
2 0 0 0 1 18 3
3 0 0 0 2 16 4
4 0 0 0 3 14
5 0 0 0 10 6
6 0 0 0 5 21 7
7 0 0 0 6 20 1
8 0 0 0 13 9
9 0 0 0 8 24 10
10 0 0 0 9 23 5
11 0 0 0 15 12
12 0 0 0 11 27 13
13 0 0 0 12 26 8
14 0 0 0 4 17 15
15 0 0 0 14 29 11
16 0 0 0 3 19 17
17 0 0 0 16 30 14
18 0 0 0 2 20 19
19 0 0 0 18 31 16
20 0 0 0 7 22 18
21 0 0 0 6 23 22
22 0 0 0 21 31 20
23 0 0 0 10 25 21
24 0 0 0 9 26 25
25 0 0 0 24 31 23
26 0 0 0 13 28 24
27 0 0 0 12 29 28
28 0 0 0 27 31 26
29 0 0 0 15 30 27
30 0 0 0 17 31 29
31 0 0 0 19 22 25 28 30
0
