>>writegraph3d planar <<
1 0 0 0 5 2
2 0 0 0 1 7 3
3 0 0 0 2 42 4
4 0 0 0 3 40
5 0 0 0 1 8 6
6 0 0 0 5 10 7
7 0 0 0 6 43 2
8 0 0 0 5 14 9
9 0 0 0 8 11 10
10 0 0 0 9 13 6
11 0 0 0 9 15 12
12 0 0 0 11 17 13
13 0 0 0 12 19 25 31 37 43 10
14 0 0 0 15 8
15 0 0 0 14 16 11
16 0 0 0 15 20 17
17 0 0 0 16 18 12
18 0 0 0 17 21 19
19 0 0 0 18 23 13
20 0 0 0 21 16
21 0 0 0 20 22 18
22 0 0 0 21 26 23
23 0 0 0 22 24 19
24 0 0 0 23 27 25
25 0 0 0 24 29 13
26 0 0 0 27 22
27 0 0 0 26 28 24
28 0 0 0 27 32 29
29 0 0 0 28 30 25
30 0 0 0 29 33 31
31 0 0 0 30 35 13
32 0 0 0 33 28
33 0 0 0 32 34 30
34 0 0 0 33 38 35
35 0 0 0 34 36 31
36 0 0 0 35 39 37
37 0 0 0 36 41 13
38 0 0 0 39 34
39 0 0 0 38 40 36
40 0 0 0 39 4 41
41 0 0 0 40 42 37
42 0 0 0 41 3 43
43 0 0 0 42 7 13
0
