>>writegraph3d planar <<
1 0 0 0 2 10 8
2 0 0 0 1 4 3
3 0 0 0 2 16 14
4 0 0 0 2 6 5
5 0 0 0 4 24 16
6 0 0 0 4 8 7
7 0 0 0 6 26 25
8 0 0 0 6 1 9
9 0 0 0 8 11 17
10 0 0 0 1 12 11
11 0 0 0 10 18 9
12 0 0 0 10 14 13
13 0 0 0 12 20 18
14 0 0 0 12 3 15
15 0 0 0 14 22 20
16 0 0 0 3 5 22
17 0 0 0 9 28 26
18 0 0 0 11 13 19
19 0 0 0 18 50 28
20 0 0 0 13 15 21
21 0 0 0 20 56 50
22 0 0 0 15 16 23
23 0 0 0 22 44 56
24 0 0 0 5 25 44
25 0 0 0 7 29 24
26 0 0 0 7 17 27
27 0 0 0 26 49 51 32 29
28 0 0 0 17 19 49
29 0 0 0 25 27 32 31 30
30 0 0 0 29 31 33 45 44
31 0 0 0 30 29 32 35 34 33
32 0 0 0 31 29 27 51 52 35
33 0 0 0 30 31 34 36 46 45
34 0 0 0 33 31 35 38 37 36
35 0 0 0 34 31 32 52 53 38
36 0 0 0 33 34 37 39 47 46
37 0 0 0 36 34 38 41 40 39
38 0 0 0 37 34 35 53 54 41
39 0 0 0 36 37 40 42 48 47
40 0 0 0 39 37 41 43 42
41 0 0 0 40 37 38 54 43
42 0 0 0 39 40 43 61 48
43 0 0 0 42 40 41 54 60 61
44 0 0 0 24 30 23
45 0 0 0 30 33 46 55 56
46 0 0 0 45 33 36 47 57 55
47 0 0 0 46 36 39 48 58 57
48 0 0 0 47 39 42 61 59 58
49 0 0 0 28 55 57 51 27
50 0 0 0 19 21 55
51 0 0 0 32 27 49 57 58 52
52 0 0 0 35 32 51 58 59 53
53 0 0 0 38 35 52 59 60 54
54 0 0 0 41 38 53 60 43
55 0 0 0 50 45 46 57 49
56 0 0 0 21 23 45
57 0 0 0 51 49 55 46 47 58
58 0 0 0 52 51 57 47 48 59
59 0 0 0 53 52 58 48 61 60
60 0 0 0 54 53 59 61 43
61 0 0 0 60 59 48 42 43
0
