>>writegraph3d planar <<
1 0 0 0 2 10 8
2 0 0 0 1 4 3
3 0 0 0 2 16 14
4 0 0 0 2 6 5
5 0 0 0 4 24 16
6 0 0 0 4 8 7
7 0 0 0 6 26 25
8 0 0 0 6 1 9
9 0 0 0 8 11 17
10 0 0 0 1 12 11
11 0 0 0 10 18 9
12 0 0 0 10 14 13
13 0 0 0 12 20 18
14 0 0 0 12 3 15
15 0 0 0 14 22 20
16 0 0 0 3 5 22
17 0 0 0 9 28 26
18 0 0 0 11 13 19
19 0 0 0 18 66 28
20 0 0 0 13 15 21
21 0 0 0 20 76 66
22 0 0 0 15 16 23
23 0 0 0 22 56 76
24 0 0 0 5 25 56
25 0 0 0 7 29 24
26 0 0 0 7 17 27
27 0 0 0 26 33 31
28 0 0 0 17 19 65
29 0 0 0 25 31 30
30 0 0 0 29 35 34
31 0 0 0 29 27 32
32 0 0 0 31 39 37
33 0 0 0 27 65 67
34 0 0 0 30 57 56
35 0 0 0 30 37 36
36 0 0 0 35 41 40
37 0 0 0 35 32 38
38 0 0 0 37 45 43
39 0 0 0 32 67 69
40 0 0 0 36 59 57
41 0 0 0 36 43 42
42 0 0 0 41 47 46
43 0 0 0 41 38 44
44 0 0 0 43 51 49
45 0 0 0 38 69 71
46 0 0 0 42 61 59
47 0 0 0 42 49 48
48 0 0 0 47 53 52
49 0 0 0 47 44 50
50 0 0 0 49 73 55 53
51 0 0 0 44 71 73
52 0 0 0 48 63 61
53 0 0 0 48 50 55 54
54 0 0 0 53 55 85 63
55 0 0 0 54 53 50 73 83 85
56 0 0 0 24 34 23
57 0 0 0 34 40 58
58 0 0 0 57 78 76
59 0 0 0 40 46 60
60 0 0 0 59 80 78
61 0 0 0 46 52 62
62 0 0 0 61 82 80
63 0 0 0 52 54 64
64 0 0 0 63 84 82
65 0 0 0 28 68 33
66 0 0 0 19 21 75
67 0 0 0 33 70 39
68 0 0 0 65 75 77
69 0 0 0 39 72 45
70 0 0 0 67 77 79
71 0 0 0 45 74 51
72 0 0 0 69 79 81
73 0 0 0 51 83 55 50
74 0 0 0 71 81 83
75 0 0 0 66 78 68
76 0 0 0 21 23 58
77 0 0 0 68 80 70
78 0 0 0 75 58 60
79 0 0 0 70 82 72
80 0 0 0 77 60 62
81 0 0 0 72 84 74
82 0 0 0 79 62 64
83 0 0 0 74 85 55 73
84 0 0 0 81 64 85
85 0 0 0 84 54 55 83
0
