return [ [ 5, 9, 2 ], [ 1, 18, 3 ], [ 2, 19, 4 ], [ 3, 10, 5 ], [ 4, 6, 1 ], 
  [ 5, 11, 7 ], [ 6, 13, 8 ], [ 7, 15, 9 ], [ 8, 17, 1 ], [ 4, 21, 11 ], 
  [ 10, 12, 6 ], [ 11, 45, 13 ], [ 12, 14, 7 ], [ 13, 54, 15 ], 
  [ 14, 16, 8 ], [ 15, 63, 17 ], [ 16, 18, 9 ], [ 17, 37, 2 ], [ 3, 22, 20 ], 
  [ 19, 25, 21 ], [ 20, 44, 10 ], [ 19, 37, 23 ], [ 22, 26, 24 ], 
  [ 23, 29, 25 ], [ 24, 46, 20 ], [ 23, 39, 27 ], [ 26, 30, 28 ], 
  [ 27, 33, 29 ], [ 28, 48, 24 ], [ 27, 41, 31 ], [ 30, 34, 32 ], 
  [ 31, 36, 33 ], [ 32, 50, 28 ], [ 31, 43, 35 ], [ 34, 72, 36 ], 
  [ 35, 52, 32 ], [ 18, 38, 22 ], [ 37, 63, 39 ], [ 38, 40, 26 ], 
  [ 39, 65, 41 ], [ 40, 42, 30 ], [ 41, 67, 43 ], [ 42, 71, 34 ], 
  [ 21, 47, 45 ], [ 44, 53, 12 ], [ 25, 49, 47 ], [ 46, 55, 44 ], 
  [ 29, 51, 49 ], [ 48, 57, 46 ], [ 33, 52, 51 ], [ 50, 59, 48 ], 
  [ 36, 61, 50 ], [ 45, 56, 54 ], [ 53, 62, 14 ], [ 47, 58, 56 ], 
  [ 55, 64, 53 ], [ 49, 60, 58 ], [ 57, 66, 55 ], [ 51, 61, 60 ], 
  [ 59, 68, 57 ], [ 52, 70, 59 ], [ 54, 65, 63 ], [ 62, 38, 16 ], 
  [ 56, 67, 65 ], [ 64, 40, 62 ], [ 58, 69, 67 ], [ 66, 42, 64 ], 
  [ 60, 70, 69 ], [ 68, 71, 66 ], [ 61, 72, 68 ], [ 69, 72, 43 ], 
  [ 70, 35, 71 ] ];
