return [ [ 5, 8, 2 ], [ 1, 15, 3 ], [ 2, 16, 4 ], [ 3, 9, 5 ], [ 4, 6, 1 ], 
  [ 5, 10, 7 ], [ 6, 12, 8 ], [ 7, 14, 1 ], [ 4, 18, 10 ], [ 9, 11, 6 ], 
  [ 10, 30, 12 ], [ 11, 13, 7 ], [ 12, 35, 14 ], [ 13, 15, 8 ], 
  [ 14, 26, 2 ], [ 3, 19, 17 ], [ 16, 22, 18 ], [ 17, 29, 9 ], 
  [ 16, 26, 20 ], [ 19, 23, 21 ], [ 20, 25, 22 ], [ 21, 31, 17 ], 
  [ 20, 28, 24 ], [ 23, 40, 25 ], [ 24, 33, 21 ], [ 15, 27, 19 ], 
  [ 26, 35, 28 ], [ 27, 39, 23 ], [ 18, 32, 30 ], [ 29, 34, 11 ], 
  [ 22, 33, 32 ], [ 31, 36, 29 ], [ 25, 38, 31 ], [ 30, 37, 35 ], 
  [ 34, 27, 13 ], [ 32, 38, 37 ], [ 36, 39, 34 ], [ 33, 40, 36 ], 
  [ 37, 40, 28 ], [ 38, 24, 39 ] ];
