return [ [ 5, 8, 2 ], [ 1, 15, 3 ], [ 2, 16, 4 ], [ 3, 9, 5 ], [ 4, 6, 1 ], 
  [ 5, 10, 7 ], [ 6, 12, 8 ], [ 7, 14, 1 ], [ 4, 18, 10 ], [ 9, 11, 6 ], 
  [ 10, 54, 12 ], [ 11, 13, 7 ], [ 12, 67, 14 ], [ 13, 15, 8 ], 
  [ 14, 42, 2 ], [ 3, 19, 17 ], [ 16, 22, 18 ], [ 17, 53, 9 ], 
  [ 16, 42, 20 ], [ 19, 23, 21 ], [ 20, 26, 22 ], [ 21, 55, 17 ], 
  [ 20, 44, 24 ], [ 23, 27, 25 ], [ 24, 30, 26 ], [ 25, 57, 21 ], 
  [ 24, 46, 28 ], [ 27, 31, 29 ], [ 28, 34, 30 ], [ 29, 59, 25 ], 
  [ 28, 48, 32 ], [ 31, 35, 33 ], [ 32, 38, 34 ], [ 33, 61, 29 ], 
  [ 32, 50, 36 ], [ 35, 39, 37 ], [ 36, 41, 38 ], [ 37, 63, 33 ], 
  [ 36, 52, 40 ], [ 39, 80, 41 ], [ 40, 65, 37 ], [ 15, 43, 19 ], 
  [ 42, 67, 44 ], [ 43, 45, 23 ], [ 44, 69, 46 ], [ 45, 47, 27 ], 
  [ 46, 71, 48 ], [ 47, 49, 31 ], [ 48, 73, 50 ], [ 49, 51, 35 ], 
  [ 50, 75, 52 ], [ 51, 79, 39 ], [ 18, 56, 54 ], [ 53, 66, 11 ], 
  [ 22, 58, 56 ], [ 55, 68, 53 ], [ 26, 60, 58 ], [ 57, 70, 55 ], 
  [ 30, 62, 60 ], [ 59, 72, 57 ], [ 34, 64, 62 ], [ 61, 74, 59 ], 
  [ 38, 65, 64 ], [ 63, 76, 61 ], [ 41, 78, 63 ], [ 54, 69, 67 ], 
  [ 66, 43, 13 ], [ 56, 71, 69 ], [ 68, 45, 66 ], [ 58, 73, 71 ], 
  [ 70, 47, 68 ], [ 60, 75, 73 ], [ 72, 49, 70 ], [ 62, 77, 75 ], 
  [ 74, 51, 72 ], [ 64, 78, 77 ], [ 76, 79, 74 ], [ 65, 80, 76 ], 
  [ 77, 80, 52 ], [ 78, 40, 79 ] ];
