>>writegraph3d planar <<
1 0 0 0 2 3 9 8 7 6
2 0 0 0 1 6 5 4 3
3 0 0 0 1 2 4 13 9
4 0 0 0 3 2 5 14 16 13
5 0 0 0 4 2 6 10 15 14
6 0 0 0 5 2 1 7 10
7 0 0 0 6 1 8 11 10
8 0 0 0 7 1 9 12 11
9 0 0 0 8 1 3 13 12
10 0 0 0 5 6 7 11 38 15
11 0 0 0 10 7 8 12 44 38
12 0 0 0 11 8 9 13 33 44
13 0 0 0 12 9 3 4 16 33
14 0 0 0 4 5 15 18 17 16
15 0 0 0 14 5 10 38 39 18
16 0 0 0 4 14 17 19 33 13
17 0 0 0 16 14 18 21 20 19
18 0 0 0 17 14 15 39 40 21
19 0 0 0 16 17 20 22 34 33
20 0 0 0 19 17 21 24 23 22
21 0 0 0 20 17 18 40 41 24
22 0 0 0 19 20 23 25 35 34
23 0 0 0 22 20 24 27 26 25
24 0 0 0 23 20 21 41 42 27
25 0 0 0 22 23 26 28 36 35
26 0 0 0 25 23 27 29 28
27 0 0 0 26 23 24 42 32
28 0 0 0 25 26 30 37 36
29 0 0 0 26 32 30
30 0 0 0 28 29 31
31 0 0 0 30 49 37
32 0 0 0 29 27 43
33 0 0 0 13 16 19 34 44 12
34 0 0 0 33 19 22 35 45 44
35 0 0 0 34 22 25 36 46 45
36 0 0 0 35 25 28 37 47 46
37 0 0 0 36 28 31 48 47
38 0 0 0 15 10 11 44 45 39
39 0 0 0 18 15 38 45 46 40
40 0 0 0 21 18 39 46 47 41
41 0 0 0 24 21 40 47 48 42
42 0 0 0 27 24 41 48 43
43 0 0 0 32 42 49
44 0 0 0 38 11 12 33 34 45
45 0 0 0 39 38 44 34 35 46
46 0 0 0 40 39 45 35 36 47
47 0 0 0 41 40 46 36 37 48
48 0 0 0 42 41 47 37 49
49 0 0 0 43 48 31
0
