return [ [ 5, 8, 2 ], [ 1, 15, 3 ], [ 2, 16, 4 ], [ 3, 9, 5 ], [ 4, 6, 1 ], 
  [ 5, 10, 7 ], [ 6, 12, 8 ], [ 7, 14, 1 ], [ 4, 18, 10 ], [ 9, 11, 6 ], 
  [ 10, 60, 12 ], [ 11, 13, 7 ], [ 12, 75, 14 ], [ 13, 15, 8 ], 
  [ 14, 46, 2 ], [ 3, 19, 17 ], [ 16, 22, 18 ], [ 17, 59, 9 ], 
  [ 16, 46, 20 ], [ 19, 23, 21 ], [ 20, 26, 22 ], [ 21, 61, 17 ], 
  [ 20, 48, 24 ], [ 23, 27, 25 ], [ 24, 30, 26 ], [ 25, 63, 21 ], 
  [ 24, 50, 28 ], [ 27, 31, 29 ], [ 28, 34, 30 ], [ 29, 65, 25 ], 
  [ 28, 52, 32 ], [ 31, 35, 33 ], [ 32, 38, 34 ], [ 33, 67, 29 ], 
  [ 32, 54, 36 ], [ 35, 39, 37 ], [ 36, 42, 38 ], [ 37, 69, 33 ], 
  [ 36, 56, 40 ], [ 39, 43, 41 ], [ 40, 45, 42 ], [ 41, 71, 37 ], 
  [ 40, 58, 44 ], [ 43, 90, 45 ], [ 44, 73, 41 ], [ 15, 47, 19 ], 
  [ 46, 75, 48 ], [ 47, 49, 23 ], [ 48, 77, 50 ], [ 49, 51, 27 ], 
  [ 50, 79, 52 ], [ 51, 53, 31 ], [ 52, 81, 54 ], [ 53, 55, 35 ], 
  [ 54, 83, 56 ], [ 55, 57, 39 ], [ 56, 85, 58 ], [ 57, 89, 43 ], 
  [ 18, 62, 60 ], [ 59, 74, 11 ], [ 22, 64, 62 ], [ 61, 76, 59 ], 
  [ 26, 66, 64 ], [ 63, 78, 61 ], [ 30, 68, 66 ], [ 65, 80, 63 ], 
  [ 34, 70, 68 ], [ 67, 82, 65 ], [ 38, 72, 70 ], [ 69, 84, 67 ], 
  [ 42, 73, 72 ], [ 71, 86, 69 ], [ 45, 88, 71 ], [ 60, 77, 75 ], 
  [ 74, 47, 13 ], [ 62, 79, 77 ], [ 76, 49, 74 ], [ 64, 81, 79 ], 
  [ 78, 51, 76 ], [ 66, 83, 81 ], [ 80, 53, 78 ], [ 68, 85, 83 ], 
  [ 82, 55, 80 ], [ 70, 87, 85 ], [ 84, 57, 82 ], [ 72, 88, 87 ], 
  [ 86, 89, 84 ], [ 73, 90, 86 ], [ 87, 90, 58 ], [ 88, 44, 89 ] ];
