return [ [ 5, 8, 2 ], [ 1, 15, 3 ], [ 2, 16, 4 ], [ 3, 9, 5 ], [ 4, 6, 1 ], 
  [ 5, 10, 7 ], [ 6, 12, 8 ], [ 7, 14, 1 ], [ 4, 18, 10 ], [ 9, 11, 6 ], 
  [ 10, 42, 12 ], [ 11, 13, 7 ], [ 12, 51, 14 ], [ 13, 15, 8 ], 
  [ 14, 34, 2 ], [ 3, 19, 17 ], [ 16, 22, 18 ], [ 17, 41, 9 ], 
  [ 16, 34, 20 ], [ 19, 23, 21 ], [ 20, 26, 22 ], [ 21, 43, 17 ], 
  [ 20, 36, 24 ], [ 23, 27, 25 ], [ 24, 30, 26 ], [ 25, 45, 21 ], 
  [ 24, 38, 28 ], [ 27, 31, 29 ], [ 28, 33, 30 ], [ 29, 47, 25 ], 
  [ 28, 40, 32 ], [ 31, 60, 33 ], [ 32, 49, 29 ], [ 15, 35, 19 ], 
  [ 34, 51, 36 ], [ 35, 37, 23 ], [ 36, 53, 38 ], [ 37, 39, 27 ], 
  [ 38, 55, 40 ], [ 39, 59, 31 ], [ 18, 44, 42 ], [ 41, 50, 11 ], 
  [ 22, 46, 44 ], [ 43, 52, 41 ], [ 26, 48, 46 ], [ 45, 54, 43 ], 
  [ 30, 49, 48 ], [ 47, 56, 45 ], [ 33, 58, 47 ], [ 42, 53, 51 ], 
  [ 50, 35, 13 ], [ 44, 55, 53 ], [ 52, 37, 50 ], [ 46, 57, 55 ], 
  [ 54, 39, 52 ], [ 48, 58, 57 ], [ 56, 59, 54 ], [ 49, 60, 56 ], 
  [ 57, 60, 40 ], [ 58, 32, 59 ] ];
