>>writegraph3d planar <<
1 0 0 0 2 10 8
2 0 0 0 1 4 3
3 0 0 0 2 16 14
4 0 0 0 2 6 5
5 0 0 0 4 24 16
6 0 0 0 4 8 7
7 0 0 0 6 26 25
8 0 0 0 6 1 9
9 0 0 0 8 11 17
10 0 0 0 1 12 11
11 0 0 0 10 18 9
12 0 0 0 10 14 13
13 0 0 0 12 20 18
14 0 0 0 12 3 15
15 0 0 0 14 22 20
16 0 0 0 3 5 22
17 0 0 0 9 28 26
18 0 0 0 11 13 19
19 0 0 0 18 62 28
20 0 0 0 13 15 21
21 0 0 0 20 71 62
22 0 0 0 15 16 23
23 0 0 0 22 53 71
24 0 0 0 5 25 53
25 0 0 0 7 29 24
26 0 0 0 7 17 27
27 0 0 0 26 33 31
28 0 0 0 17 19 61
29 0 0 0 25 31 30
30 0 0 0 29 35 34
31 0 0 0 29 27 32
32 0 0 0 31 39 37
33 0 0 0 27 61 63
34 0 0 0 30 54 53
35 0 0 0 30 37 36
36 0 0 0 35 41 40
37 0 0 0 35 32 38
38 0 0 0 37 45 43
39 0 0 0 32 63 65
40 0 0 0 36 56 54
41 0 0 0 36 43 42
42 0 0 0 41 47 46
43 0 0 0 41 38 44
44 0 0 0 43 67 69 50 47
45 0 0 0 38 65 67
46 0 0 0 42 58 56
47 0 0 0 42 44 50 49 48
48 0 0 0 47 49 51 60 58
49 0 0 0 48 47 50 52 51
50 0 0 0 49 47 44 69 52
51 0 0 0 48 49 52 79 60
52 0 0 0 51 49 50 69 78 79
53 0 0 0 24 34 23
54 0 0 0 34 40 55
55 0 0 0 54 73 71
56 0 0 0 40 46 57
57 0 0 0 56 75 73
58 0 0 0 46 48 59
59 0 0 0 58 77 75
60 0 0 0 48 51 79 76 77
61 0 0 0 28 64 33
62 0 0 0 19 21 70
63 0 0 0 33 66 39
64 0 0 0 61 70 72
65 0 0 0 39 68 45
66 0 0 0 63 72 74
67 0 0 0 45 76 78 69 44
68 0 0 0 65 74 76
69 0 0 0 50 44 67 78 52
70 0 0 0 62 73 64
71 0 0 0 21 23 55
72 0 0 0 64 75 66
73 0 0 0 70 55 57
74 0 0 0 66 77 68
75 0 0 0 72 57 59
76 0 0 0 68 60 79 78 67
77 0 0 0 74 59 60
78 0 0 0 69 67 76 79 52
79 0 0 0 78 76 60 51 52
0
