return [ [ 5, 9, 2 ], [ 1, 18, 3 ], [ 2, 19, 4 ], [ 3, 10, 5 ], [ 4, 6, 1 ], 
  [ 5, 11, 7 ], [ 6, 13, 8 ], [ 7, 15, 9 ], [ 8, 17, 1 ], [ 4, 21, 11 ], 
  [ 10, 12, 6 ], [ 11, 39, 13 ], [ 12, 14, 7 ], [ 13, 46, 15 ], 
  [ 14, 16, 8 ], [ 15, 53, 17 ], [ 16, 18, 9 ], [ 17, 33, 2 ], [ 3, 22, 20 ], 
  [ 19, 25, 21 ], [ 20, 38, 10 ], [ 19, 33, 23 ], [ 22, 26, 24 ], 
  [ 23, 29, 25 ], [ 24, 40, 20 ], [ 23, 35, 27 ], [ 26, 30, 28 ], 
  [ 27, 32, 29 ], [ 28, 42, 24 ], [ 27, 37, 31 ], [ 30, 60, 32 ], 
  [ 31, 44, 28 ], [ 18, 34, 22 ], [ 33, 53, 35 ], [ 34, 36, 26 ], 
  [ 35, 55, 37 ], [ 36, 59, 30 ], [ 21, 41, 39 ], [ 38, 45, 12 ], 
  [ 25, 43, 41 ], [ 40, 47, 38 ], [ 29, 44, 43 ], [ 42, 49, 40 ], 
  [ 32, 51, 42 ], [ 39, 48, 46 ], [ 45, 52, 14 ], [ 41, 50, 48 ], 
  [ 47, 54, 45 ], [ 43, 51, 50 ], [ 49, 56, 47 ], [ 44, 58, 49 ], 
  [ 46, 55, 53 ], [ 52, 34, 16 ], [ 48, 57, 55 ], [ 54, 36, 52 ], 
  [ 50, 58, 57 ], [ 56, 59, 54 ], [ 51, 60, 56 ], [ 57, 60, 37 ], 
  [ 58, 31, 59 ] ];
