return [ [ 5, 8, 2 ], [ 1, 15, 3 ], [ 2, 16, 4 ], [ 3, 9, 5 ], [ 4, 6, 1 ], 
  [ 5, 10, 7 ], [ 6, 12, 8 ], [ 7, 14, 1 ], [ 4, 18, 10 ], [ 9, 11, 6 ], 
  [ 10, 36, 12 ], [ 11, 13, 7 ], [ 12, 43, 14 ], [ 13, 15, 8 ], 
  [ 14, 30, 2 ], [ 3, 19, 17 ], [ 16, 22, 18 ], [ 17, 35, 9 ], 
  [ 16, 30, 20 ], [ 19, 23, 21 ], [ 20, 26, 22 ], [ 21, 37, 17 ], 
  [ 20, 32, 24 ], [ 23, 27, 25 ], [ 24, 29, 26 ], [ 25, 39, 21 ], 
  [ 24, 34, 28 ], [ 27, 50, 29 ], [ 28, 41, 25 ], [ 15, 31, 19 ], 
  [ 30, 43, 32 ], [ 31, 33, 23 ], [ 32, 45, 34 ], [ 33, 49, 27 ], 
  [ 18, 38, 36 ], [ 35, 42, 11 ], [ 22, 40, 38 ], [ 37, 44, 35 ], 
  [ 26, 41, 40 ], [ 39, 46, 37 ], [ 29, 48, 39 ], [ 36, 45, 43 ], 
  [ 42, 31, 13 ], [ 38, 47, 45 ], [ 44, 33, 42 ], [ 40, 48, 47 ], 
  [ 46, 49, 44 ], [ 41, 50, 46 ], [ 47, 50, 34 ], [ 48, 28, 49 ] ];
