>>writegraph3d planar <<
1 0 0 0 2 3 9 8 7 6
2 0 0 0 1 6 5 4 3
3 0 0 0 1 2 4 13 9
4 0 0 0 3 2 5 14 16 13
5 0 0 0 4 2 6 10 15 14
6 0 0 0 5 2 1 7 10
7 0 0 0 6 1 8 11 10
8 0 0 0 7 1 9 12 11
9 0 0 0 8 1 3 13 12
10 0 0 0 5 6 7 11 41 15
11 0 0 0 10 7 8 12 48 41
12 0 0 0 11 8 9 13 36 48
13 0 0 0 12 9 3 4 16 36
14 0 0 0 4 5 15 18 17 16
15 0 0 0 14 5 10 41 42 18
16 0 0 0 4 14 17 19 36 13
17 0 0 0 16 14 18 21 20 19
18 0 0 0 17 14 15 42 43 21
19 0 0 0 16 17 20 22 37 36
20 0 0 0 19 17 21 24 23 22
21 0 0 0 20 17 18 43 44 24
22 0 0 0 19 20 23 25 38 37
23 0 0 0 22 20 24 26 25
24 0 0 0 23 20 21 44 45
25 0 0 0 22 23 27 39 38
26 0 0 0 23 31 29
27 0 0 0 25 29 28
28 0 0 0 27 33 32
29 0 0 0 27 26 30
30 0 0 0 29 35 33
31 0 0 0 26 45 35
32 0 0 0 28 40 39
33 0 0 0 28 30 34
34 0 0 0 33 54 40
35 0 0 0 30 31 47
36 0 0 0 13 16 19 37 48 12
37 0 0 0 36 19 22 38 49 48
38 0 0 0 37 22 25 39 50 49
39 0 0 0 38 25 32 51 50
40 0 0 0 32 34 55
41 0 0 0 15 10 11 48 49 42
42 0 0 0 18 15 41 49 50 43
43 0 0 0 21 18 42 50 51 44
44 0 0 0 24 21 43 51 52
45 0 0 0 24 46 31
46 0 0 0 45 52 47
47 0 0 0 35 46 54
48 0 0 0 41 11 12 36 37 49
49 0 0 0 42 41 48 37 38 50
50 0 0 0 43 42 49 38 39 51
51 0 0 0 44 43 50 39 55
52 0 0 0 44 53 46
53 0 0 0 52 55 54
54 0 0 0 47 53 34
55 0 0 0 51 40 53
0
