>>writegraph3d planar <<
1 0 0 0 2 3 9 8 7 6
2 0 0 0 1 6 5 4 3
3 0 0 0 1 2 4 13 9
4 0 0 0 3 2 5 14 16 13
5 0 0 0 4 2 6 10 15 14
6 0 0 0 5 2 1 7 10
7 0 0 0 6 1 8 11 10
8 0 0 0 7 1 9 12 11
9 0 0 0 8 1 3 13 12
10 0 0 0 5 6 7 11 45 15
11 0 0 0 10 7 8 12 53 45
12 0 0 0 11 8 9 13 39 53
13 0 0 0 12 9 3 4 16 39
14 0 0 0 4 5 15 18 17 16
15 0 0 0 14 5 10 45 46 18
16 0 0 0 4 14 17 19 39 13
17 0 0 0 16 14 18 21 20 19
18 0 0 0 17 14 15 46 47 21
19 0 0 0 16 17 20 22 40 39
20 0 0 0 19 17 21 23 22
21 0 0 0 20 17 18 47 48
22 0 0 0 19 20 24 41 40
23 0 0 0 20 28 26
24 0 0 0 22 26 25
25 0 0 0 24 30 29
26 0 0 0 24 23 27
27 0 0 0 26 34 32
28 0 0 0 23 48 49
29 0 0 0 25 42 41
30 0 0 0 25 32 31
31 0 0 0 30 36 35
32 0 0 0 30 27 33
33 0 0 0 32 38 36
34 0 0 0 27 49 38
35 0 0 0 31 44 42
36 0 0 0 31 33 37
37 0 0 0 36 60 44
38 0 0 0 33 34 52
39 0 0 0 13 16 19 40 53 12
40 0 0 0 39 19 22 41 54 53
41 0 0 0 40 22 29 55 54
42 0 0 0 29 35 43
43 0 0 0 42 58 55
44 0 0 0 35 37 61
45 0 0 0 15 10 11 53 54 46
46 0 0 0 18 15 45 54 55 47
47 0 0 0 21 18 46 55 56
48 0 0 0 21 50 28
49 0 0 0 28 51 34
50 0 0 0 48 56 57
51 0 0 0 49 57 52
52 0 0 0 38 51 60
53 0 0 0 45 11 12 39 40 54
54 0 0 0 46 45 53 40 41 55
55 0 0 0 47 46 54 41 43
56 0 0 0 47 58 50
57 0 0 0 50 59 51
58 0 0 0 56 43 61
59 0 0 0 57 61 60
60 0 0 0 52 59 37
61 0 0 0 58 44 59
0
