return [ [ 5, 9, 2 ], [ 1, 18, 3 ], [ 2, 19, 4 ], [ 3, 10, 5 ], [ 4, 6, 1 ], 
  [ 5, 11, 7 ], [ 6, 13, 8 ], [ 7, 15, 9 ], [ 8, 17, 1 ], [ 4, 21, 11 ], 
  [ 10, 12, 6 ], [ 11, 33, 13 ], [ 12, 14, 7 ], [ 13, 38, 15 ], 
  [ 14, 16, 8 ], [ 15, 43, 17 ], [ 16, 18, 9 ], [ 17, 29, 2 ], [ 3, 22, 20 ], 
  [ 19, 25, 21 ], [ 20, 32, 10 ], [ 19, 29, 23 ], [ 22, 26, 24 ], 
  [ 23, 28, 25 ], [ 24, 34, 20 ], [ 23, 31, 27 ], [ 26, 48, 28 ], 
  [ 27, 36, 24 ], [ 18, 30, 22 ], [ 29, 43, 31 ], [ 30, 47, 26 ], 
  [ 21, 35, 33 ], [ 32, 37, 12 ], [ 25, 36, 35 ], [ 34, 39, 32 ], 
  [ 28, 41, 34 ], [ 33, 40, 38 ], [ 37, 42, 14 ], [ 35, 41, 40 ], 
  [ 39, 44, 37 ], [ 36, 46, 39 ], [ 38, 45, 43 ], [ 42, 30, 16 ], 
  [ 40, 46, 45 ], [ 44, 47, 42 ], [ 41, 48, 44 ], [ 45, 48, 31 ], 
  [ 46, 27, 47 ] ];
