return [ [ 5, 9, 2 ], [ 1, 18, 3 ], [ 2, 19, 4 ], [ 3, 10, 5 ], [ 4, 6, 1 ], 
  [ 5, 11, 7 ], [ 6, 13, 8 ], [ 7, 15, 9 ], [ 8, 17, 1 ], [ 4, 21, 11 ], 
  [ 10, 12, 6 ], [ 11, 51, 13 ], [ 12, 14, 7 ], [ 13, 62, 15 ], 
  [ 14, 16, 8 ], [ 15, 73, 17 ], [ 16, 18, 9 ], [ 17, 41, 2 ], [ 3, 22, 20 ], 
  [ 19, 25, 21 ], [ 20, 50, 10 ], [ 19, 41, 23 ], [ 22, 26, 24 ], 
  [ 23, 29, 25 ], [ 24, 52, 20 ], [ 23, 43, 27 ], [ 26, 30, 28 ], 
  [ 27, 33, 29 ], [ 28, 54, 24 ], [ 27, 45, 31 ], [ 30, 34, 32 ], 
  [ 31, 37, 33 ], [ 32, 56, 28 ], [ 31, 47, 35 ], [ 34, 38, 36 ], 
  [ 35, 40, 37 ], [ 36, 58, 32 ], [ 35, 49, 39 ], [ 38, 84, 40 ], 
  [ 39, 60, 36 ], [ 18, 42, 22 ], [ 41, 73, 43 ], [ 42, 44, 26 ], 
  [ 43, 75, 45 ], [ 44, 46, 30 ], [ 45, 77, 47 ], [ 46, 48, 34 ], 
  [ 47, 79, 49 ], [ 48, 83, 38 ], [ 21, 53, 51 ], [ 50, 61, 12 ], 
  [ 25, 55, 53 ], [ 52, 63, 50 ], [ 29, 57, 55 ], [ 54, 65, 52 ], 
  [ 33, 59, 57 ], [ 56, 67, 54 ], [ 37, 60, 59 ], [ 58, 69, 56 ], 
  [ 40, 71, 58 ], [ 51, 64, 62 ], [ 61, 72, 14 ], [ 53, 66, 64 ], 
  [ 63, 74, 61 ], [ 55, 68, 66 ], [ 65, 76, 63 ], [ 57, 70, 68 ], 
  [ 67, 78, 65 ], [ 59, 71, 70 ], [ 69, 80, 67 ], [ 60, 82, 69 ], 
  [ 62, 75, 73 ], [ 72, 42, 16 ], [ 64, 77, 75 ], [ 74, 44, 72 ], 
  [ 66, 79, 77 ], [ 76, 46, 74 ], [ 68, 81, 79 ], [ 78, 48, 76 ], 
  [ 70, 82, 81 ], [ 80, 83, 78 ], [ 71, 84, 80 ], [ 81, 84, 49 ], 
  [ 82, 39, 83 ] ];
