>>writegraph3d planar <<
1 0 0 0 2 3 9 8 7 6
2 0 0 0 1 6 5 4 3
3 0 0 0 1 2 4 13 9
4 0 0 0 3 2 5 14 16 13
5 0 0 0 4 2 6 10 15 14
6 0 0 0 5 2 1 7 10
7 0 0 0 6 1 8 11 10
8 0 0 0 7 1 9 12 11
9 0 0 0 8 1 3 13 12
10 0 0 0 5 6 7 11 49 15
11 0 0 0 10 7 8 12 58 49
12 0 0 0 11 8 9 13 42 58
13 0 0 0 12 9 3 4 16 42
14 0 0 0 4 5 15 18 17 16
15 0 0 0 14 5 10 49 50 18
16 0 0 0 4 14 17 19 42 13
17 0 0 0 16 14 18 20 19
18 0 0 0 17 14 15 50 51
19 0 0 0 16 17 21 43 42
20 0 0 0 17 25 23
21 0 0 0 19 23 22
22 0 0 0 21 27 26
23 0 0 0 21 20 24
24 0 0 0 23 31 29
25 0 0 0 20 51 52
26 0 0 0 22 44 43
27 0 0 0 22 29 28
28 0 0 0 27 33 32
29 0 0 0 27 24 30
30 0 0 0 29 37 35
31 0 0 0 24 52 54
32 0 0 0 28 46 44
33 0 0 0 28 35 34
34 0 0 0 33 39 38
35 0 0 0 33 30 36
36 0 0 0 35 41 39
37 0 0 0 30 54 41
38 0 0 0 34 48 46
39 0 0 0 34 36 40
40 0 0 0 39 66 48
41 0 0 0 36 37 57
42 0 0 0 13 16 19 43 58 12
43 0 0 0 42 19 26 59 58
44 0 0 0 26 32 45
45 0 0 0 44 62 59
46 0 0 0 32 38 47
47 0 0 0 46 64 62
48 0 0 0 38 40 67
49 0 0 0 15 10 11 58 59 50
50 0 0 0 18 15 49 59 60
51 0 0 0 18 53 25
52 0 0 0 25 55 31
53 0 0 0 51 60 61
54 0 0 0 31 56 37
55 0 0 0 52 61 63
56 0 0 0 54 63 57
57 0 0 0 41 56 66
58 0 0 0 49 11 12 42 43 59
59 0 0 0 50 49 58 43 45
60 0 0 0 50 62 53
61 0 0 0 53 64 55
62 0 0 0 60 45 47
63 0 0 0 55 65 56
64 0 0 0 61 47 67
65 0 0 0 63 67 66
66 0 0 0 57 65 40
67 0 0 0 64 48 65
0
