>>writegraph3d planar <<
1 0 0 0 2 10 8
2 0 0 0 1 4 3
3 0 0 0 2 16 14
4 0 0 0 2 6 5
5 0 0 0 4 24 16
6 0 0 0 4 8 7
7 0 0 0 6 17 26 25 24
8 0 0 0 6 1 9
9 0 0 0 8 11 17
10 0 0 0 1 12 11
11 0 0 0 10 18 9
12 0 0 0 10 14 13
13 0 0 0 12 20 18
14 0 0 0 12 3 15
15 0 0 0 14 22 20
16 0 0 0 3 5 22
17 0 0 0 9 19 45 26 7
18 0 0 0 11 13 19
19 0 0 0 18 21 50 45 17
20 0 0 0 13 15 21
21 0 0 0 20 23 41 50 19
22 0 0 0 15 16 23
23 0 0 0 22 24 27 41 21
24 0 0 0 5 7 25 27 23
25 0 0 0 24 7 26 29 28 27
26 0 0 0 25 7 17 45 46 29
27 0 0 0 24 25 28 30 41 23
28 0 0 0 27 25 29 32 31 30
29 0 0 0 28 25 26 46 47 32
30 0 0 0 27 28 31 33 42 41
31 0 0 0 30 28 32 35 34 33
32 0 0 0 31 28 29 47 48 35
33 0 0 0 30 31 34 36 43 42
34 0 0 0 33 31 35 38 37 36
35 0 0 0 34 31 32 48 49 38
36 0 0 0 33 34 37 39 44 43
37 0 0 0 36 34 38 40 39
38 0 0 0 37 34 35 49 40
39 0 0 0 36 37 40 55 44
40 0 0 0 39 37 38 49 54 55
41 0 0 0 23 27 30 42 50 21
42 0 0 0 41 30 33 43 51 50
43 0 0 0 42 33 36 44 52 51
44 0 0 0 43 36 39 55 53 52
45 0 0 0 26 17 19 50 51 46
46 0 0 0 29 26 45 51 52 47
47 0 0 0 32 29 46 52 53 48
48 0 0 0 35 32 47 53 54 49
49 0 0 0 38 35 48 54 40
50 0 0 0 45 19 21 41 42 51
51 0 0 0 46 45 50 42 43 52
52 0 0 0 47 46 51 43 44 53
53 0 0 0 48 47 52 44 55 54
54 0 0 0 49 48 53 55 40
55 0 0 0 54 53 44 39 40
0
