return [ [ 5, 8, 2 ], [ 1, 15, 3 ], [ 2, 16, 4 ], [ 3, 9, 5 ], [ 4, 6, 1 ], 
  [ 5, 10, 7 ], [ 6, 12, 8 ], [ 7, 14, 1 ], [ 4, 18, 10 ], [ 9, 11, 6 ], 
  [ 10, 48, 12 ], [ 11, 13, 7 ], [ 12, 59, 14 ], [ 13, 15, 8 ], 
  [ 14, 38, 2 ], [ 3, 19, 17 ], [ 16, 22, 18 ], [ 17, 47, 9 ], 
  [ 16, 38, 20 ], [ 19, 23, 21 ], [ 20, 26, 22 ], [ 21, 49, 17 ], 
  [ 20, 40, 24 ], [ 23, 27, 25 ], [ 24, 30, 26 ], [ 25, 51, 21 ], 
  [ 24, 42, 28 ], [ 27, 31, 29 ], [ 28, 34, 30 ], [ 29, 53, 25 ], 
  [ 28, 44, 32 ], [ 31, 35, 33 ], [ 32, 37, 34 ], [ 33, 55, 29 ], 
  [ 32, 46, 36 ], [ 35, 70, 37 ], [ 36, 57, 33 ], [ 15, 39, 19 ], 
  [ 38, 59, 40 ], [ 39, 41, 23 ], [ 40, 61, 42 ], [ 41, 43, 27 ], 
  [ 42, 63, 44 ], [ 43, 45, 31 ], [ 44, 65, 46 ], [ 45, 69, 35 ], 
  [ 18, 50, 48 ], [ 47, 58, 11 ], [ 22, 52, 50 ], [ 49, 60, 47 ], 
  [ 26, 54, 52 ], [ 51, 62, 49 ], [ 30, 56, 54 ], [ 53, 64, 51 ], 
  [ 34, 57, 56 ], [ 55, 66, 53 ], [ 37, 68, 55 ], [ 48, 61, 59 ], 
  [ 58, 39, 13 ], [ 50, 63, 61 ], [ 60, 41, 58 ], [ 52, 65, 63 ], 
  [ 62, 43, 60 ], [ 54, 67, 65 ], [ 64, 45, 62 ], [ 56, 68, 67 ], 
  [ 66, 69, 64 ], [ 57, 70, 66 ], [ 67, 70, 46 ], [ 68, 36, 69 ] ];
