>>writegraph3d planar <<
1 0 0 0 2 6 5
2 0 0 0 1 4 3
3 0 0 0 2 12 10
4 0 0 0 2 5 13 15 12
5 0 0 0 4 1 7 14 13
6 0 0 0 1 8 7
7 0 0 0 6 9 37 14 5
8 0 0 0 6 10 9
9 0 0 0 8 11 43 37 7
10 0 0 0 8 3 11
11 0 0 0 10 12 32 43 9
12 0 0 0 3 4 15 32 11
13 0 0 0 4 5 14 17 16 15
14 0 0 0 13 5 7 37 38 17
15 0 0 0 4 13 16 18 32 12
16 0 0 0 15 13 17 20 19 18
17 0 0 0 16 13 14 38 39 20
18 0 0 0 15 16 19 21 33 32
19 0 0 0 18 16 20 23 22 21
20 0 0 0 19 16 17 39 40 23
21 0 0 0 18 19 22 24 34 33
22 0 0 0 21 19 23 26 25 24
23 0 0 0 22 19 20 40 41 26
24 0 0 0 21 22 25 27 35 34
25 0 0 0 24 22 26 29 28 27
26 0 0 0 25 22 23 41 42 29
27 0 0 0 24 25 28 30 36 35
28 0 0 0 27 25 29 31 30
29 0 0 0 28 25 26 42 31
30 0 0 0 27 28 31 49 36
31 0 0 0 30 28 29 42 48 49
32 0 0 0 12 15 18 33 43 11
33 0 0 0 32 18 21 34 44 43
34 0 0 0 33 21 24 35 45 44
35 0 0 0 34 24 27 36 46 45
36 0 0 0 35 27 30 49 47 46
37 0 0 0 14 7 9 43 44 38
38 0 0 0 17 14 37 44 45 39
39 0 0 0 20 17 38 45 46 40
40 0 0 0 23 20 39 46 47 41
41 0 0 0 26 23 40 47 48 42
42 0 0 0 29 26 41 48 31
43 0 0 0 37 9 11 32 33 44
44 0 0 0 38 37 43 33 34 45
45 0 0 0 39 38 44 34 35 46
46 0 0 0 40 39 45 35 36 47
47 0 0 0 41 40 46 36 49 48
48 0 0 0 42 41 47 49 31
49 0 0 0 48 47 36 30 31
0
