return [ [ 5, 9, 2 ], [ 1, 18, 3 ], [ 2, 19, 4 ], [ 3, 10, 5 ], [ 4, 6, 1 ], 
  [ 5, 11, 7 ], [ 6, 13, 8 ], [ 7, 15, 9 ], [ 8, 17, 1 ], [ 4, 21, 11 ], 
  [ 10, 12, 6 ], [ 11, 63, 13 ], [ 12, 14, 7 ], [ 13, 78, 15 ], 
  [ 14, 16, 8 ], [ 15, 93, 17 ], [ 16, 18, 9 ], [ 17, 49, 2 ], [ 3, 22, 20 ], 
  [ 19, 25, 21 ], [ 20, 62, 10 ], [ 19, 49, 23 ], [ 22, 26, 24 ], 
  [ 23, 29, 25 ], [ 24, 64, 20 ], [ 23, 51, 27 ], [ 26, 30, 28 ], 
  [ 27, 33, 29 ], [ 28, 66, 24 ], [ 27, 53, 31 ], [ 30, 34, 32 ], 
  [ 31, 37, 33 ], [ 32, 68, 28 ], [ 31, 55, 35 ], [ 34, 38, 36 ], 
  [ 35, 41, 37 ], [ 36, 70, 32 ], [ 35, 57, 39 ], [ 38, 42, 40 ], 
  [ 39, 45, 41 ], [ 40, 72, 36 ], [ 39, 59, 43 ], [ 42, 46, 44 ], 
  [ 43, 48, 45 ], [ 44, 74, 40 ], [ 43, 61, 47 ], [ 46, 108, 48 ], 
  [ 47, 76, 44 ], [ 18, 50, 22 ], [ 49, 93, 51 ], [ 50, 52, 26 ], 
  [ 51, 95, 53 ], [ 52, 54, 30 ], [ 53, 97, 55 ], [ 54, 56, 34 ], 
  [ 55, 99, 57 ], [ 56, 58, 38 ], [ 57, 101, 59 ], [ 58, 60, 42 ], 
  [ 59, 103, 61 ], [ 60, 107, 46 ], [ 21, 65, 63 ], [ 62, 77, 12 ], 
  [ 25, 67, 65 ], [ 64, 79, 62 ], [ 29, 69, 67 ], [ 66, 81, 64 ], 
  [ 33, 71, 69 ], [ 68, 83, 66 ], [ 37, 73, 71 ], [ 70, 85, 68 ], 
  [ 41, 75, 73 ], [ 72, 87, 70 ], [ 45, 76, 75 ], [ 74, 89, 72 ], 
  [ 48, 91, 74 ], [ 63, 80, 78 ], [ 77, 92, 14 ], [ 65, 82, 80 ], 
  [ 79, 94, 77 ], [ 67, 84, 82 ], [ 81, 96, 79 ], [ 69, 86, 84 ], 
  [ 83, 98, 81 ], [ 71, 88, 86 ], [ 85, 100, 83 ], [ 73, 90, 88 ], 
  [ 87, 102, 85 ], [ 75, 91, 90 ], [ 89, 104, 87 ], [ 76, 106, 89 ], 
  [ 78, 95, 93 ], [ 92, 50, 16 ], [ 80, 97, 95 ], [ 94, 52, 92 ], 
  [ 82, 99, 97 ], [ 96, 54, 94 ], [ 84, 101, 99 ], [ 98, 56, 96 ], 
  [ 86, 103, 101 ], [ 100, 58, 98 ], [ 88, 105, 103 ], [ 102, 60, 100 ], 
  [ 90, 106, 105 ], [ 104, 107, 102 ], [ 91, 108, 104 ], [ 105, 108, 61 ], 
  [ 106, 47, 107 ] ];
