>>writegraph3d planar <<
1 0 0 0 2 10 8
2 0 0 0 1 4 3
3 0 0 0 2 16 14
4 0 0 0 2 6 5
5 0 0 0 4 24 16
6 0 0 0 4 8 7
7 0 0 0 6 26 25
8 0 0 0 6 1 9
9 0 0 0 8 11 17
10 0 0 0 1 12 11
11 0 0 0 10 18 9
12 0 0 0 10 14 13
13 0 0 0 12 20 18
14 0 0 0 12 3 15
15 0 0 0 14 22 20
16 0 0 0 3 5 22
17 0 0 0 9 28 26
18 0 0 0 11 13 19
19 0 0 0 18 58 28
20 0 0 0 13 15 21
21 0 0 0 20 66 58
22 0 0 0 15 16 23
23 0 0 0 22 50 66
24 0 0 0 5 25 50
25 0 0 0 7 29 24
26 0 0 0 7 17 27
27 0 0 0 26 33 31
28 0 0 0 17 19 57
29 0 0 0 25 31 30
30 0 0 0 29 35 34
31 0 0 0 29 27 32
32 0 0 0 31 39 37
33 0 0 0 27 57 59
34 0 0 0 30 51 50
35 0 0 0 30 37 36
36 0 0 0 35 41 40
37 0 0 0 35 32 38
38 0 0 0 37 61 63 44 41
39 0 0 0 32 59 61
40 0 0 0 36 53 51
41 0 0 0 36 38 44 43 42
42 0 0 0 41 43 45 55 53
43 0 0 0 42 41 44 47 46 45
44 0 0 0 43 41 38 63 64 47
45 0 0 0 42 43 46 48 56 55
46 0 0 0 45 43 47 49 48
47 0 0 0 46 43 44 64 49
48 0 0 0 45 46 49 73 56
49 0 0 0 48 46 47 64 72 73
50 0 0 0 24 34 23
51 0 0 0 34 40 52
52 0 0 0 51 68 66
53 0 0 0 40 42 54
54 0 0 0 53 70 68
55 0 0 0 42 45 56 69 70
56 0 0 0 55 45 48 73 71 69
57 0 0 0 28 60 33
58 0 0 0 19 21 65
59 0 0 0 33 62 39
60 0 0 0 57 65 67
61 0 0 0 39 69 71 63 38
62 0 0 0 59 67 69
63 0 0 0 44 38 61 71 72 64
64 0 0 0 47 44 63 72 49
65 0 0 0 58 68 60
66 0 0 0 21 23 52
67 0 0 0 60 70 62
68 0 0 0 65 52 54
69 0 0 0 62 55 56 71 61
70 0 0 0 67 54 55
71 0 0 0 63 61 69 56 73 72
72 0 0 0 64 63 71 73 49
73 0 0 0 72 71 56 48 49
0
