return [ [ 5, 9, 2 ], [ 1, 18, 3 ], [ 2, 19, 4 ], [ 3, 10, 5 ], [ 4, 6, 1 ], 
  [ 5, 11, 7 ], [ 6, 13, 8 ], [ 7, 15, 9 ], [ 8, 17, 1 ], [ 4, 21, 11 ], 
  [ 10, 12, 6 ], [ 11, 57, 13 ], [ 12, 14, 7 ], [ 13, 70, 15 ], 
  [ 14, 16, 8 ], [ 15, 83, 17 ], [ 16, 18, 9 ], [ 17, 45, 2 ], [ 3, 22, 20 ], 
  [ 19, 25, 21 ], [ 20, 56, 10 ], [ 19, 45, 23 ], [ 22, 26, 24 ], 
  [ 23, 29, 25 ], [ 24, 58, 20 ], [ 23, 47, 27 ], [ 26, 30, 28 ], 
  [ 27, 33, 29 ], [ 28, 60, 24 ], [ 27, 49, 31 ], [ 30, 34, 32 ], 
  [ 31, 37, 33 ], [ 32, 62, 28 ], [ 31, 51, 35 ], [ 34, 38, 36 ], 
  [ 35, 41, 37 ], [ 36, 64, 32 ], [ 35, 53, 39 ], [ 38, 42, 40 ], 
  [ 39, 44, 41 ], [ 40, 66, 36 ], [ 39, 55, 43 ], [ 42, 96, 44 ], 
  [ 43, 68, 40 ], [ 18, 46, 22 ], [ 45, 83, 47 ], [ 46, 48, 26 ], 
  [ 47, 85, 49 ], [ 48, 50, 30 ], [ 49, 87, 51 ], [ 50, 52, 34 ], 
  [ 51, 89, 53 ], [ 52, 54, 38 ], [ 53, 91, 55 ], [ 54, 95, 42 ], 
  [ 21, 59, 57 ], [ 56, 69, 12 ], [ 25, 61, 59 ], [ 58, 71, 56 ], 
  [ 29, 63, 61 ], [ 60, 73, 58 ], [ 33, 65, 63 ], [ 62, 75, 60 ], 
  [ 37, 67, 65 ], [ 64, 77, 62 ], [ 41, 68, 67 ], [ 66, 79, 64 ], 
  [ 44, 81, 66 ], [ 57, 72, 70 ], [ 69, 82, 14 ], [ 59, 74, 72 ], 
  [ 71, 84, 69 ], [ 61, 76, 74 ], [ 73, 86, 71 ], [ 63, 78, 76 ], 
  [ 75, 88, 73 ], [ 65, 80, 78 ], [ 77, 90, 75 ], [ 67, 81, 80 ], 
  [ 79, 92, 77 ], [ 68, 94, 79 ], [ 70, 85, 83 ], [ 82, 46, 16 ], 
  [ 72, 87, 85 ], [ 84, 48, 82 ], [ 74, 89, 87 ], [ 86, 50, 84 ], 
  [ 76, 91, 89 ], [ 88, 52, 86 ], [ 78, 93, 91 ], [ 90, 54, 88 ], 
  [ 80, 94, 93 ], [ 92, 95, 90 ], [ 81, 96, 92 ], [ 93, 96, 55 ], 
  [ 94, 43, 95 ] ];
