>>writegraph3d planar <<
1 0 0 0 2 10 8
2 0 0 0 1 4 3
3 0 0 0 2 16 14
4 0 0 0 2 6 5
5 0 0 0 4 24 16
6 0 0 0 4 8 7
7 0 0 0 6 26 25
8 0 0 0 6 1 9
9 0 0 0 8 11 17
10 0 0 0 1 12 11
11 0 0 0 10 18 9
12 0 0 0 10 14 13
13 0 0 0 12 20 18
14 0 0 0 12 3 15
15 0 0 0 14 22 20
16 0 0 0 3 5 22
17 0 0 0 9 28 26
18 0 0 0 11 13 19
19 0 0 0 18 54 28
20 0 0 0 13 15 21
21 0 0 0 20 61 54
22 0 0 0 15 16 23
23 0 0 0 22 47 61
24 0 0 0 5 25 47
25 0 0 0 7 29 24
26 0 0 0 7 17 27
27 0 0 0 26 33 31
28 0 0 0 17 19 53
29 0 0 0 25 31 30
30 0 0 0 29 35 34
31 0 0 0 29 27 32
32 0 0 0 31 55 57 38 35
33 0 0 0 27 53 55
34 0 0 0 30 48 47
35 0 0 0 30 32 38 37 36
36 0 0 0 35 37 39 50 48
37 0 0 0 36 35 38 41 40 39
38 0 0 0 37 35 32 57 58 41
39 0 0 0 36 37 40 42 51 50
40 0 0 0 39 37 41 44 43 42
41 0 0 0 40 37 38 58 59 44
42 0 0 0 39 40 43 45 52 51
43 0 0 0 42 40 44 46 45
44 0 0 0 43 40 41 59 46
45 0 0 0 42 43 46 67 52
46 0 0 0 45 43 44 59 66 67
47 0 0 0 24 34 23
48 0 0 0 34 36 49
49 0 0 0 48 63 61
50 0 0 0 36 39 51 62 63
51 0 0 0 50 39 42 52 64 62
52 0 0 0 51 42 45 67 65 64
53 0 0 0 28 56 33
54 0 0 0 19 21 60
55 0 0 0 33 62 64 57 32
56 0 0 0 53 60 62
57 0 0 0 38 32 55 64 65 58
58 0 0 0 41 38 57 65 66 59
59 0 0 0 44 41 58 66 46
60 0 0 0 54 63 56
61 0 0 0 21 23 49
62 0 0 0 56 50 51 64 55
63 0 0 0 60 49 50
64 0 0 0 57 55 62 51 52 65
65 0 0 0 58 57 64 52 67 66
66 0 0 0 59 58 65 67 46
67 0 0 0 66 65 52 45 46
0
