>>writegraph3d planar <<
1 0 0 0 8 14 2
2 0 0 0 1 19 3
3 0 0 0 2 25 4
4 0 0 0 3 26 5
5 0 0 0 4 27 6
6 0 0 0 5 28 7
7 0 0 0 6 20 8
8 0 0 0 7 9 1
9 0 0 0 8 24 10
10 0 0 0 9 32 11
11 0 0 0 10 33 12
12 0 0 0 11 34 13
13 0 0 0 12 35 14
14 0 0 0 13 15 1
15 0 0 0 14 35 16
16 0 0 0 15 36 17
17 0 0 0 16 37 18
18 0 0 0 17 38 19
19 0 0 0 18 25 2
20 0 0 0 7 28 21
21 0 0 0 20 29 22
22 0 0 0 21 30 23
23 0 0 0 22 31 24
24 0 0 0 23 32 9
25 0 0 0 19 26 3
26 0 0 0 25 41 4
27 0 0 0 5 44 28
28 0 0 0 27 20 6
29 0 0 0 21 46 30
30 0 0 0 29 31 22
31 0 0 0 30 50 23
32 0 0 0 24 33 10
33 0 0 0 32 52 11
34 0 0 0 12 55 35
35 0 0 0 34 15 13
36 0 0 0 16 57 37
37 0 0 0 36 38 17
38 0 0 0 37 39 18
39 0 0 0 38 60 40
40 0 0 0 39 64 41
41 0 0 0 40 42 26
42 0 0 0 41 64 43
43 0 0 0 42 65 44
44 0 0 0 43 45 27
45 0 0 0 44 65 46
46 0 0 0 45 47 29
47 0 0 0 46 66 48
48 0 0 0 47 67 49
49 0 0 0 48 68 50
50 0 0 0 49 51 31
51 0 0 0 50 69 52
52 0 0 0 51 53 33
53 0 0 0 52 69 54
54 0 0 0 53 70 55
55 0 0 0 54 56 34
56 0 0 0 55 70 57
57 0 0 0 56 58 36
58 0 0 0 57 62 59
59 0 0 0 58 61 60
60 0 0 0 59 63 39
61 0 0 0 62 63 59
62 0 0 0 58 73 61
63 0 0 0 61 77 60
64 0 0 0 40 79 42
65 0 0 0 43 82 45
66 0 0 0 47 84 67
67 0 0 0 66 68 48
68 0 0 0 67 88 49
69 0 0 0 51 90 53
70 0 0 0 54 71 56
71 0 0 0 70 92 72
72 0 0 0 71 93 73
73 0 0 0 72 74 62
74 0 0 0 73 93 75
75 0 0 0 74 86 76
76 0 0 0 75 94 77
77 0 0 0 76 78 63
78 0 0 0 77 94 79
79 0 0 0 78 80 64
80 0 0 0 79 94 81
81 0 0 0 80 95 82
82 0 0 0 81 83 65
83 0 0 0 82 95 84
84 0 0 0 83 85 66
85 0 0 0 84 95 86
86 0 0 0 85 75 87
87 0 0 0 86 96 88
88 0 0 0 87 89 68
89 0 0 0 88 96 90
90 0 0 0 89 91 69
91 0 0 0 90 96 92
92 0 0 0 91 93 71
93 0 0 0 92 74 72
94 0 0 0 76 80 78
95 0 0 0 81 85 83
96 0 0 0 87 91 89
0
