>>writegraph3d planar <<
1 0 0 0 2 4 5
2 0 0 0 6 3 1
3 0 0 0 8 4 2
4 0 0 0 1 3 9
5 0 0 0 7 6 1
6 0 0 0 2 5 8
7 0 0 0 10 8 5
8 0 0 0 3 6 7
9 0 0 0 14 11 4
10 0 0 0 7 12 13
11 0 0 0 20 12 9
12 0 0 0 10 11 19
13 0 0 0 15 14 10
14 0 0 0 9 13 24
15 0 0 0 13 16 24
16 0 0 0 15 17 28
17 0 0 0 16 18 29
18 0 0 0 17 19 21
19 0 0 0 20 18 12
20 0 0 0 21 19 11
21 0 0 0 18 20 22
22 0 0 0 21 23 32
23 0 0 0 22 24 25
24 0 0 0 14 15 23
25 0 0 0 23 26 32
26 0 0 0 25 27 36
27 0 0 0 26 28 37
28 0 0 0 29 27 16
29 0 0 0 30 28 17
30 0 0 0 29 31 40
31 0 0 0 30 32 33
32 0 0 0 22 25 31
33 0 0 0 31 40
34 0 0 0 35 44
35 0 0 0 34 36 45
36 0 0 0 37 35 26
37 0 0 0 38 36 27
38 0 0 0 37 39 48
39 0 0 0 38 40 41
40 0 0 0 30 33 39
41 0 0 0 39 42 48
42 0 0 0 41 43 52
43 0 0 0 42 44 53
44 0 0 0 45 43 34
45 0 0 0 46 44 35
46 0 0 0 45 47 56
47 0 0 0 46 48 49
48 0 0 0 38 41 47
49 0 0 0 47 50 56
50 0 0 0 49 51 60
51 0 0 0 50 52 61
52 0 0 0 53 51 42
53 0 0 0 54 52 43
54 0 0 0 53 55 64
55 0 0 0 54 56 57
56 0 0 0 46 49 55
57 0 0 0 55 58 64
58 0 0 0 57 59 63
59 0 0 0 58 60 65
60 0 0 0 61 59 50
61 0 0 0 62 60 51
62 0 0 0 61 63 68
63 0 0 0 58 62 64
64 0 0 0 54 57 63
65 0 0 0 59 66 70
66 0 0 0 65 67 71
67 0 0 0 66 68 72
68 0 0 0 69 67 62
69 0 0 0 68 70 72
70 0 0 0 71 69 65
71 0 0 0 72 70 66
72 0 0 0 67 69 71
0
