>>writegraph3d planar <<
1 0 0 0 2 4 5
2 0 0 0 6 3 1
3 0 0 0 7 4 2
4 0 0 0 1 3 9
5 0 0 0 10 6 1
6 0 0 0 2 5 7
7 0 0 0 3 6 8
8 0 0 0 19 11 7
9 0 0 0 4 13 14
10 0 0 0 5 16 17
11 0 0 0 26 12 8
12 0 0 0 31 13 11
13 0 0 0 9 12 20
14 0 0 0 20 15 9
15 0 0 0 31 16 14
16 0 0 0 10 15 25
17 0 0 0 21 18 10
18 0 0 0 29 19 17
19 0 0 0 8 18 28
20 0 0 0 31 14 13
21 0 0 0 17 22 29
22 0 0 0 21 23 28
23 0 0 0 22 24 27
24 0 0 0 23 25 30
25 0 0 0 32 24 16
26 0 0 0 11 27 32
27 0 0 0 30 26 23
28 0 0 0 29 22 19
29 0 0 0 18 21 28
30 0 0 0 32 27 24
31 0 0 0 12 15 20
32 0 0 0 25 26 30
0
