>>writegraph3d planar <<
1 0 0 0 2 4 5
2 0 0 0 6 3 1
3 0 0 0 7 4 2
4 0 0 0 1 3 9
5 0 0 0 10 6 1
6 0 0 0 2 5 7
7 0 0 0 3 6 8
8 0 0 0 19 11 7
9 0 0 0 4 13 14
10 0 0 0 5 16 17
11 0 0 0 26 12 8
12 0 0 0 37 13 11
13 0 0 0 9 12 20
14 0 0 0 20 15 9
15 0 0 0 53 16 14
16 0 0 0 10 15 25
17 0 0 0 21 18 10
18 0 0 0 31 19 17
19 0 0 0 8 18 30
20 0 0 0 38 14 13
21 0 0 0 17 22 31
22 0 0 0 21 23 34
23 0 0 0 22 24 35
24 0 0 0 23 25 52
25 0 0 0 53 24 16
26 0 0 0 11 27 37
27 0 0 0 26 28 45
28 0 0 0 27 29 36
29 0 0 0 28 30 32
30 0 0 0 31 29 19
31 0 0 0 18 21 30
32 0 0 0 29 33 36
33 0 0 0 32 34 48
34 0 0 0 35 33 22
35 0 0 0 52 34 23
36 0 0 0 28 32 45
37 0 0 0 12 26 41
38 0 0 0 20 39 56
39 0 0 0 38 40 72
40 0 0 0 39 41 60
41 0 0 0 42 40 37
42 0 0 0 41 43 60
43 0 0 0 42 44 75
44 0 0 0 43 45 46
45 0 0 0 27 36 44
46 0 0 0 44 47 75
47 0 0 0 46 48 59
48 0 0 0 49 47 33
49 0 0 0 48 50 59
50 0 0 0 49 51 62
51 0 0 0 50 52 57
52 0 0 0 51 35 24
53 0 0 0 54 25 15
54 0 0 0 53 55 58
55 0 0 0 54 56 61
56 0 0 0 66 55 38
57 0 0 0 51 58 62
58 0 0 0 61 57 54
59 0 0 0 47 49 67
60 0 0 0 40 42 72
61 0 0 0 66 58 55
62 0 0 0 50 57 63
63 0 0 0 62 64 69
64 0 0 0 63 65 76
65 0 0 0 64 66 70
66 0 0 0 65 61 56
67 0 0 0 59 68 78
68 0 0 0 67 69 80
69 0 0 0 79 68 63
70 0 0 0 65 71 76
71 0 0 0 70 72 73
72 0 0 0 39 60 71
73 0 0 0 71 74 76
74 0 0 0 73 75 77
75 0 0 0 43 46 74
76 0 0 0 64 70 73
77 0 0 0 74 78 79
78 0 0 0 80 77 67
79 0 0 0 69 77 80
80 0 0 0 79 78 68
0
