>>writegraph3d planar <<
1 0 0 0 2 4 5
2 0 0 0 6 3 1
3 0 0 0 7 4 2
4 0 0 0 1 3 9
5 0 0 0 10 6 1
6 0 0 0 2 5 7
7 0 0 0 3 6 8
8 0 0 0 19 11 7
9 0 0 0 4 13 14
10 0 0 0 5 16 17
11 0 0 0 22 12 8
12 0 0 0 47 13 11
13 0 0 0 9 12 20
14 0 0 0 20 15 9
15 0 0 0 39 16 14
16 0 0 0 10 15 21
17 0 0 0 21 18 10
18 0 0 0 27 19 17
19 0 0 0 8 18 26
20 0 0 0 43 14 13
21 0 0 0 31 17 16
22 0 0 0 11 23 47
23 0 0 0 22 24 51
24 0 0 0 23 25 32
25 0 0 0 24 26 28
26 0 0 0 27 25 19
27 0 0 0 28 26 18
28 0 0 0 25 27 29
29 0 0 0 28 30 35
30 0 0 0 29 31 58
31 0 0 0 36 30 21
32 0 0 0 24 33 51
33 0 0 0 32 50
34 0 0 0 35 55
35 0 0 0 59 34 29
36 0 0 0 31 37 58
37 0 0 0 36 38 70
38 0 0 0 37 39 57
39 0 0 0 40 38 15
40 0 0 0 39 41 57
41 0 0 0 40 42 73
42 0 0 0 41 43 56
43 0 0 0 44 42 20
44 0 0 0 43 45 56
45 0 0 0 44 46 76
46 0 0 0 45 47 48
47 0 0 0 12 22 46
48 0 0 0 46 49 76
49 0 0 0 48 50 52
50 0 0 0 33 49 51
51 0 0 0 23 32 50
52 0 0 0 49 53 79
53 0 0 0 52 54 63
54 0 0 0 53 55 60
55 0 0 0 59 54 34
56 0 0 0 42 44 73
57 0 0 0 38 40 70
58 0 0 0 30 36 62
59 0 0 0 60 55 35
60 0 0 0 54 59 61
61 0 0 0 60 62 66
62 0 0 0 67 61 58
63 0 0 0 53 64 79
64 0 0 0 63 65 78
65 0 0 0 64 66 80
66 0 0 0 67 65 61
67 0 0 0 68 66 62
68 0 0 0 67 69 83
69 0 0 0 68 70 71
70 0 0 0 37 57 69
71 0 0 0 69 72 83
72 0 0 0 71 73 74
73 0 0 0 41 56 72
74 0 0 0 72 75 84
75 0 0 0 74 76 77
76 0 0 0 45 48 75
77 0 0 0 75 78 84
78 0 0 0 64 77 79
79 0 0 0 52 63 78
80 0 0 0 65 81 86
81 0 0 0 80 82 88
82 0 0 0 81 83 87
83 0 0 0 68 71 82
84 0 0 0 74 77 85
85 0 0 0 84 86 87
86 0 0 0 88 85 80
87 0 0 0 82 85 88
88 0 0 0 87 86 81
0
