>>writegraph3d planar <<
1 0 0 0 2 4 5
2 0 0 0 6 3 1
3 0 0 0 7 4 2
4 0 0 0 1 3 9
5 0 0 0 10 6 1
6 0 0 0 2 5 7
7 0 0 0 3 6 8
8 0 0 0 19 11 7
9 0 0 0 4 13 14
10 0 0 0 5 16 17
11 0 0 0 22 12 8
12 0 0 0 47 13 11
13 0 0 0 9 12 20
14 0 0 0 20 15 9
15 0 0 0 39 16 14
16 0 0 0 10 15 21
17 0 0 0 21 18 10
18 0 0 0 27 19 17
19 0 0 0 8 18 26
20 0 0 0 43 14 13
21 0 0 0 31 17 16
22 0 0 0 11 23 47
23 0 0 0 22 24 51
24 0 0 0 23 25 52
25 0 0 0 24 26 32
26 0 0 0 27 25 19
27 0 0 0 28 26 18
28 0 0 0 27 29 35
29 0 0 0 28 30 57
30 0 0 0 29 31 59
31 0 0 0 36 30 21
32 0 0 0 25 33 52
33 0 0 0 32 34 55
34 0 0 0 33 35 67
35 0 0 0 57 34 28
36 0 0 0 31 37 59
37 0 0 0 36 38 63
38 0 0 0 37 39 58
39 0 0 0 40 38 15
40 0 0 0 39 41 58
41 0 0 0 40 42 66
42 0 0 0 41 43 78
43 0 0 0 44 42 20
44 0 0 0 43 45 78
45 0 0 0 44 46 56
46 0 0 0 45 47 48
47 0 0 0 12 22 46
48 0 0 0 46 49 56
49 0 0 0 48 50 85
50 0 0 0 49 51 53
51 0 0 0 52 50 23
52 0 0 0 24 32 51
53 0 0 0 50 54 85
54 0 0 0 53 55 71
55 0 0 0 67 54 33
56 0 0 0 45 48 81
57 0 0 0 60 35 29
58 0 0 0 38 40 66
59 0 0 0 30 36 63
60 0 0 0 57 61 70
61 0 0 0 60 62 100
62 0 0 0 61 63 64
63 0 0 0 62 59 37
64 0 0 0 62 65 103
65 0 0 0 64 66 75
66 0 0 0 65 58 41
67 0 0 0 68 55 34
68 0 0 0 67 69 74
69 0 0 0 68 70 90
70 0 0 0 100 69 60
71 0 0 0 54 72 88
72 0 0 0 71 73 91
73 0 0 0 72 74 97
74 0 0 0 90 73 68
75 0 0 0 65 76
76 0 0 0 75 77 102
77 0 0 0 76 78 79
78 0 0 0 42 44 77
79 0 0 0 77 80 93
80 0 0 0 79 81 89
81 0 0 0 82 80 56
82 0 0 0 81 83 89
83 0 0 0 82 84 92
84 0 0 0 83 85 86
85 0 0 0 49 53 84
86 0 0 0 84 87 92
87 0 0 0 86 88 97
88 0 0 0 91 87 71
89 0 0 0 80 82 93
90 0 0 0 96 74 69
91 0 0 0 97 88 72
92 0 0 0 83 86 96
93 0 0 0 79 89 94
94 0 0 0 93 95 104
95 0 0 0 94 96 98
96 0 0 0 95 92 90
97 0 0 0 73 87 91
98 0 0 0 95 99 104
99 0 0 0 98 100 101
100 0 0 0 99 70 61
101 0 0 0 99 102 104
102 0 0 0 76 101 103
103 0 0 0 64 102
104 0 0 0 94 98 101
0
