>>writegraph3d planar <<
1 0 0 0 2 4 5
2 0 0 0 6 3 1
3 0 0 0 7 4 2
4 0 0 0 1 3 9
5 0 0 0 10 6 1
6 0 0 0 2 5 7
7 0 0 0 3 6 8
8 0 0 0 19 11 7
9 0 0 0 4 13 14
10 0 0 0 5 16 17
11 0 0 0 22 12 8
12 0 0 0 47 13 11
13 0 0 0 9 12 20
14 0 0 0 20 15 9
15 0 0 0 39 16 14
16 0 0 0 10 15 21
17 0 0 0 21 18 10
18 0 0 0 27 19 17
19 0 0 0 8 18 26
20 0 0 0 43 14 13
21 0 0 0 31 17 16
22 0 0 0 11 23 47
23 0 0 0 22 24 51
24 0 0 0 23 25 32
25 0 0 0 24 26 28
26 0 0 0 27 25 19
27 0 0 0 28 26 18
28 0 0 0 25 27 29
29 0 0 0 28 30 35
30 0 0 0 29 31 59
31 0 0 0 36 30 21
32 0 0 0 24 33 51
33 0 0 0 32 34 55
34 0 0 0 33 35 57
35 0 0 0 60 34 29
36 0 0 0 31 37 59
37 0 0 0 36 38 63
38 0 0 0 37 39 58
39 0 0 0 40 38 15
40 0 0 0 39 41 58
41 0 0 0 40 42 73
42 0 0 0 41 43 74
43 0 0 0 44 42 20
44 0 0 0 43 45 74
45 0 0 0 44 46 56
46 0 0 0 45 47 48
47 0 0 0 12 22 46
48 0 0 0 46 49 56
49 0 0 0 48 50 84
50 0 0 0 49 51 52
51 0 0 0 23 32 50
52 0 0 0 50 53 84
53 0 0 0 52 54 83
54 0 0 0 53 55 64
55 0 0 0 57 54 33
56 0 0 0 45 48 76
57 0 0 0 60 55 34
58 0 0 0 38 40 69
59 0 0 0 30 36 63
60 0 0 0 61 57 35
61 0 0 0 60 62 66
62 0 0 0 61 63 67
63 0 0 0 62 59 37
64 0 0 0 54 65 94
65 0 0 0 64 66 77
66 0 0 0 67 65 61
67 0 0 0 68 66 62
68 0 0 0 67 69 80
69 0 0 0 70 68 58
70 0 0 0 69 71 80
71 0 0 0 70 72 88
72 0 0 0 71 73 75
73 0 0 0 74 72 41
74 0 0 0 42 44 73
75 0 0 0 72 76 88
76 0 0 0 81 75 56
77 0 0 0 65 78 94
78 0 0 0 77 79 93
79 0 0 0 78 80 85
80 0 0 0 68 70 79
81 0 0 0 76 82 91
82 0 0 0 81 83 92
83 0 0 0 53 82 84
84 0 0 0 49 52 83
85 0 0 0 79 86 96
86 0 0 0 85 87 95
87 0 0 0 86 88 89
88 0 0 0 71 75 87
89 0 0 0 87 90 95
90 0 0 0 89 91 96
91 0 0 0 92 90 81
92 0 0 0 93 91 82
93 0 0 0 78 92 94
94 0 0 0 64 77 93
95 0 0 0 86 89 96
96 0 0 0 95 90 85
0
