>>writegraph3d planar <<
1 0 0 0 2 4 5
2 0 0 0 6 3 1
3 0 0 0 7 4 2
4 0 0 0 1 3 9
5 0 0 0 10 6 1
6 0 0 0 2 5 7
7 0 0 0 3 6 8
8 0 0 0 19 11 7
9 0 0 0 4 13 14
10 0 0 0 5 16 17
11 0 0 0 26 12 8
12 0 0 0 37 13 11
13 0 0 0 9 12 20
14 0 0 0 20 15 9
15 0 0 0 53 16 14
16 0 0 0 10 15 25
17 0 0 0 21 18 10
18 0 0 0 31 19 17
19 0 0 0 8 18 30
20 0 0 0 38 14 13
21 0 0 0 17 22 31
22 0 0 0 21 23 34
23 0 0 0 22 24 35
24 0 0 0 23 25 52
25 0 0 0 53 24 16
26 0 0 0 11 27 37
27 0 0 0 26 28 45
28 0 0 0 27 29 36
29 0 0 0 28 30 32
30 0 0 0 31 29 19
31 0 0 0 18 21 30
32 0 0 0 29 33 36
33 0 0 0 32 34 48
34 0 0 0 35 33 22
35 0 0 0 52 34 23
36 0 0 0 28 32 45
37 0 0 0 12 26 41
38 0 0 0 20 39 56
39 0 0 0 38 40 73
40 0 0 0 39 41 60
41 0 0 0 42 40 37
42 0 0 0 41 43 60
43 0 0 0 42 44 77
44 0 0 0 43 45 46
45 0 0 0 27 36 44
46 0 0 0 44 47 77
47 0 0 0 46 48 59
48 0 0 0 49 47 33
49 0 0 0 48 50 59
50 0 0 0 49 51 62
51 0 0 0 50 52 57
52 0 0 0 51 35 24
53 0 0 0 54 25 15
54 0 0 0 53 55 58
55 0 0 0 54 56 61
56 0 0 0 73 55 38
57 0 0 0 51 58 62
58 0 0 0 61 57 54
59 0 0 0 47 49 67
60 0 0 0 40 42 76
61 0 0 0 66 58 55
62 0 0 0 50 57 63
63 0 0 0 62 64 69
64 0 0 0 63 65 84
65 0 0 0 64 66 101
66 0 0 0 70 65 61
67 0 0 0 59 68 80
68 0 0 0 67 69 97
69 0 0 0 84 68 63
70 0 0 0 66 71 101
71 0 0 0 70 72 83
72 0 0 0 71 74
73 0 0 0 56 39
74 0 0 0 72 75 83
75 0 0 0 74 76 86
76 0 0 0 81 75 60
77 0 0 0 43 46 78
78 0 0 0 77 79 82
79 0 0 0 78 80 85
80 0 0 0 97 79 67
81 0 0 0 76 82 86
82 0 0 0 85 81 78
83 0 0 0 71 74 91
84 0 0 0 100 69 64
85 0 0 0 90 82 79
86 0 0 0 75 81 87
87 0 0 0 86 88 93
88 0 0 0 87 89 114
89 0 0 0 88 90 112
90 0 0 0 94 89 85
91 0 0 0 83 92 104
92 0 0 0 91 93 121
93 0 0 0 114 92 87
94 0 0 0 90 95 112
95 0 0 0 94 96 107
96 0 0 0 95 97 98
97 0 0 0 96 80 68
98 0 0 0 96 99 111
99 0 0 0 98 100 113
100 0 0 0 105 99 84
101 0 0 0 65 70 102
102 0 0 0 101 103 106
103 0 0 0 102 104 119
104 0 0 0 121 103 91
105 0 0 0 100 106 113
106 0 0 0 119 105 102
107 0 0 0 95 108 112
108 0 0 0 107 109 116
109 0 0 0 108 110 120
110 0 0 0 109 111 117
111 0 0 0 113 110 98
112 0 0 0 89 94 107
113 0 0 0 99 105 111
114 0 0 0 115 93 88
115 0 0 0 114 116 124
116 0 0 0 120 115 108
117 0 0 0 110 118 120
118 0 0 0 117 119 126
119 0 0 0 118 106 103
120 0 0 0 117 116 109
121 0 0 0 122 104 92
122 0 0 0 121 123 127
123 0 0 0 122 124 128
124 0 0 0 125 123 115
125 0 0 0 124 126 128
126 0 0 0 127 125 118
127 0 0 0 128 126 122
128 0 0 0 123 125 127
0
