>>writegraph3d planar <<
1 0 0 0 2 4 5
2 0 0 0 6 3 1
3 0 0 0 7 4 2
4 0 0 0 1 3 9
5 0 0 0 10 6 1
6 0 0 0 2 5 7
7 0 0 0 3 6 8
8 0 0 0 19 11 7
9 0 0 0 4 13 14
10 0 0 0 5 16 17
11 0 0 0 22 12 8
12 0 0 0 47 13 11
13 0 0 0 9 12 20
14 0 0 0 20 15 9
15 0 0 0 39 16 14
16 0 0 0 10 15 21
17 0 0 0 21 18 10
18 0 0 0 27 19 17
19 0 0 0 8 18 26
20 0 0 0 43 14 13
21 0 0 0 31 17 16
22 0 0 0 11 23 47
23 0 0 0 22 24 51
24 0 0 0 23 25 32
25 0 0 0 24 26 28
26 0 0 0 27 25 19
27 0 0 0 28 26 18
28 0 0 0 25 27 29
29 0 0 0 28 30 35
30 0 0 0 29 31 62
31 0 0 0 36 30 21
32 0 0 0 24 33 51
33 0 0 0 32 34 55
34 0 0 0 33 35 64
35 0 0 0 63 34 29
36 0 0 0 31 37 62
37 0 0 0 36 38 61
38 0 0 0 37 39 57
39 0 0 0 40 38 15
40 0 0 0 39 41 57
41 0 0 0 40 42 56
42 0 0 0 41 43 59
43 0 0 0 44 42 20
44 0 0 0 43 45 59
45 0 0 0 44 46 56
46 0 0 0 45 47 48
47 0 0 0 12 22 46
48 0 0 0 46 49 58
49 0 0 0 48 50 60
50 0 0 0 49 51 52
51 0 0 0 23 32 50
52 0 0 0 50 53 60
53 0 0 0 52 54 61
54 0 0 0 53 55 63
55 0 0 0 64 54 33
56 0 0 0 59 45 41
57 0 0 0 38 40 58
58 0 0 0 60 57 48
59 0 0 0 42 44 56
60 0 0 0 49 52 58
61 0 0 0 37 53 62
62 0 0 0 30 36 61
63 0 0 0 35 54 64
64 0 0 0 63 55 34
0
