>>writegraph3d planar <<
1 0 0 0 2 4 5
2 0 0 0 6 3 1
3 0 0 0 7 4 2
4 0 0 0 1 3 9
5 0 0 0 10 6 1
6 0 0 0 2 5 7
7 0 0 0 3 6 8
8 0 0 0 19 11 7
9 0 0 0 4 13 14
10 0 0 0 5 16 17
11 0 0 0 22 12 8
12 0 0 0 47 13 11
13 0 0 0 9 12 20
14 0 0 0 20 15 9
15 0 0 0 39 16 14
16 0 0 0 10 15 21
17 0 0 0 21 18 10
18 0 0 0 27 19 17
19 0 0 0 8 18 26
20 0 0 0 43 14 13
21 0 0 0 31 17 16
22 0 0 0 11 23 47
23 0 0 0 22 24 46
24 0 0 0 23 25 51
25 0 0 0 24 26 32
26 0 0 0 27 25 19
27 0 0 0 28 26 18
28 0 0 0 27 29 35
29 0 0 0 28 30 56
30 0 0 0 29 31 59
31 0 0 0 36 30 21
32 0 0 0 25 33 51
33 0 0 0 32 34 55
34 0 0 0 33 35 67
35 0 0 0 56 34 28
36 0 0 0 31 37 59
37 0 0 0 36 38 63
38 0 0 0 37 39 58
39 0 0 0 40 38 15
40 0 0 0 39 41 58
41 0 0 0 40 42 66
42 0 0 0 41 43 78
43 0 0 0 44 42 20
44 0 0 0 43 45 78
45 0 0 0 44 46 48
46 0 0 0 23 45 47
47 0 0 0 12 22 46
48 0 0 0 45 49 81
49 0 0 0 48 50 57
50 0 0 0 49 51 52
51 0 0 0 24 32 50
52 0 0 0 50 53 57
53 0 0 0 52 54 84
54 0 0 0 53 55 71
55 0 0 0 67 54 33
56 0 0 0 60 35 29
57 0 0 0 49 52 81
58 0 0 0 38 40 66
59 0 0 0 30 36 63
60 0 0 0 56 61 70
61 0 0 0 60 62 92
62 0 0 0 61 63 64
63 0 0 0 62 59 37
64 0 0 0 62 65 86
65 0 0 0 64 66 75
66 0 0 0 65 58 41
67 0 0 0 68 55 34
68 0 0 0 67 69 74
69 0 0 0 68 70 93
70 0 0 0 92 69 60
71 0 0 0 54 72 84
72 0 0 0 71 73 91
73 0 0 0 72 74 95
74 0 0 0 96 73 68
75 0 0 0 65 76 86
76 0 0 0 75 77 85
77 0 0 0 76 78 79
78 0 0 0 42 44 77
79 0 0 0 77 80 85
80 0 0 0 79 81 82
81 0 0 0 48 57 80
82 0 0 0 80 83 85
83 0 0 0 82 84 88
84 0 0 0 53 71 83
85 0 0 0 76 79 82
86 0 0 0 64 75 87
87 0 0 0 86 88 94
88 0 0 0 89 87 83
89 0 0 0 88 90 94
90 0 0 0 89 91 96
91 0 0 0 95 90 72
92 0 0 0 93 70 61
93 0 0 0 69 92 94
94 0 0 0 87 89 93
95 0 0 0 96 91 73
96 0 0 0 74 90 95
0
