>>writegraph3d planar <<
1 0 0 0 2 4 5
2 0 0 0 6 3 1
3 0 0 0 7 4 2
4 0 0 0 1 3 9
5 0 0 0 10 6 1
6 0 0 0 2 5 7
7 0 0 0 3 6 8
8 0 0 0 19 11 7
9 0 0 0 4 13 14
10 0 0 0 5 16 17
11 0 0 0 22 12 8
12 0 0 0 47 13 11
13 0 0 0 9 12 20
14 0 0 0 20 15 9
15 0 0 0 39 16 14
16 0 0 0 10 15 21
17 0 0 0 21 18 10
18 0 0 0 27 19 17
19 0 0 0 8 18 26
20 0 0 0 43 14 13
21 0 0 0 31 17 16
22 0 0 0 11 23 47
23 0 0 0 22 24 46
24 0 0 0 23 25 51
25 0 0 0 24 26 32
26 0 0 0 27 25 19
27 0 0 0 28 26 18
28 0 0 0 27 29 35
29 0 0 0 28 30 74
30 0 0 0 29 31 56
31 0 0 0 36 30 21
32 0 0 0 25 33
33 0 0 0 32 34 50
34 0 0 0 33 35 55
35 0 0 0 76 34 28
36 0 0 0 31 37 56
37 0 0 0 36 38 67
38 0 0 0 37 39 57
39 0 0 0 40 38 15
40 0 0 0 39 41 57
41 0 0 0 40 42 59
42 0 0 0 41 43 58
43 0 0 0 44 42 20
44 0 0 0 43 45 58
45 0 0 0 44 46 48
46 0 0 0 23 45 47
47 0 0 0 12 22 46
48 0 0 0 45 49 62
49 0 0 0 48 50 52
50 0 0 0 33 49 51
51 0 0 0 24 50
52 0 0 0 49 53 62
53 0 0 0 52 54 66
54 0 0 0 53 55 77
55 0 0 0 76 54 34
56 0 0 0 30 36 74
57 0 0 0 38 40 67
58 0 0 0 42 44 59
59 0 0 0 41 58 60
60 0 0 0 59 61 69
61 0 0 0 60 62 63
62 0 0 0 48 52 61
63 0 0 0 61 64 69
64 0 0 0 63 65 73
65 0 0 0 64 66 79
66 0 0 0 80 65 53
67 0 0 0 37 57 68
68 0 0 0 67 69 70
69 0 0 0 60 63 68
70 0 0 0 68 71 75
71 0 0 0 70 72 78
72 0 0 0 71 73 80
73 0 0 0 79 72 64
74 0 0 0 29 56 75
75 0 0 0 78 74 70
76 0 0 0 77 55 35
77 0 0 0 54 76 78
78 0 0 0 77 75 71
79 0 0 0 80 73 65
80 0 0 0 66 72 79
0
