>>writegraph3d planar <<
1 0 0 0 3 4
2 0 0 0 6 3
3 0 0 0 1 2 8
4 0 0 0 9 5 1
5 0 0 0 4 6
6 0 0 0 2 5 7
7 0 0 0 18 10 6
8 0 0 0 3 12 13
9 0 0 0 4 15 16
10 0 0 0 21 11 7
11 0 0 0 26 12 10
12 0 0 0 8 11 19
13 0 0 0 19 14 8
14 0 0 0 31 15 13
15 0 0 0 9 14 20
16 0 0 0 20 17 9
17 0 0 0 38 18 16
18 0 0 0 7 17 21
19 0 0 0 22 13 12
20 0 0 0 39 16 15
21 0 0 0 10 18 30
22 0 0 0 19 23 34
23 0 0 0 22 24 48
24 0 0 0 23 25 60
25 0 0 0 24 26 47
26 0 0 0 27 25 11
27 0 0 0 26 28 47
28 0 0 0 27 29 57
29 0 0 0 28 30 46
30 0 0 0 35 29 21
31 0 0 0 14 32 42
32 0 0 0 31 33 49
33 0 0 0 32 34 63
34 0 0 0 48 33 22
35 0 0 0 30 36 46
36 0 0 0 35 37 52
37 0 0 0 36 38 51
38 0 0 0 43 37 17
39 0 0 0 20 40 45
40 0 0 0 39 41 50
41 0 0 0 40 42 66
42 0 0 0 49 41 31
43 0 0 0 38 44 51
44 0 0 0 43 45 56
45 0 0 0 50 44 39
46 0 0 0 29 35 52
47 0 0 0 25 27 57
48 0 0 0 60 34 23
49 0 0 0 63 42 32
50 0 0 0 66 45 40
51 0 0 0 37 43 56
52 0 0 0 53 46 36
53 0 0 0 52 54 59
54 0 0 0 53 55 74
55 0 0 0 54 56 69
56 0 0 0 55 51 44
57 0 0 0 58 47 28
58 0 0 0 57 59 62
59 0 0 0 70 58 53
60 0 0 0 61 48 24
61 0 0 0 60 62 65
62 0 0 0 70 61 58
63 0 0 0 64 49 33
64 0 0 0 63 65 68
65 0 0 0 77 64 61
66 0 0 0 67 50 41
67 0 0 0 66 68 69
68 0 0 0 77 67 64
69 0 0 0 55 67 74
70 0 0 0 71 62 59
71 0 0 0 70 72 78
72 0 0 0 71 73 79
73 0 0 0 72 74 75
74 0 0 0 54 69 73
75 0 0 0 73 76 79
76 0 0 0 75 77 78
77 0 0 0 76 68 65
78 0 0 0 79 76 71
79 0 0 0 72 75 78
0
