>>writegraph3d planar <<
1 0 0 0 2 4 5
2 0 0 0 6 3 1
3 0 0 0 7 4 2
4 0 0 0 1 3 9
5 0 0 0 10 6 1
6 0 0 0 2 5 7
7 0 0 0 3 6 8
8 0 0 0 19 11 7
9 0 0 0 4 13 14
10 0 0 0 5 16 17
11 0 0 0 29 12 8
12 0 0 0 31 13 11
13 0 0 0 9 12 24
14 0 0 0 20 15 9
15 0 0 0 28 16 14
16 0 0 0 10 15 27
17 0 0 0 25 18 10
18 0 0 0 32 19 17
19 0 0 0 8 18 30
20 0 0 0 14 21 28
21 0 0 0 20 22 27
22 0 0 0 21 23 26
23 0 0 0 22 24 29
24 0 0 0 31 23 13
25 0 0 0 17 26 32
26 0 0 0 30 25 22
27 0 0 0 28 21 16
28 0 0 0 15 20 27
29 0 0 0 11 23 31
30 0 0 0 32 26 19
31 0 0 0 29 24 12
32 0 0 0 18 25 30
0
