>>writegraph3d planar <<
1 0 0 0 2 4 5
2 0 0 0 6 3 1
3 0 0 0 7 4 2
4 0 0 0 1 3 9
5 0 0 0 10 6 1
6 0 0 0 2 5 7
7 0 0 0 3 6 8
8 0 0 0 19 11 7
9 0 0 0 4 13 14
10 0 0 0 5 16 17
11 0 0 0 22 12 8
12 0 0 0 27 13 11
13 0 0 0 9 12 20
14 0 0 0 20 15 9
15 0 0 0 32 16 14
16 0 0 0 10 15 21
17 0 0 0 21 18 10
18 0 0 0 39 19 17
19 0 0 0 8 18 22
20 0 0 0 23 14 13
21 0 0 0 40 17 16
22 0 0 0 11 19 31
23 0 0 0 20 24 35
24 0 0 0 23 25 49
25 0 0 0 24 26 61
26 0 0 0 25 27 48
27 0 0 0 28 26 12
28 0 0 0 27 29 48
29 0 0 0 28 30 58
30 0 0 0 29 31 47
31 0 0 0 36 30 22
32 0 0 0 15 33 43
33 0 0 0 32 34 50
34 0 0 0 33 35 64
35 0 0 0 49 34 23
36 0 0 0 31 37 47
37 0 0 0 36 38 53
38 0 0 0 37 39 52
39 0 0 0 44 38 18
40 0 0 0 21 41 46
41 0 0 0 40 42 51
42 0 0 0 41 43 67
43 0 0 0 50 42 32
44 0 0 0 39 45 52
45 0 0 0 44 46 57
46 0 0 0 51 45 40
47 0 0 0 30 36 53
48 0 0 0 26 28 58
49 0 0 0 61 35 24
50 0 0 0 64 43 33
51 0 0 0 67 46 41
52 0 0 0 38 44 57
53 0 0 0 54 47 37
54 0 0 0 53 55 60
55 0 0 0 54 56 75
56 0 0 0 55 57 70
57 0 0 0 56 52 45
58 0 0 0 59 48 29
59 0 0 0 58 60 63
60 0 0 0 71 59 54
61 0 0 0 62 49 25
62 0 0 0 61 63 66
63 0 0 0 71 62 59
64 0 0 0 65 50 34
65 0 0 0 64 66 69
66 0 0 0 78 65 62
67 0 0 0 68 51 42
68 0 0 0 67 69 70
69 0 0 0 78 68 65
70 0 0 0 56 68 75
71 0 0 0 72 63 60
72 0 0 0 71 73 79
73 0 0 0 72 74 80
74 0 0 0 73 75 76
75 0 0 0 55 70 74
76 0 0 0 74 77 80
77 0 0 0 76 78 79
78 0 0 0 77 69 66
79 0 0 0 80 77 72
80 0 0 0 73 76 79
0
