>>writegraph3d planar <<
1 0 0 0 2 4 5
2 0 0 0 6 3 1
3 0 0 0 7 4 2
4 0 0 0 1 3 9
5 0 0 0 10 6 1
6 0 0 0 2 5 7
7 0 0 0 3 6 8
8 0 0 0 19 11 7
9 0 0 0 4 13 14
10 0 0 0 5 16 17
11 0 0 0 22 12 8
12 0 0 0 43 13 11
13 0 0 0 9 12 20
14 0 0 0 20 15 9
15 0 0 0 39 16 14
16 0 0 0 10 15 21
17 0 0 0 21 18 10
18 0 0 0 27 19 17
19 0 0 0 8 18 26
20 0 0 0 43 14 13
21 0 0 0 31 17 16
22 0 0 0 11 23 46
23 0 0 0 22 24 47
24 0 0 0 23 25 32
25 0 0 0 24 26 28
26 0 0 0 27 25 19
27 0 0 0 28 26 18
28 0 0 0 25 27 29
29 0 0 0 28 30 35
30 0 0 0 29 31 55
31 0 0 0 36 30 21
32 0 0 0 24 33 47
33 0 0 0 32 34 50
34 0 0 0 33 35 62
35 0 0 0 59 34 29
36 0 0 0 31 37 55
37 0 0 0 36 38 53
38 0 0 0 37 39 52
39 0 0 0 40 38 15
40 0 0 0 39 41 52
41 0 0 0 40 42 51
42 0 0 0 41 43 44
43 0 0 0 42 20 12
44 0 0 0 42 45 51
45 0 0 0 44 46 48
46 0 0 0 47 45 22
47 0 0 0 23 32 46
48 0 0 0 45 49 51
49 0 0 0 48 50 54
50 0 0 0 62 49 33
51 0 0 0 41 44 48
52 0 0 0 38 40 53
53 0 0 0 37 52 54
54 0 0 0 58 53 49
55 0 0 0 30 36 56
56 0 0 0 55 57 61
57 0 0 0 56 58 64
58 0 0 0 63 57 54
59 0 0 0 35 60 62
60 0 0 0 59 61 63
61 0 0 0 64 60 56
62 0 0 0 59 50 34
63 0 0 0 58 60 64
64 0 0 0 63 61 57
0
