>>writegraph3d planar <<
1 0 0 0 2 4 5
2 0 0 0 6 3 1
3 0 0 0 7 4 2
4 0 0 0 1 3 9
5 0 0 0 10 6 1
6 0 0 0 2 5 7
7 0 0 0 3 6 8
8 0 0 0 19 11 7
9 0 0 0 4 13 14
10 0 0 0 5 16 17
11 0 0 0 26 12 8
12 0 0 0 31 13 11
13 0 0 0 9 12 20
14 0 0 0 20 15 9
15 0 0 0 42 16 14
16 0 0 0 10 15 25
17 0 0 0 21 18 10
18 0 0 0 29 19 17
19 0 0 0 8 18 28
20 0 0 0 36 14 13
21 0 0 0 17 22 29
22 0 0 0 21 23 28
23 0 0 0 22 24 27
24 0 0 0 23 25 30
25 0 0 0 42 24 16
26 0 0 0 11 27 31
27 0 0 0 30 26 23
28 0 0 0 29 22 19
29 0 0 0 18 21 28
30 0 0 0 35 27 24
31 0 0 0 12 26 32
32 0 0 0 31 33 38
33 0 0 0 32 34 58
34 0 0 0 33 35 45
35 0 0 0 39 34 30
36 0 0 0 20 37 44
37 0 0 0 36 38 46
38 0 0 0 58 37 32
39 0 0 0 35 40 45
40 0 0 0 39 41 47
41 0 0 0 40 42 43
42 0 0 0 41 25 15
43 0 0 0 41 44 47
44 0 0 0 46 43 36
45 0 0 0 34 39 52
46 0 0 0 51 44 37
47 0 0 0 40 43 48
48 0 0 0 47 49 54
49 0 0 0 48 50 74
50 0 0 0 49 51 61
51 0 0 0 55 50 46
52 0 0 0 45 53 60
53 0 0 0 52 54 62
54 0 0 0 74 53 48
55 0 0 0 51 56 61
56 0 0 0 55 57 63
57 0 0 0 56 58 59
58 0 0 0 57 38 33
59 0 0 0 57 60 63
60 0 0 0 62 59 52
61 0 0 0 50 55 68
62 0 0 0 67 60 53
63 0 0 0 56 59 64
64 0 0 0 63 65 70
65 0 0 0 64 66 79
66 0 0 0 65 67 77
67 0 0 0 71 66 62
68 0 0 0 61 69 76
69 0 0 0 68 70 78
70 0 0 0 80 69 64
71 0 0 0 67 72 77
72 0 0 0 71 73 79
73 0 0 0 72 74 75
74 0 0 0 73 54 49
75 0 0 0 73 76 80
76 0 0 0 78 75 68
77 0 0 0 66 71 79
78 0 0 0 80 76 69
79 0 0 0 77 72 65
80 0 0 0 70 75 78
0
