>>writegraph3d planar <<
1 0 0 0 2 4 5
2 0 0 0 6 3 1
3 0 0 0 7 4 2
4 0 0 0 1 3 9
5 0 0 0 10 6 1
6 0 0 0 2 5 7
7 0 0 0 3 6 8
8 0 0 0 19 11 7
9 0 0 0 4 13 14
10 0 0 0 5 16 17
11 0 0 0 26 12 8
12 0 0 0 37 13 11
13 0 0 0 9 12 20
14 0 0 0 20 15 9
15 0 0 0 45 16 14
16 0 0 0 10 15 25
17 0 0 0 21 18 10
18 0 0 0 31 19 17
19 0 0 0 8 18 30
20 0 0 0 38 14 13
21 0 0 0 17 22 31
22 0 0 0 21 23 34
23 0 0 0 22 24 35
24 0 0 0 23 25 46
25 0 0 0 45 24 16
26 0 0 0 11 27 37
27 0 0 0 26 28 41
28 0 0 0 27 29 36
29 0 0 0 28 30 32
30 0 0 0 31 29 19
31 0 0 0 18 21 30
32 0 0 0 29 33 36
33 0 0 0 32 34 52
34 0 0 0 35 33 22
35 0 0 0 56 34 23
36 0 0 0 28 32 44
37 0 0 0 12 26 41
38 0 0 0 20 39 48
39 0 0 0 38 40 67
40 0 0 0 39 41 42
41 0 0 0 40 37 27
42 0 0 0 40 43 67
43 0 0 0 42 44 59
44 0 0 0 49 43 36
45 0 0 0 46 25 15
46 0 0 0 24 45 47
47 0 0 0 46 48 58
48 0 0 0 70 47 38
49 0 0 0 44 50 59
50 0 0 0 49 51 62
51 0 0 0 50 52 61
52 0 0 0 53 51 33
53 0 0 0 52 54 61
54 0 0 0 53 55 73
55 0 0 0 54 56 60
56 0 0 0 57 55 35
57 0 0 0 56 58 60
58 0 0 0 70 57 47
59 0 0 0 43 49 62
60 0 0 0 55 57 73
61 0 0 0 51 53 66
62 0 0 0 63 59 50
63 0 0 0 62 64 69
64 0 0 0 63 65 78
65 0 0 0 64 66 80
66 0 0 0 79 65 61
67 0 0 0 39 42 68
68 0 0 0 67 69 72
69 0 0 0 76 68 63
70 0 0 0 71 58 48
71 0 0 0 70 72 75
72 0 0 0 76 71 68
73 0 0 0 54 60 74
74 0 0 0 73 75 77
75 0 0 0 76 74 71
76 0 0 0 75 72 69
77 0 0 0 74 78 79
78 0 0 0 80 77 64
79 0 0 0 66 77 80
80 0 0 0 79 78 65
0
