>>writegraph3d planar <<
1 0 0 0 2 4 5
2 0 0 0 6 3 1
3 0 0 0 7 4 2
4 0 0 0 1 3 9
5 0 0 0 10 6 1
6 0 0 0 2 5 7
7 0 0 0 3 6 8
8 0 0 0 19 11 7
9 0 0 0 4 13 14
10 0 0 0 5 16 17
11 0 0 0 22 12 8
12 0 0 0 47 13 11
13 0 0 0 9 12 20
14 0 0 0 20 15 9
15 0 0 0 39 16 14
16 0 0 0 10 15 21
17 0 0 0 21 18 10
18 0 0 0 27 19 17
19 0 0 0 8 18 26
20 0 0 0 43 14 13
21 0 0 0 31 17 16
22 0 0 0 11 23 47
23 0 0 0 22 24 51
24 0 0 0 23 25 52
25 0 0 0 24 26 32
26 0 0 0 27 25 19
27 0 0 0 28 26 18
28 0 0 0 27 29 35
29 0 0 0 28 30 61
30 0 0 0 29 31 63
31 0 0 0 36 30 21
32 0 0 0 25 33 52
33 0 0 0 32 34 55
34 0 0 0 33 35 62
35 0 0 0 57 34 28
36 0 0 0 31 37 63
37 0 0 0 36 38 69
38 0 0 0 37 39 71
39 0 0 0 40 38 15
40 0 0 0 39 41 71
41 0 0 0 40 42 76
42 0 0 0 41 43 77
43 0 0 0 44 42 20
44 0 0 0 43 45 77
45 0 0 0 44 46 56
46 0 0 0 45 47 48
47 0 0 0 12 22 46
48 0 0 0 46 49 56
49 0 0 0 48 50 83
50 0 0 0 49 51 53
51 0 0 0 52 50 23
52 0 0 0 24 32 51
53 0 0 0 50 54 83
54 0 0 0 53 55 64
55 0 0 0 62 54 33
56 0 0 0 45 48 79
57 0 0 0 35 58 62
58 0 0 0 57 59 66
59 0 0 0 58 60 70
60 0 0 0 59 67
61 0 0 0 63 29
62 0 0 0 57 55 34
63 0 0 0 30 36 61
64 0 0 0 54 65 84
65 0 0 0 64 66 72
66 0 0 0 70 65 58
67 0 0 0 60 68 70
68 0 0 0 67 69 74
69 0 0 0 71 68 37
70 0 0 0 67 66 59
71 0 0 0 38 40 69
72 0 0 0 65 73 84
73 0 0 0 72 74 78
74 0 0 0 75 73 68
75 0 0 0 74 76 78
76 0 0 0 77 75 41
77 0 0 0 42 44 76
78 0 0 0 73 75 79
79 0 0 0 80 78 56
80 0 0 0 79 81 86
81 0 0 0 80 82 88
82 0 0 0 81 83 87
83 0 0 0 49 53 82
84 0 0 0 64 72 85
85 0 0 0 84 86 87
86 0 0 0 88 85 80
87 0 0 0 82 85 88
88 0 0 0 87 86 81
0
