>>writegraph3d planar <<
1 0 0 0 2 3 4
2 0 0 0 1 5 6
3 0 0 0 1 7 8
4 0 0 0 1 9 5
5 0 0 0 2 4 10
6 0 0 0 2 10 11
7 0 0 0 3 12 13
8 0 0 0 3 13
9 0 0 0 4 14 10
10 0 0 0 5 9 6
11 0 0 0 6 15 16
12 0 0 0 7 16 17
13 0 0 0 7 18 8
14 0 0 0 9 20 21
15 0 0 0 11 22 23
16 0 0 0 11 23 12
17 0 0 0 12 24 25
18 0 0 0 13 26 27
19 0 0 0 28 29
20 0 0 0 30 14
21 0 0 0 14 30 22
22 0 0 0 15 21 31
23 0 0 0 15 32 16
24 0 0 0 17 33 34
25 0 0 0 17 34 35
26 0 0 0 18 35 36
27 0 0 0 18 36 37
28 0 0 0 19 37 38
29 0 0 0 19 38 39
30 0 0 0 20 40 21
31 0 0 0 22 41 42
32 0 0 0 23 43 44
33 0 0 0 24 44 45
34 0 0 0 24 46 25
35 0 0 0 25 47 26
36 0 0 0 26 47 27
37 0 0 0 27 47 28
38 0 0 0 28 46 29
39 0 0 0 29 48 49
40 0 0 0 30 49 50
41 0 0 0 31 51 52
42 0 0 0 31 52 53
43 0 0 0 32 53 54
44 0 0 0 32 54 33
45 0 0 0 33 54 53
46 0 0 0 34 52 38
47 0 0 0 35 37 36
48 0 0 0 39 51 55
49 0 0 0 39 55 40
50 0 0 0 40 55 51
51 0 0 0 41 50 48
52 0 0 0 41 46 42
53 0 0 0 42 45 43
54 0 0 0 43 45 44
55 0 0 0 48 50 49
0
