>>writegraph3d planar <<
1 0 0 0 2 3 4
2 0 0 0 1 5 6
3 0 0 0 1 7 8
4 0 0 0 1 9 5
5 0 0 0 2 4 10
6 0 0 0 2 10 11
7 0 0 0 3 12 13
8 0 0 0 3 13 14
9 0 0 0 4 15 10
10 0 0 0 5 9 6
11 0 0 0 6 16 17
12 0 0 0 7 17 18
13 0 0 0 7 19 8
14 0 0 0 8 20 21
15 0 0 0 9 21 22
16 0 0 0 11 23 24
17 0 0 0 11 24 12
18 0 0 0 12 25 26
19 0 0 0 13 27 28
20 0 0 0 14 29 30
21 0 0 0 14 31 15
22 0 0 0 15 31 23
23 0 0 0 16 22 32
24 0 0 0 16 33 17
25 0 0 0 18 34 35
26 0 0 0 18 35 36
27 0 0 0 19 36 37
28 0 0 0 19 37 38
29 0 0 0 20 38 39
30 0 0 0 20 39 40
31 0 0 0 21 41 22
32 0 0 0 23 42 43
33 0 0 0 24 44 45
34 0 0 0 25 45 46
35 0 0 0 25 47 26
36 0 0 0 26 48 27
37 0 0 0 27 48 28
38 0 0 0 28 48 29
39 0 0 0 29 47 30
40 0 0 0 30 49 50
41 0 0 0 31 50 51
42 0 0 0 32 52 53
43 0 0 0 32 53 54
44 0 0 0 33 54 55
45 0 0 0 33 55 34
46 0 0 0 34 55 54
47 0 0 0 35 53 39
48 0 0 0 36 38 37
49 0 0 0 40 52 56
50 0 0 0 40 56 41
51 0 0 0 41 56 52
52 0 0 0 42 51 49
53 0 0 0 42 47 43
54 0 0 0 43 46 44
55 0 0 0 44 46 45
56 0 0 0 49 51 50
0
