>>writegraph3d planar <<
1 0 0 0 2 3 4
2 0 0 0 1 5 6
3 0 0 0 1 6 7
4 0 0 0 1 8 5
5 0 0 0 2 4 9
6 0 0 0 2 9 3
7 0 0 0 3 10 11
8 0 0 0 4 12 9
9 0 0 0 5 8 6
10 0 0 0 7 13 14
11 0 0 0 7 15 16
12 0 0 0 8 16 13
13 0 0 0 10 12 17
14 0 0 0 10 17 18
15 0 0 0 11 19 20
16 0 0 0 11 20 12
17 0 0 0 13 21 14
18 0 0 0 14 21 22
19 0 0 0 15 22 23
20 0 0 0 15 24 16
21 0 0 0 17 25 18
22 0 0 0 18 26 19
23 0 0 0 19 26 27
24 0 0 0 20 28 25
25 0 0 0 21 24 29
26 0 0 0 22 30 23
27 0 0 0 23 30 31
28 0 0 0 24 31 29
29 0 0 0 25 28 32
30 0 0 0 26 32 27
31 0 0 0 27 33 28
32 0 0 0 29 34 30
33 0 0 0 31 35 36
34 0 0 0 32 37 38
35 0 0 0 33 38 39
36 0 0 0 33 39 37
37 0 0 0 34 36 40
38 0 0 0 34 40 35
39 0 0 0 35 40 36
40 0 0 0 37 39 38
0
