>>writegraph3d planar <<
1 0 0 0 2 3 4
2 0 0 0 1 5 6
3 0 0 0 1 6 7
4 0 0 0 1 8 5
5 0 0 0 2 4 9
6 0 0 0 2 9 3
7 0 0 0 3 10 11
8 0 0 0 4 12 9
9 0 0 0 5 8 6
10 0 0 0 7 13 14
11 0 0 0 7 15 16
12 0 0 0 8 16 13
13 0 0 0 10 12 17
14 0 0 0 10 17 18
15 0 0 0 11 19 20
16 0 0 0 11 20 12
17 0 0 0 13 21 14
18 0 0 0 14 21 22
19 0 0 0 15 22 23
20 0 0 0 15 24 16
21 0 0 0 17 25 18
22 0 0 0 18 26 19
23 0 0 0 19 26 27
24 0 0 0 20 28 25
25 0 0 0 21 24 29
26 0 0 0 22 30 23
27 0 0 0 23 31 32
28 0 0 0 24 32 29
29 0 0 0 25 28 33
30 0 0 0 26 33 34
31 0 0 0 27 35 36
32 0 0 0 27 36 28
33 0 0 0 29 37 30
34 0 0 0 30 37 38
35 0 0 0 31 38 39
36 0 0 0 31 40 32
37 0 0 0 33 41 34
38 0 0 0 34 41 35
39 0 0 0 35 42 43
40 0 0 0 36 44 41
41 0 0 0 37 40 38
42 0 0 0 39 45 46
43 0 0 0 39 46 47
44 0 0 0 40 47 45
45 0 0 0 42 44 48
46 0 0 0 42 48 43
47 0 0 0 43 48 44
48 0 0 0 45 47 46
0
