>>writegraph3d planar <<
1 0 0 0 2 3 4
2 0 0 0 1 5 6
3 0 0 0 1 7 8
4 0 0 0 1 9 5
5 0 0 0 2 4 10
6 0 0 0 2 10 11
7 0 0 0 3 12 13
8 0 0 0 3 13 14
9 0 0 0 4 15 10
10 0 0 0 5 9 6
11 0 0 0 6 16 17
12 0 0 0 7 17 18
13 0 0 0 7 19 8
14 0 0 0 8 20 21
15 0 0 0 9 21 22
16 0 0 0 11 23 24
17 0 0 0 11 25 12
18 0 0 0 12 25 26
19 0 0 0 13 27 28
20 0 0 0 14 29 30
21 0 0 0 14 30 15
22 0 0 0 15 31 23
23 0 0 0 16 22 32
24 0 0 0 16 32 33
25 0 0 0 17 34 18
26 0 0 0 18 35 36
27 0 0 0 19 36 37
28 0 0 0 19 37 38
29 0 0 0 20 38 39
30 0 0 0 20 40 21
31 0 0 0 22 33 32
32 0 0 0 23 31 24
33 0 0 0 24 31 41
34 0 0 0 25 41 42
35 0 0 0 26 43 44
36 0 0 0 26 45 27
37 0 0 0 27 45 28
38 0 0 0 28 45 29
39 0 0 0 29 44 46
40 0 0 0 30 42 41
41 0 0 0 33 40 34
42 0 0 0 34 40 47
43 0 0 0 35 47 48
44 0 0 0 35 48 39
45 0 0 0 36 38 37
46 0 0 0 39 48 47
47 0 0 0 42 46 43
48 0 0 0 43 46 44
0
