>>writegraph3d planar <<
1 0 0 0 2 3 4
2 0 0 0 1 5 6
3 0 0 0 1 6 7
4 0 0 0 1 8 5
5 0 0 0 2 4 9
6 0 0 0 2 9 3
7 0 0 0 3 10 11
8 0 0 0 4 12 9
9 0 0 0 5 8 6
10 0 0 0 7 13 14
11 0 0 0 7 15 16
12 0 0 0 8 16 13
13 0 0 0 10 12 17
14 0 0 0 10 17 18
15 0 0 0 11 19 20
16 0 0 0 11 20 12
17 0 0 0 13 21 14
18 0 0 0 14 22 23
19 0 0 0 15 23 24
20 0 0 0 15 25 16
21 0 0 0 17 26 27
22 0 0 0 18 28 29
23 0 0 0 18 29 19
24 0 0 0 19 29 30
25 0 0 0 20 31 26
26 0 0 0 21 25 32
27 0 0 0 21 32 33
28 0 0 0 22 33 34
29 0 0 0 22 24 23
30 0 0 0 24 35 36
31 0 0 0 25 36 32
32 0 0 0 26 31 27
33 0 0 0 27 37 28
34 0 0 0 28 37 38
35 0 0 0 30 38 39
36 0 0 0 30 39 31
37 0 0 0 33 40 34
38 0 0 0 34 41 35
39 0 0 0 35 40 36
40 0 0 0 37 39 42
41 0 0 0 38 43 44
42 0 0 0 40 45 46
43 0 0 0 41 46 47
44 0 0 0 41 47 45
45 0 0 0 42 44 48
46 0 0 0 42 48 43
47 0 0 0 43 48 44
48 0 0 0 45 47 46
0
