>>writegraph3d planar <<
1 0 0 0 2 3 4
2 0 0 0 1 5 6
3 0 0 0 1 6 7
4 0 0 0 1 8 5
5 0 0 0 2 4 9
6 0 0 0 2 10 3
7 0 0 0 3 10 11
8 0 0 0 4 12 13
9 0 0 0 5 14 15
10 0 0 0 6 7
11 0 0 0 7 16 17
12 0 0 0 8 17 18
13 0 0 0 8 19 20
14 0 0 0 9 21 22
15 0 0 0 9 23 24
16 0 0 0 11 26 27
17 0 0 0 11 28 12
18 0 0 0 12 28 29
19 0 0 0 13 30 31
20 0 0 0 13 31 21
21 0 0 0 14 20 32
22 0 0 0 14 32 33
23 0 0 0 15 34 35
24 0 0 0 15 35
25 0 0 0 36 37
26 0 0 0 16 37 38
27 0 0 0 16 38 39
28 0 0 0 17 40 18
29 0 0 0 18 40 41
30 0 0 0 19 41 42
31 0 0 0 19 32 20
32 0 0 0 21 31 22
33 0 0 0 22 43 44
34 0 0 0 23 44 45
35 0 0 0 23 45 24
36 0 0 0 25 46 47
37 0 0 0 25 47 26
38 0 0 0 26 47 27
39 0 0 0 27 48 49
40 0 0 0 28 49 29
41 0 0 0 29 49 30
42 0 0 0 30 50 43
43 0 0 0 33 42 51
44 0 0 0 33 52 34
45 0 0 0 34 52 35
46 0 0 0 36 52 53
47 0 0 0 36 38 37
48 0 0 0 39 53 54
49 0 0 0 39 41 40
50 0 0 0 42 54 51
51 0 0 0 43 50 55
52 0 0 0 44 46 45
53 0 0 0 46 55 48
54 0 0 0 48 55 50
55 0 0 0 51 54 53
0
