>>writegraph3d planar <<
1 0 0 0 2 3 4
2 0 0 0 1 5
3 0 0 0 1 6 7
4 0 0 0 1 8
5 0 0 0 2 9 10
6 0 0 0 3 11 12
7 0 0 0 3 13 14
8 0 0 0 4 15 9
9 0 0 0 8 5
10 0 0 0 5 16 17
11 0 0 0 6 17 18
12 0 0 0 6 18 19
13 0 0 0 7 20 21
14 0 0 0 7 21 22
15 0 0 0 8 22 23
16 0 0 0 10 24 25
17 0 0 0 10 26 11
18 0 0 0 11 26 12
19 0 0 0 12 27 28
20 0 0 0 13 28 29
21 0 0 0 13 30 14
22 0 0 0 14 30 15
23 0 0 0 15 31 24
24 0 0 0 16 23 32
25 0 0 0 16 32 33
26 0 0 0 17 34 18
27 0 0 0 19 35 36
28 0 0 0 19 36 20
29 0 0 0 20 36 37
30 0 0 0 21 38 22
31 0 0 0 23 39 32
32 0 0 0 24 31 25
33 0 0 0 25 40 41
34 0 0 0 26 41 42
35 0 0 0 27 42 43
36 0 0 0 27 29 28
37 0 0 0 29 44 45
38 0 0 0 30 45 46
39 0 0 0 31 46 47
40 0 0 0 33 48 49
41 0 0 0 33 49 34
42 0 0 0 34 49 35
43 0 0 0 35 50 51
44 0 0 0 37 51 52
45 0 0 0 37 53 38
46 0 0 0 38 53 39
47 0 0 0 39 53 48
48 0 0 0 40 47 54
49 0 0 0 40 42 41
50 0 0 0 43 54 55
51 0 0 0 43 55 44
52 0 0 0 44 55 54
53 0 0 0 45 47 46
54 0 0 0 48 52 50
55 0 0 0 50 52 51
0
