>>writegraph3d planar <<
1 0 0 0 2 3 4
2 0 0 0 1 5 6
3 0 0 0 1 7 8
4 0 0 0 1 9 5
5 0 0 0 2 4 10
6 0 0 0 2 10 11
7 0 0 0 3 12
8 0 0 0 3 12 13
9 0 0 0 4 14 10
10 0 0 0 5 9 6
11 0 0 0 6 15 16
12 0 0 0 7 18 8
13 0 0 0 8 19 20
14 0 0 0 9 20 21
15 0 0 0 11 22 23
16 0 0 0 11 23
17 0 0 0 24 25
18 0 0 0 12 26 27
19 0 0 0 13 28 29
20 0 0 0 13 29 14
21 0 0 0 14 30 22
22 0 0 0 15 21 31
23 0 0 0 15 32 16
24 0 0 0 17 33 34
25 0 0 0 17 34 35
26 0 0 0 18 35 36
27 0 0 0 18 36 37
28 0 0 0 19 37 38
29 0 0 0 19 39 20
30 0 0 0 21 40 31
31 0 0 0 22 30 41
32 0 0 0 23 42 43
33 0 0 0 24 43 44
34 0 0 0 24 45 25
35 0 0 0 25 46 26
36 0 0 0 26 46 27
37 0 0 0 27 46 28
38 0 0 0 28 45 47
39 0 0 0 29 48 49
40 0 0 0 30 49 50
41 0 0 0 31 51 52
42 0 0 0 32 52 53
43 0 0 0 32 53 33
44 0 0 0 33 53 52
45 0 0 0 34 51 38
46 0 0 0 35 37 36
47 0 0 0 38 51 54
48 0 0 0 39 54 55
49 0 0 0 39 55 40
50 0 0 0 40 55 54
51 0 0 0 41 47 45
52 0 0 0 41 44 42
53 0 0 0 42 44 43
54 0 0 0 47 50 48
55 0 0 0 48 50 49
0
