>>writegraph3d planar <<
1 0 0 0 2 3 4
2 0 0 0 1 5 6
3 0 0 0 1 7 8
4 0 0 0 1 9 5
5 0 0 0 2 4 10
6 0 0 0 2 10 11
7 0 0 0 3 12 13
8 0 0 0 3 13 14
9 0 0 0 4 15 10
10 0 0 0 5 9 6
11 0 0 0 6 16 17
12 0 0 0 7 17 18
13 0 0 0 7 18 8
14 0 0 0 8 19 20
15 0 0 0 9 20 21
16 0 0 0 11 22 23
17 0 0 0 11 24 12
18 0 0 0 12 25 13
19 0 0 0 14 26 27
20 0 0 0 14 27 15
21 0 0 0 15 28 22
22 0 0 0 16 21 29
23 0 0 0 16 29 30
24 0 0 0 17 31 32
25 0 0 0 18 33 34
26 0 0 0 19 34 35
27 0 0 0 19 36 20
28 0 0 0 21 37 29
29 0 0 0 22 28 23
30 0 0 0 23 38 39
31 0 0 0 24 39 40
32 0 0 0 24 40 41
33 0 0 0 25 41 42
34 0 0 0 25 42 26
35 0 0 0 26 43 44
36 0 0 0 27 45 46
37 0 0 0 28 46 47
38 0 0 0 30 48 49
39 0 0 0 30 49 31
40 0 0 0 31 49 32
41 0 0 0 32 50 33
42 0 0 0 33 50 34
43 0 0 0 35 51 52
44 0 0 0 35 52 53
45 0 0 0 36 53 54
46 0 0 0 36 54 37
47 0 0 0 37 54 48
48 0 0 0 38 47 55
49 0 0 0 38 40 39
50 0 0 0 41 55 42
51 0 0 0 43 55 56
52 0 0 0 43 56 44
53 0 0 0 44 56 45
54 0 0 0 45 47 46
55 0 0 0 48 51 50
56 0 0 0 51 53 52
0
