>>writegraph3d planar <<
1 0 0 0 2 3 4
2 0 0 0 1 5 6
3 0 0 0 1 6 7
4 0 0 0 1 8 5
5 0 0 0 2 4
6 0 0 0 2 9 3
7 0 0 0 3 9 10
8 0 0 0 4 11 12
9 0 0 0 6 15 7
10 0 0 0 7 16 17
11 0 0 0 8 17 18
12 0 0 0 8 19 20
13 0 0 0 21 22
14 0 0 0 23 24
15 0 0 0 9 24 25
16 0 0 0 10 26 27
17 0 0 0 10 27 11
18 0 0 0 11 28 29
19 0 0 0 12 30 31
20 0 0 0 12 31 21
21 0 0 0 13 20 32
22 0 0 0 13 32 33
23 0 0 0 14 34 35
24 0 0 0 14 35 15
25 0 0 0 15 36 37
26 0 0 0 16 37 38
27 0 0 0 16 38 17
28 0 0 0 18 39 40
29 0 0 0 18 40 41
30 0 0 0 19 41 42
31 0 0 0 19 32 20
32 0 0 0 21 31 22
33 0 0 0 22 43 44
34 0 0 0 23 44 45
35 0 0 0 23 45 24
36 0 0 0 25 46 47
37 0 0 0 25 48 26
38 0 0 0 26 48 27
39 0 0 0 28 48 49
40 0 0 0 28 50 29
41 0 0 0 29 50 30
42 0 0 0 30 50 43
43 0 0 0 33 42 51
44 0 0 0 33 52 34
45 0 0 0 34 52 35
46 0 0 0 36 52 53
47 0 0 0 36 53 54
48 0 0 0 37 39 38
49 0 0 0 39 54 51
50 0 0 0 40 42 41
51 0 0 0 43 49 55
52 0 0 0 44 46 45
53 0 0 0 46 55 47
54 0 0 0 47 55 49
55 0 0 0 51 54 53
0
