>>writegraph3d planar <<
1 0 0 0 2 4 5
2 0 0 0 6 3 1
3 0 0 0 9 4 2
4 0 0 0 1 3 10
5 0 0 0 7 6 1
6 0 0 0 2 5 8
7 0 0 0 24 11 5
8 0 0 0 6 14 15
9 0 0 0 3 17 18
10 0 0 0 4 21 22
11 0 0 0 28 12 7
12 0 0 0 33 13 11
13 0 0 0 50 14 12
14 0 0 0 8 13 25
15 0 0 0 25 16 8
16 0 0 0 42 17 15
17 0 0 0 9 16 26
18 0 0 0 26 19 9
19 0 0 0 34 20 18
20 0 0 0 91 21 19
21 0 0 0 10 20 27
22 0 0 0 27 23 10
23 0 0 0 77 24 22
24 0 0 0 7 23 32
25 0 0 0 46 15 14
26 0 0 0 38 18 17
27 0 0 0 80 22 21
28 0 0 0 11 29 33
29 0 0 0 28 30 53
30 0 0 0 29 31 57
31 0 0 0 30 32 70
32 0 0 0 77 31 24
33 0 0 0 12 28 50
34 0 0 0 19 35 91
35 0 0 0 34 36 90
36 0 0 0 35 37 85
37 0 0 0 36 38 56
38 0 0 0 39 37 26
39 0 0 0 38 40 56
40 0 0 0 39 41 81
41 0 0 0 40 42 55
42 0 0 0 43 41 16
43 0 0 0 42 44 55
44 0 0 0 43 45 59
45 0 0 0 44 46 54
46 0 0 0 47 45 25
47 0 0 0 46 48 54
48 0 0 0 47 49 58
49 0 0 0 48 50 51
50 0 0 0 13 33 49
51 0 0 0 49 52 58
52 0 0 0 51 53 66
53 0 0 0 57 52 29
54 0 0 0 45 47 59
55 0 0 0 41 43 71
56 0 0 0 37 39 81
57 0 0 0 70 53 30
58 0 0 0 48 51 62
59 0 0 0 44 54 60
60 0 0 0 59 61 73
61 0 0 0 60 62 99
62 0 0 0 63 61 58
63 0 0 0 62 64 99
64 0 0 0 63 65 120
65 0 0 0 64 66 98
66 0 0 0 67 65 52
67 0 0 0 66 68 98
68 0 0 0 67 69 117
69 0 0 0 68 70 74
70 0 0 0 69 57 31
71 0 0 0 55 72 84
72 0 0 0 71 73 96
73 0 0 0 100 72 60
74 0 0 0 69 75 117
75 0 0 0 74 76 95
76 0 0 0 75 77 78
77 0 0 0 76 32 23
78 0 0 0 76 79 95
79 0 0 0 78 80 115
80 0 0 0 88 79 27
81 0 0 0 82 56 40
82 0 0 0 81 83 87
83 0 0 0 82 84 104
84 0 0 0 96 83 71
85 0 0 0 36 86 94
86 0 0 0 85 87 97
87 0 0 0 104 86 82
88 0 0 0 80 89 114
89 0 0 0 88 90 92
90 0 0 0 35 89 91
91 0 0 0 20 34 90
92 0 0 0 89 93 114
93 0 0 0 92 94 110
94 0 0 0 97 93 85
95 0 0 0 75 78 115
96 0 0 0 100 84 72
97 0 0 0 107 94 86
98 0 0 0 65 67 120
99 0 0 0 61 63 103
100 0 0 0 101 96 73
101 0 0 0 100 102 106
102 0 0 0 101 103 128
103 0 0 0 127 102 99
104 0 0 0 105 87 83
105 0 0 0 104 106 109
106 0 0 0 128 105 101
107 0 0 0 97 108 113
108 0 0 0 107 109 125
109 0 0 0 124 108 105
110 0 0 0 93 111 114
111 0 0 0 110 112 116
112 0 0 0 111 113 119
113 0 0 0 125 112 107
114 0 0 0 88 92 110
115 0 0 0 116 95 79
116 0 0 0 119 115 111
117 0 0 0 68 74 118
118 0 0 0 117 119 122
119 0 0 0 118 116 112
120 0 0 0 64 98 121
121 0 0 0 120 122 126
122 0 0 0 123 121 118
123 0 0 0 122 124 126
124 0 0 0 109 123 125
125 0 0 0 124 113 108
126 0 0 0 121 123 127
127 0 0 0 103 126 128
128 0 0 0 127 106 102
0
