>>writegraph3d planar <<
1 0 0 0 2 4 5
2 0 0 0 6 3 1
3 0 0 0 9 4 2
4 0 0 0 1 3 10
5 0 0 0 7 6 1
6 0 0 0 2 5 8
7 0 0 0 24 11 5
8 0 0 0 6 14 15
9 0 0 0 3 17 18
10 0 0 0 4 21 22
11 0 0 0 32 12 7
12 0 0 0 34 13 11
13 0 0 0 47 14 12
14 0 0 0 8 13 25
15 0 0 0 25 16 8
16 0 0 0 56 17 15
17 0 0 0 9 16 26
18 0 0 0 26 19 9
19 0 0 0 60 20 18
20 0 0 0 33 21 19
21 0 0 0 10 20 31
22 0 0 0 27 23 10
23 0 0 0 42 24 22
24 0 0 0 7 23 32
25 0 0 0 48 15 14
26 0 0 0 60 18 17
27 0 0 0 22 28 42
28 0 0 0 27 29 41
29 0 0 0 28 30 46
30 0 0 0 29 31 64
31 0 0 0 33 30 21
32 0 0 0 11 24 38
33 0 0 0 64 31 20
34 0 0 0 12 35 47
35 0 0 0 34 36 51
36 0 0 0 35 37 55
37 0 0 0 36 38 73
38 0 0 0 39 37 32
39 0 0 0 38 40 72
40 0 0 0 39 41 43
41 0 0 0 28 40 42
42 0 0 0 23 27 41
43 0 0 0 40 44 72
44 0 0 0 43 45 84
45 0 0 0 44 46 71
46 0 0 0 67 45 29
47 0 0 0 13 34 51
48 0 0 0 25 49 59
49 0 0 0 48 50 94
50 0 0 0 49 51 52
51 0 0 0 50 47 35
52 0 0 0 50 53 96
53 0 0 0 52 54 77
54 0 0 0 53 55 74
55 0 0 0 73 54 36
56 0 0 0 16 57 63
57 0 0 0 56 58 70
58 0 0 0 57 59 93
59 0 0 0 94 58 48
60 0 0 0 19 26 61
61 0 0 0 60 62 66
62 0 0 0 61 63 90
63 0 0 0 70 62 56
64 0 0 0 30 33 65
65 0 0 0 64 66 69
66 0 0 0 88 65 61
67 0 0 0 46 68 71
68 0 0 0 67 69 87
69 0 0 0 88 68 65
70 0 0 0 90 63 57
71 0 0 0 45 67 84
72 0 0 0 39 43 76
73 0 0 0 74 55 37
74 0 0 0 54 73 75
75 0 0 0 74 76 80
76 0 0 0 81 75 72
77 0 0 0 53 78 96
78 0 0 0 77 79 95
79 0 0 0 78 80 82
80 0 0 0 81 79 75
81 0 0 0 82 80 76
82 0 0 0 79 81 83
83 0 0 0 82 84 85
84 0 0 0 44 71 83
85 0 0 0 83 86 91
86 0 0 0 85 87 89
87 0 0 0 88 86 68
88 0 0 0 87 69 66
89 0 0 0 86 90 91
90 0 0 0 62 70 89
91 0 0 0 85 89 92
92 0 0 0 91 93 95
93 0 0 0 94 92 58
94 0 0 0 93 59 49
95 0 0 0 78 92 96
96 0 0 0 52 77 95
0
