>>writegraph3d planar <<
1 0 0 0 2 4 5
2 0 0 0 6 3 1
3 0 0 0 9 4 2
4 0 0 0 1 3 10
5 0 0 0 7 6 1
6 0 0 0 2 5 8
7 0 0 0 24 11 5
8 0 0 0 6 14 15
9 0 0 0 3 17 18
10 0 0 0 4 21 22
11 0 0 0 36 12 7
12 0 0 0 40 13 11
13 0 0 0 37 14 12
14 0 0 0 8 13 29
15 0 0 0 25 16 8
16 0 0 0 58 17 15
17 0 0 0 9 16 30
18 0 0 0 30 19 9
19 0 0 0 70 20 18
20 0 0 0 38 21 19
21 0 0 0 10 20 35
22 0 0 0 31 23 10
23 0 0 0 39 24 22
24 0 0 0 7 23 36
25 0 0 0 15 26 58
26 0 0 0 25 27 66
27 0 0 0 26 28 57
28 0 0 0 27 29 51
29 0 0 0 37 28 14
30 0 0 0 59 18 17
31 0 0 0 22 32 39
32 0 0 0 31 33 47
33 0 0 0 32 34 55
34 0 0 0 33 35 74
35 0 0 0 38 34 21
36 0 0 0 11 24 40
37 0 0 0 48 29 13
38 0 0 0 70 35 20
39 0 0 0 23 31 43
40 0 0 0 12 36 41
41 0 0 0 40 42 50
42 0 0 0 41 43 107
43 0 0 0 44 42 39
44 0 0 0 43 45 107
45 0 0 0 44 46 81
46 0 0 0 45 47 77
47 0 0 0 55 46 32
48 0 0 0 37 49 54
49 0 0 0 48 50 56
50 0 0 0 111 49 41
51 0 0 0 28 52 57
52 0 0 0 51 53 69
53 0 0 0 52 54 114
54 0 0 0 56 53 48
55 0 0 0 74 47 33
56 0 0 0 111 54 49
57 0 0 0 27 51 66
58 0 0 0 16 25 62
59 0 0 0 30 60 73
60 0 0 0 59 61 82
61 0 0 0 60 62 80
62 0 0 0 63 61 58
63 0 0 0 62 64 80
64 0 0 0 63 65 86
65 0 0 0 64 66 67
66 0 0 0 26 57 65
67 0 0 0 65 68 89
68 0 0 0 67 69 97
69 0 0 0 114 68 52
70 0 0 0 71 38 19
71 0 0 0 70 72 76
72 0 0 0 71 73 90
73 0 0 0 82 72 59
74 0 0 0 75 55 34
75 0 0 0 74 76 79
76 0 0 0 90 75 71
77 0 0 0 46 78 81
78 0 0 0 77 79 99
79 0 0 0 94 78 75
80 0 0 0 61 63 86
81 0 0 0 45 77 100
82 0 0 0 83 73 60
83 0 0 0 82 84 93
84 0 0 0 83 85 128
85 0 0 0 84 86 87
86 0 0 0 85 80 64
87 0 0 0 85 88 128
88 0 0 0 87 89 127
89 0 0 0 97 88 67
90 0 0 0 91 76 72
91 0 0 0 90 92 96
92 0 0 0 91 93 98
93 0 0 0 106 92 83
94 0 0 0 79 95 99
95 0 0 0 94 96 103
96 0 0 0 98 95 91
97 0 0 0 118 89 68
98 0 0 0 106 96 92
99 0 0 0 78 94 103
100 0 0 0 81 101 110
101 0 0 0 100 102 122
102 0 0 0 101 103 104
103 0 0 0 102 99 95
104 0 0 0 102 105 125
105 0 0 0 104 106 126
106 0 0 0 105 98 93
107 0 0 0 42 44 108
108 0 0 0 107 109 113
109 0 0 0 108 110 117
110 0 0 0 122 109 100
111 0 0 0 112 56 50
112 0 0 0 111 113 116
113 0 0 0 117 112 108
114 0 0 0 115 69 53
115 0 0 0 114 116 120
116 0 0 0 117 115 112
117 0 0 0 116 113 109
118 0 0 0 97 119 124
119 0 0 0 118 120 123
120 0 0 0 121 119 115
121 0 0 0 120 122 123
122 0 0 0 121 110 101
123 0 0 0 119 121 124
124 0 0 0 118 123 125
125 0 0 0 126 124 104
126 0 0 0 127 125 105
127 0 0 0 88 126 128
128 0 0 0 84 87 127
0
