>>writegraph3d planar <<
1 0 0 0 2 4 5
2 0 0 0 6 3 1
3 0 0 0 9 4 2
4 0 0 0 1 3 10
5 0 0 0 7 6 1
6 0 0 0 2 5 8
7 0 0 0 24 11 5
8 0 0 0 6 14 15
9 0 0 0 3 17 18
10 0 0 0 4 21 22
11 0 0 0 28 12 7
12 0 0 0 33 13 11
13 0 0 0 42 14 12
14 0 0 0 8 13 25
15 0 0 0 25 16 8
16 0 0 0 38 17 15
17 0 0 0 9 16 26
18 0 0 0 26 19 9
19 0 0 0 34 20 18
20 0 0 0 43 21 19
21 0 0 0 10 20 27
22 0 0 0 27 23 10
23 0 0 0 58 24 22
24 0 0 0 7 23 32
25 0 0 0 42 15 14
26 0 0 0 34 18 17
27 0 0 0 47 22 21
28 0 0 0 11 29
29 0 0 0 28 30 53
30 0 0 0 29 31 57
31 0 0 0 30 32 62
32 0 0 0 58 31 24
33 0 0 0 12 53
34 0 0 0 19 26 35
35 0 0 0 34 36 46
36 0 0 0 35 37 73
37 0 0 0 36 38 70
38 0 0 0 39 37 16
39 0 0 0 38 40 70
40 0 0 0 39 41 81
41 0 0 0 40 42 51
42 0 0 0 41 25 13
43 0 0 0 20 44 50
44 0 0 0 43 45 72
45 0 0 0 44 46 89
46 0 0 0 73 45 35
47 0 0 0 27 48 61
48 0 0 0 47 49 71
49 0 0 0 48 50 93
50 0 0 0 72 49 43
51 0 0 0 41 52 81
52 0 0 0 51 53 54
53 0 0 0 52 33 29
54 0 0 0 52 55 84
55 0 0 0 54 56 66
56 0 0 0 55 57 63
57 0 0 0 62 56 30
58 0 0 0 59 32 23
59 0 0 0 58 60 65
60 0 0 0 59 61 96
61 0 0 0 71 60 47
62 0 0 0 63 57 31
63 0 0 0 56 62 64
64 0 0 0 63 65 69
65 0 0 0 96 64 59
66 0 0 0 55 67 84
67 0 0 0 66 68 83
68 0 0 0 67 69 88
69 0 0 0 99 68 64
70 0 0 0 37 39 77
71 0 0 0 93 61 48
72 0 0 0 89 50 44
73 0 0 0 74 46 36
74 0 0 0 73 75 92
75 0 0 0 74 76 103
76 0 0 0 75 77 102
77 0 0 0 78 76 70
78 0 0 0 77 79 102
79 0 0 0 78 80 85
80 0 0 0 79 81 82
81 0 0 0 40 51 80
82 0 0 0 80 83 85
83 0 0 0 67 82 84
84 0 0 0 54 66 83
85 0 0 0 79 82 86
86 0 0 0 85 87 105
87 0 0 0 86 88 100
88 0 0 0 99 87 68
89 0 0 0 90 72 45
90 0 0 0 89 91 95
91 0 0 0 90 92 111
92 0 0 0 110 91 74
93 0 0 0 94 71 49
94 0 0 0 93 95 98
95 0 0 0 111 94 90
96 0 0 0 97 65 60
97 0 0 0 96 98 101
98 0 0 0 108 97 94
99 0 0 0 100 88 69
100 0 0 0 87 99 101
101 0 0 0 108 100 97
102 0 0 0 76 78 103
103 0 0 0 75 102 104
104 0 0 0 103 105 112
105 0 0 0 106 104 86
106 0 0 0 105 107 112
107 0 0 0 106 108 109
108 0 0 0 107 101 98
109 0 0 0 107 110 112
110 0 0 0 92 109 111
111 0 0 0 110 95 91
112 0 0 0 104 106 109
0
