>>writegraph3d planar <<
1 0 0 0 2 4 5
2 0 0 0 6 3 1
3 0 0 0 9 4 2
4 0 0 0 1 3 10
5 0 0 0 7 6 1
6 0 0 0 2 5 8
7 0 0 0 24 11 5
8 0 0 0 6 14 15
9 0 0 0 3 17 18
10 0 0 0 4 21 22
11 0 0 0 32 12 7
12 0 0 0 34 13 11
13 0 0 0 47 14 12
14 0 0 0 8 13 25
15 0 0 0 25 16 8
16 0 0 0 56 17 15
17 0 0 0 9 16 26
18 0 0 0 26 19 9
19 0 0 0 60 20 18
20 0 0 0 33 21 19
21 0 0 0 10 20 31
22 0 0 0 27 23 10
23 0 0 0 42 24 22
24 0 0 0 7 23 32
25 0 0 0 48 15 14
26 0 0 0 60 18 17
27 0 0 0 22 28 42
28 0 0 0 27 29 41
29 0 0 0 28 30 46
30 0 0 0 29 31 67
31 0 0 0 33 30 21
32 0 0 0 11 24 38
33 0 0 0 64 31 20
34 0 0 0 12 35 47
35 0 0 0 34 36 51
36 0 0 0 35 37 55
37 0 0 0 36 38 121
38 0 0 0 39 37 32
39 0 0 0 38 40 118
40 0 0 0 39 41 43
41 0 0 0 28 40 42
42 0 0 0 23 27 41
43 0 0 0 40 44 118
44 0 0 0 43 45 95
45 0 0 0 44 46 71
46 0 0 0 67 45 29
47 0 0 0 13 34 51
48 0 0 0 25 49 59
49 0 0 0 48 50 91
50 0 0 0 49 51 52
51 0 0 0 50 47 35
52 0 0 0 50 53 94
53 0 0 0 52 54 98
54 0 0 0 53 55 122
55 0 0 0 121 54 36
56 0 0 0 16 57 63
57 0 0 0 56 58 87
58 0 0 0 57 59 86
59 0 0 0 91 58 48
60 0 0 0 19 26 61
61 0 0 0 60 62 66
62 0 0 0 61 63 75
63 0 0 0 87 62 56
64 0 0 0 33 65 70
65 0 0 0 64 66 81
66 0 0 0 75 65 61
67 0 0 0 68 46 30
68 0 0 0 67 69 74
69 0 0 0 68 70 80
70 0 0 0 81 69 64
71 0 0 0 45 72 95
72 0 0 0 71 73 114
73 0 0 0 72 74 97
74 0 0 0 76 73 68
75 0 0 0 83 66 62
76 0 0 0 74 77 97
77 0 0 0 76 78 100
78 0 0 0 77 79 99
79 0 0 0 78 80 82
80 0 0 0 81 79 69
81 0 0 0 80 70 65
82 0 0 0 79 83 99
83 0 0 0 84 82 75
84 0 0 0 83 85 103
85 0 0 0 84 86 88
86 0 0 0 58 85 87
87 0 0 0 86 63 57
88 0 0 0 85 89 103
89 0 0 0 88 90 96
90 0 0 0 89 91 92
91 0 0 0 90 59 49
92 0 0 0 90 93 96
93 0 0 0 92 94 106
94 0 0 0 98 93 52
95 0 0 0 44 71 114
96 0 0 0 89 92 106
97 0 0 0 73 76 107
98 0 0 0 124 94 53
99 0 0 0 78 82 100
100 0 0 0 77 99 101
101 0 0 0 100 102 109
102 0 0 0 101 103 104
103 0 0 0 84 88 102
104 0 0 0 102 105 109
105 0 0 0 104 106 113
106 0 0 0 105 96 93
107 0 0 0 97 108 117
108 0 0 0 107 109 110
109 0 0 0 101 104 108
110 0 0 0 108 111 117
111 0 0 0 110 112 116
112 0 0 0 111 113 127
113 0 0 0 128 112 105
114 0 0 0 115 95 72
115 0 0 0 114 116 120
116 0 0 0 111 115 117
117 0 0 0 107 110 116
118 0 0 0 39 43 119
119 0 0 0 118 120 123
120 0 0 0 126 119 115
121 0 0 0 122 55 37
122 0 0 0 54 121 123
123 0 0 0 126 122 119
124 0 0 0 98 125 128
125 0 0 0 124 126 127
126 0 0 0 125 123 120
127 0 0 0 128 125 112
128 0 0 0 113 124 127
0
