>>writegraph3d planar <<
1 0 0 0 2 4 5
2 0 0 0 6 3 1
3 0 0 0 9 4 2
4 0 0 0 1 3 10
5 0 0 0 7 6 1
6 0 0 0 2 5 8
7 0 0 0 24 11 5
8 0 0 0 6 14 15
9 0 0 0 3 17 18
10 0 0 0 4 21 22
11 0 0 0 32 12 7
12 0 0 0 34 13 11
13 0 0 0 43 14 12
14 0 0 0 8 13 25
15 0 0 0 25 16 8
16 0 0 0 51 17 15
17 0 0 0 9 16 26
18 0 0 0 26 19 9
19 0 0 0 55 20 18
20 0 0 0 33 21 19
21 0 0 0 10 20 31
22 0 0 0 27 23 10
23 0 0 0 38 24 22
24 0 0 0 7 23 32
25 0 0 0 47 15 14
26 0 0 0 55 18 17
27 0 0 0 22 28 38
28 0 0 0 27 29 42
29 0 0 0 28 30 66
30 0 0 0 29 31 62
31 0 0 0 33 30 21
32 0 0 0 11 24 34
33 0 0 0 59 31 20
34 0 0 0 12 32 35
35 0 0 0 34 36 46
36 0 0 0 35 37 105
37 0 0 0 36 38 39
38 0 0 0 23 27 37
39 0 0 0 37 40 94
40 0 0 0 39 41 72
41 0 0 0 40 42 67
42 0 0 0 66 41 28
43 0 0 0 13 44 50
44 0 0 0 43 45 73
45 0 0 0 44 46 104
46 0 0 0 105 45 35
47 0 0 0 25 48 54
48 0 0 0 47 49 74
49 0 0 0 48 50 82
50 0 0 0 73 49 43
51 0 0 0 16 52 58
52 0 0 0 51 53 75
53 0 0 0 52 54 79
54 0 0 0 74 53 47
55 0 0 0 19 26 56
56 0 0 0 55 57 61
57 0 0 0 56 58 70
58 0 0 0 75 57 51
59 0 0 0 33 60 65
60 0 0 0 59 61 83
61 0 0 0 70 60 56
62 0 0 0 30 63 66
63 0 0 0 62 64 69
64 0 0 0 63 65 71
65 0 0 0 83 64 59
66 0 0 0 62 42 29
67 0 0 0 41 68 72
68 0 0 0 67 69 90
69 0 0 0 71 68 63
70 0 0 0 76 61 57
71 0 0 0 87 69 64
72 0 0 0 40 67 94
73 0 0 0 100 50 44
74 0 0 0 82 54 48
75 0 0 0 79 58 52
76 0 0 0 70 77 86
77 0 0 0 76 78 117
78 0 0 0 77 79 80
79 0 0 0 78 75 53
80 0 0 0 78 81 110
81 0 0 0 80 82 98
82 0 0 0 81 74 49
83 0 0 0 84 65 60
84 0 0 0 83 85 89
85 0 0 0 84 86 118
86 0 0 0 117 85 76
87 0 0 0 71 88 93
88 0 0 0 87 89 116
89 0 0 0 115 88 84
90 0 0 0 68 91 97
91 0 0 0 90 92 109
92 0 0 0 91 93 108
93 0 0 0 116 92 87
94 0 0 0 39 72 95
95 0 0 0 94 96 103
96 0 0 0 95 97 102
97 0 0 0 109 96 90
98 0 0 0 81 99 110
99 0 0 0 98 100 106
100 0 0 0 101 99 73
101 0 0 0 100 102 106
102 0 0 0 96 101 103
103 0 0 0 95 102 104
104 0 0 0 105 103 45
105 0 0 0 104 46 36
106 0 0 0 99 101 107
107 0 0 0 106 108 113
108 0 0 0 92 107 109
109 0 0 0 108 97 91
110 0 0 0 80 98 111
111 0 0 0 110 112 119
112 0 0 0 111 113 120
113 0 0 0 114 112 107
114 0 0 0 113 115 120
115 0 0 0 89 114 116
116 0 0 0 115 93 88
117 0 0 0 118 86 77
118 0 0 0 85 117 119
119 0 0 0 120 118 111
120 0 0 0 112 114 119
0
