>>writegraph3d planar <<
1 0 0 0 2 4 5
2 0 0 0 6 3 1
3 0 0 0 9 4 2
4 0 0 0 1 3 10
5 0 0 0 7 6 1
6 0 0 0 2 5 8
7 0 0 0 24 11 5
8 0 0 0 6 14 15
9 0 0 0 3 17 18
10 0 0 0 4 21 22
11 0 0 0 32 12 7
12 0 0 0 34 13 11
13 0 0 0 72 14 12
14 0 0 0 8 13 25
15 0 0 0 25 16 8
16 0 0 0 60 17 15
17 0 0 0 9 16 26
18 0 0 0 26 19 9
19 0 0 0 65 20 18
20 0 0 0 33 21 19
21 0 0 0 10 20 31
22 0 0 0 27 23 10
23 0 0 0 42 24 22
24 0 0 0 7 23 32
25 0 0 0 64 15 14
26 0 0 0 65 18 17
27 0 0 0 22 28 42
28 0 0 0 27 29 46
29 0 0 0 28 30 48
30 0 0 0 29 31 84
31 0 0 0 33 30 21
32 0 0 0 11 24 38
33 0 0 0 84 31 20
34 0 0 0 12 35 72
35 0 0 0 34 36 59
36 0 0 0 35 37 54
37 0 0 0 36 38 47
38 0 0 0 39 37 32
39 0 0 0 38 40 47
40 0 0 0 39 41 49
41 0 0 0 40 42 43
42 0 0 0 23 27 41
43 0 0 0 41 44 53
44 0 0 0 43 45 57
45 0 0 0 44 46 90
46 0 0 0 48 45 28
47 0 0 0 37 39 49
48 0 0 0 90 46 29
49 0 0 0 50 47 40
50 0 0 0 49 51 56
51 0 0 0 50 52 58
52 0 0 0 51 53 83
53 0 0 0 57 52 43
54 0 0 0 36 55 59
55 0 0 0 54 56 79
56 0 0 0 58 55 50
57 0 0 0 89 53 44
58 0 0 0 83 56 51
59 0 0 0 35 54 75
60 0 0 0 16 61 68
61 0 0 0 60 62 97
62 0 0 0 61 63 109
63 0 0 0 62 64 110
64 0 0 0 69 63 25
65 0 0 0 19 26 66
66 0 0 0 65 67 86
67 0 0 0 66 68 102
68 0 0 0 97 67 60
69 0 0 0 64 70 110
70 0 0 0 69 71 96
71 0 0 0 70 72 73
72 0 0 0 13 34 71
73 0 0 0 71 74 96
74 0 0 0 73 75 132
75 0 0 0 76 74 59
76 0 0 0 75 77 132
77 0 0 0 76 78 128
78 0 0 0 77 79 124
79 0 0 0 80 78 55
80 0 0 0 79 81 124
81 0 0 0 80 82 95
82 0 0 0 81 83 87
83 0 0 0 82 58 52
84 0 0 0 30 33 85
85 0 0 0 84 86 92
86 0 0 0 102 85 66
87 0 0 0 82 88 95
88 0 0 0 87 89 113
89 0 0 0 93 88 57
90 0 0 0 45 48 91
91 0 0 0 90 92 94
92 0 0 0 98 91 85
93 0 0 0 89 94 113
94 0 0 0 98 93 91
95 0 0 0 81 87 118
96 0 0 0 70 73 112
97 0 0 0 105 68 61
98 0 0 0 99 94 92
99 0 0 0 98 100 116
100 0 0 0 99 101 117
101 0 0 0 100 102 103
102 0 0 0 101 86 67
103 0 0 0 101 104 117
104 0 0 0 103 105 123
105 0 0 0 106 104 97
106 0 0 0 105 107 123
107 0 0 0 106 108 137
108 0 0 0 107 109 111
109 0 0 0 110 108 62
110 0 0 0 63 69 109
111 0 0 0 108 112 137
112 0 0 0 133 111 96
113 0 0 0 88 93 114
114 0 0 0 113 115 120
115 0 0 0 114 116 121
116 0 0 0 117 115 99
117 0 0 0 100 103 116
118 0 0 0 95 119 127
119 0 0 0 118 120 138
120 0 0 0 121 119 114
121 0 0 0 122 120 115
122 0 0 0 121 123 134
123 0 0 0 104 106 122
124 0 0 0 78 80 125
125 0 0 0 124 126 131
126 0 0 0 125 127 139
127 0 0 0 138 126 118
128 0 0 0 77 129 132
129 0 0 0 128 130 133
130 0 0 0 129 131 143
131 0 0 0 142 130 125
132 0 0 0 74 76 128
133 0 0 0 112 129 143
134 0 0 0 122 135 140
135 0 0 0 134 136 144
136 0 0 0 135 137 141
137 0 0 0 107 111 136
138 0 0 0 139 127 119
139 0 0 0 126 138 140
140 0 0 0 144 139 134
141 0 0 0 136 142 144
142 0 0 0 131 141 143
143 0 0 0 142 133 130
144 0 0 0 141 140 135
0
