>>writegraph3d planar <<
1 0 0 0 2 4 5
2 0 0 0 6 3 1
3 0 0 0 9 4 2
4 0 0 0 1 3 10
5 0 0 0 7 6 1
6 0 0 0 2 5 8
7 0 0 0 24 11 5
8 0 0 0 6 14 15
9 0 0 0 3 17 18
10 0 0 0 4 21 22
11 0 0 0 28 12 7
12 0 0 0 66 13 11
13 0 0 0 33 14 12
14 0 0 0 8 13 25
15 0 0 0 25 16 8
16 0 0 0 34 17 15
17 0 0 0 9 16 26
18 0 0 0 26 19 9
19 0 0 0 42 20 18
20 0 0 0 49 21 19
21 0 0 0 10 20 27
22 0 0 0 27 23 10
23 0 0 0 58 24 22
24 0 0 0 7 23 28
25 0 0 0 29 15 14
26 0 0 0 38 18 17
27 0 0 0 50 22 21
28 0 0 0 11 24 62
29 0 0 0 25 30 37
30 0 0 0 29 31 46
31 0 0 0 30 32 143
32 0 0 0 31 33 70
33 0 0 0 66 32 13
34 0 0 0 16 35 41
35 0 0 0 34 36 47
36 0 0 0 35 37 156
37 0 0 0 46 36 29
38 0 0 0 26 39 45
39 0 0 0 38 40 48
40 0 0 0 39 41 155
41 0 0 0 47 40 34
42 0 0 0 19 43 49
43 0 0 0 42 44 57
44 0 0 0 43 45 152
45 0 0 0 48 44 38
46 0 0 0 146 37 30
47 0 0 0 156 41 35
48 0 0 0 155 45 39
49 0 0 0 20 42 53
50 0 0 0 27 51 61
51 0 0 0 50 52 77
52 0 0 0 51 53 74
53 0 0 0 54 52 49
54 0 0 0 53 55 74
55 0 0 0 54 56 85
56 0 0 0 55 57 102
57 0 0 0 152 56 43
58 0 0 0 23 59 65
59 0 0 0 58 60 76
60 0 0 0 59 61 78
61 0 0 0 77 60 50
62 0 0 0 28 63 69
63 0 0 0 62 64 75
64 0 0 0 63 65 89
65 0 0 0 76 64 58
66 0 0 0 67 33 12
67 0 0 0 66 68 73
68 0 0 0 67 69 93
69 0 0 0 75 68 62
70 0 0 0 32 71 143
71 0 0 0 70 72 101
72 0 0 0 71 73 96
73 0 0 0 93 72 67
74 0 0 0 52 54 81
75 0 0 0 89 69 63
76 0 0 0 86 65 59
77 0 0 0 78 61 51
78 0 0 0 60 77 79
79 0 0 0 78 80 88
80 0 0 0 79 81 103
81 0 0 0 82 80 74
82 0 0 0 81 83 107
83 0 0 0 82 84 120
84 0 0 0 83 85 128
85 0 0 0 102 84 55
86 0 0 0 76 87 92
87 0 0 0 86 88 100
88 0 0 0 103 87 79
89 0 0 0 90 75 64
90 0 0 0 89 91 95
91 0 0 0 90 92 111
92 0 0 0 100 91 86
93 0 0 0 94 73 68
94 0 0 0 93 95 99
95 0 0 0 111 94 90
96 0 0 0 72 97 101
97 0 0 0 96 98 140
98 0 0 0 97 99 119
99 0 0 0 115 98 94
100 0 0 0 108 92 87
101 0 0 0 71 96 140
102 0 0 0 135 85 56
103 0 0 0 104 88 80
104 0 0 0 103 105 110
105 0 0 0 104 106 121
106 0 0 0 105 107 125
107 0 0 0 120 106 82
108 0 0 0 100 109 114
109 0 0 0 108 110 118
110 0 0 0 121 109 104
111 0 0 0 112 95 91
112 0 0 0 111 113 117
113 0 0 0 112 114 129
114 0 0 0 118 113 108
115 0 0 0 99 116 119
116 0 0 0 115 117 136
117 0 0 0 129 116 112
118 0 0 0 122 114 109
119 0 0 0 98 115 136
120 0 0 0 128 107 83
121 0 0 0 125 110 105
122 0 0 0 118 123 132
123 0 0 0 122 124 183
124 0 0 0 123 125 126
125 0 0 0 124 121 106
126 0 0 0 124 127 179
127 0 0 0 126 128 133
128 0 0 0 127 120 84
129 0 0 0 130 117 113
130 0 0 0 129 131 139
131 0 0 0 130 132 162
132 0 0 0 183 131 122
133 0 0 0 127 134 179
134 0 0 0 133 135 161
135 0 0 0 149 134 102
136 0 0 0 137 119 116
137 0 0 0 136 138 142
138 0 0 0 137 139 191
139 0 0 0 162 138 130
140 0 0 0 141 101 97
141 0 0 0 140 142 145
142 0 0 0 191 141 137
143 0 0 0 31 70 144
144 0 0 0 143 145 148
145 0 0 0 199 144 141
146 0 0 0 46 147 159
147 0 0 0 146 148 163
148 0 0 0 199 147 144
149 0 0 0 135 150 161
150 0 0 0 149 151 169
151 0 0 0 150 152 153
152 0 0 0 151 57 44
153 0 0 0 151 154 169
154 0 0 0 153 155 160
155 0 0 0 154 48 40
156 0 0 0 157 47 36
157 0 0 0 156 158 160
158 0 0 0 157 159 164
159 0 0 0 163 158 146
160 0 0 0 154 157 164
161 0 0 0 134 149 172
162 0 0 0 186 139 131
163 0 0 0 168 159 147
164 0 0 0 165 160 158
165 0 0 0 164 166 171
166 0 0 0 165 167 175
167 0 0 0 166 168 178
168 0 0 0 197 167 163
169 0 0 0 150 153 170
170 0 0 0 169 171 174
171 0 0 0 175 170 165
172 0 0 0 161 173 182
173 0 0 0 172 174 176
174 0 0 0 175 173 170
175 0 0 0 174 171 166
176 0 0 0 173 177 182
177 0 0 0 176 178 190
178 0 0 0 197 177 167
179 0 0 0 126 133 180
180 0 0 0 179 181 185
181 0 0 0 180 182 189
182 0 0 0 172 176 181
183 0 0 0 184 132 123
184 0 0 0 183 185 188
185 0 0 0 189 184 180
186 0 0 0 162 187 194
187 0 0 0 186 188 190
188 0 0 0 189 187 184
189 0 0 0 188 185 181
190 0 0 0 194 187 177
191 0 0 0 192 142 138
192 0 0 0 191 193 200
193 0 0 0 192 194 195
194 0 0 0 186 190 193
195 0 0 0 193 196 200
196 0 0 0 195 197 198
197 0 0 0 196 178 168
198 0 0 0 196 199 200
199 0 0 0 198 148 145
200 0 0 0 192 195 198
0
