>>writegraph3d planar <<
1 0 0 0 2 4 5
2 0 0 0 6 3 1
3 0 0 0 9 4 2
4 0 0 0 1 3 10
5 0 0 0 7 6 1
6 0 0 0 2 5 8
7 0 0 0 24 11 5
8 0 0 0 6 14 15
9 0 0 0 3 17 18
10 0 0 0 4 21 22
11 0 0 0 28 12 7
12 0 0 0 33 13 11
13 0 0 0 46 14 12
14 0 0 0 8 13 25
15 0 0 0 25 16 8
16 0 0 0 42 17 15
17 0 0 0 9 16 26
18 0 0 0 26 19 9
19 0 0 0 34 20 18
20 0 0 0 84 21 19
21 0 0 0 10 20 27
22 0 0 0 27 23 10
23 0 0 0 78 24 22
24 0 0 0 7 23 32
25 0 0 0 46 15 14
26 0 0 0 38 18 17
27 0 0 0 80 22 21
28 0 0 0 11 29 33
29 0 0 0 28 30 53
30 0 0 0 29 31 56
31 0 0 0 30 32 77
32 0 0 0 78 31 24
33 0 0 0 12 28 49
34 0 0 0 19 35 84
35 0 0 0 34 36 83
36 0 0 0 35 37 88
37 0 0 0 36 38 55
38 0 0 0 39 37 26
39 0 0 0 38 40 55
40 0 0 0 39 41 92
41 0 0 0 40 42 57
42 0 0 0 43 41 16
43 0 0 0 42 44 57
44 0 0 0 43 45 54
45 0 0 0 44 46 47
46 0 0 0 45 25 13
47 0 0 0 45 48 54
48 0 0 0 47 49 65
49 0 0 0 50 48 33
50 0 0 0 49 51 65
51 0 0 0 50 52 64
52 0 0 0 51 53 69
53 0 0 0 56 52 29
54 0 0 0 44 47 61
55 0 0 0 37 39 92
56 0 0 0 73 53 30
57 0 0 0 41 43 58
58 0 0 0 57 59 94
59 0 0 0 58 60 95
60 0 0 0 59 61 100
61 0 0 0 62 60 54
62 0 0 0 61 63 99
63 0 0 0 62 64 66
64 0 0 0 51 63 65
65 0 0 0 48 50 64
66 0 0 0 63 67 99
67 0 0 0 66 68 120
68 0 0 0 67 69 98
69 0 0 0 70 68 52
70 0 0 0 69 71 98
71 0 0 0 70 72 117
72 0 0 0 71 73 97
73 0 0 0 74 72 56
74 0 0 0 73 75 97
75 0 0 0 74 76 115
76 0 0 0 75 77 79
77 0 0 0 78 76 31
78 0 0 0 77 32 23
79 0 0 0 76 80 115
80 0 0 0 81 79 27
81 0 0 0 80 82 114
82 0 0 0 81 83 85
83 0 0 0 35 82 84
84 0 0 0 20 34 83
85 0 0 0 82 86 114
86 0 0 0 85 87 110
87 0 0 0 86 88 96
88 0 0 0 89 87 36
89 0 0 0 88 90 96
90 0 0 0 89 91 104
91 0 0 0 90 92 93
92 0 0 0 91 55 40
93 0 0 0 91 94 104
94 0 0 0 95 93 58
95 0 0 0 100 94 59
96 0 0 0 87 89 107
97 0 0 0 72 74 117
98 0 0 0 68 70 120
99 0 0 0 62 66 103
100 0 0 0 101 95 60
101 0 0 0 100 102 106
102 0 0 0 101 103 128
103 0 0 0 127 102 99
104 0 0 0 90 93 105
105 0 0 0 104 106 109
106 0 0 0 128 105 101
107 0 0 0 96 108 113
108 0 0 0 107 109 125
109 0 0 0 124 108 105
110 0 0 0 86 111 114
111 0 0 0 110 112 116
112 0 0 0 111 113 119
113 0 0 0 125 112 107
114 0 0 0 81 85 110
115 0 0 0 75 79 116
116 0 0 0 119 115 111
117 0 0 0 71 97 118
118 0 0 0 117 119 122
119 0 0 0 118 116 112
120 0 0 0 67 98 121
121 0 0 0 120 122 126
122 0 0 0 123 121 118
123 0 0 0 122 124 126
124 0 0 0 109 123 125
125 0 0 0 124 113 108
126 0 0 0 121 123 127
127 0 0 0 103 126 128
128 0 0 0 127 106 102
0
