>>writegraph3d planar <<
1 0 0 0 4 5
2 0 0 0 6 3
3 0 0 0 9 4 2
4 0 0 0 1 3 10
5 0 0 0 7 6 1
6 0 0 0 2 5 8
7 0 0 0 24 11 5
8 0 0 0 6 14 15
9 0 0 0 3 17 18
10 0 0 0 4 21 22
11 0 0 0 28 12 7
12 0 0 0 37 13 11
13 0 0 0 29 14 12
14 0 0 0 8 13 25
15 0 0 0 25 16 8
16 0 0 0 30 17 15
17 0 0 0 9 16 26
18 0 0 0 26 19 9
19 0 0 0 42 20 18
20 0 0 0 57 21 19
21 0 0 0 10 20 27
22 0 0 0 27 23 10
23 0 0 0 53 24 22
24 0 0 0 7 23 28
25 0 0 0 29 15 14
26 0 0 0 38 18 17
27 0 0 0 57 22 21
28 0 0 0 11 24 49
29 0 0 0 33 25 13
30 0 0 0 16 31 41
31 0 0 0 30 32 85
32 0 0 0 31 33 64
33 0 0 0 34 32 29
34 0 0 0 33 35 64
35 0 0 0 34 36 82
36 0 0 0 35 37 63
37 0 0 0 46 36 12
38 0 0 0 26 39 45
39 0 0 0 38 40 65
40 0 0 0 39 41 88
41 0 0 0 85 40 30
42 0 0 0 19 43 60
43 0 0 0 42 44 66
44 0 0 0 43 45 74
45 0 0 0 65 44 38
46 0 0 0 37 47 63
47 0 0 0 46 48 79
48 0 0 0 47 49 62
49 0 0 0 50 48 28
50 0 0 0 49 51 62
51 0 0 0 50 52 75
52 0 0 0 51 53 61
53 0 0 0 54 52 23
54 0 0 0 53 55 61
55 0 0 0 54 56 67
56 0 0 0 55 57 58
57 0 0 0 56 27 20
58 0 0 0 56 59 67
59 0 0 0 58 60 71
60 0 0 0 66 59 42
61 0 0 0 52 54 68
62 0 0 0 48 50 75
63 0 0 0 36 46 79
64 0 0 0 32 34 82
65 0 0 0 88 45 39
66 0 0 0 74 60 43
67 0 0 0 55 58 71
68 0 0 0 61 69 78
69 0 0 0 68 70 93
70 0 0 0 69 71 72
71 0 0 0 70 67 59
72 0 0 0 70 73 97
73 0 0 0 72 74 92
74 0 0 0 73 66 44
75 0 0 0 76 62 51
76 0 0 0 75 77 81
77 0 0 0 76 78 94
78 0 0 0 93 77 68
79 0 0 0 80 63 47
80 0 0 0 79 81 84
81 0 0 0 103 80 76
82 0 0 0 83 64 35
83 0 0 0 82 84 87
84 0 0 0 103 83 80
85 0 0 0 86 41 31
86 0 0 0 85 87 91
87 0 0 0 101 86 83
88 0 0 0 89 65 40
89 0 0 0 88 90 92
90 0 0 0 89 91 100
91 0 0 0 101 90 86
92 0 0 0 73 89 97
93 0 0 0 94 78 69
94 0 0 0 77 93 95
95 0 0 0 94 96 104
96 0 0 0 95 97 98
97 0 0 0 72 92 96
98 0 0 0 96 99 104
99 0 0 0 98 100 102
100 0 0 0 101 99 90
101 0 0 0 100 91 87
102 0 0 0 99 103 104
103 0 0 0 102 84 81
104 0 0 0 95 98 102
0
