>>writegraph3d planar <<
1 0 0 0 2 4 5
2 0 0 0 6 3 1
3 0 0 0 9 4 2
4 0 0 0 1 3 10
5 0 0 0 7 6 1
6 0 0 0 2 5 8
7 0 0 0 24 11 5
8 0 0 0 6 14 15
9 0 0 0 3 17 18
10 0 0 0 4 21 22
11 0 0 0 28 12 7
12 0 0 0 37 13 11
13 0 0 0 29 14 12
14 0 0 0 8 13 25
15 0 0 0 25 16 8
16 0 0 0 30 17 15
17 0 0 0 9 16 26
18 0 0 0 26 19 9
19 0 0 0 42 20 18
20 0 0 0 57 21 19
21 0 0 0 10 20 27
22 0 0 0 27 23 10
23 0 0 0 53 24 22
24 0 0 0 7 23 28
25 0 0 0 29 15 14
26 0 0 0 38 18 17
27 0 0 0 57 22 21
28 0 0 0 11 24 49
29 0 0 0 33 25 13
30 0 0 0 16 31 41
31 0 0 0 30 32 82
32 0 0 0 31 33 64
33 0 0 0 34 32 29
34 0 0 0 33 35 64
35 0 0 0 34 36 88
36 0 0 0 35 37 63
37 0 0 0 46 36 12
38 0 0 0 26 39 45
39 0 0 0 38 40 65
40 0 0 0 39 41 81
41 0 0 0 82 40 30
42 0 0 0 19 43 60
43 0 0 0 42 44 66
44 0 0 0 43 45 78
45 0 0 0 65 44 38
46 0 0 0 37 47 63
47 0 0 0 46 48 91
48 0 0 0 47 49 62
49 0 0 0 50 48 28
50 0 0 0 49 51 62
51 0 0 0 50 52 68
52 0 0 0 51 53 61
53 0 0 0 54 52 23
54 0 0 0 53 55 61
55 0 0 0 54 56 67
56 0 0 0 55 57 58
57 0 0 0 56 27 20
58 0 0 0 56 59 67
59 0 0 0 58 60 75
60 0 0 0 66 59 42
61 0 0 0 52 54 68
62 0 0 0 48 50 91
63 0 0 0 36 46 88
64 0 0 0 32 34 84
65 0 0 0 78 45 39
66 0 0 0 75 60 43
67 0 0 0 55 58 71
68 0 0 0 51 61 69
69 0 0 0 68 70 92
70 0 0 0 69 71 103
71 0 0 0 72 70 67
72 0 0 0 71 73 103
73 0 0 0 72 74 102
74 0 0 0 73 75 76
75 0 0 0 59 66 74
76 0 0 0 74 77 99
77 0 0 0 76 78 79
78 0 0 0 44 65 77
79 0 0 0 77 80 99
80 0 0 0 79 81 83
81 0 0 0 82 80 40
82 0 0 0 81 41 31
83 0 0 0 80 84 98
84 0 0 0 85 83 64
85 0 0 0 84 86 98
86 0 0 0 85 87 93
87 0 0 0 86 88 89
88 0 0 0 35 63 87
89 0 0 0 87 90 97
90 0 0 0 89 91 92
91 0 0 0 47 62 90
92 0 0 0 97 90 69
93 0 0 0 86 94 98
94 0 0 0 93 95 100
95 0 0 0 94 96 104
96 0 0 0 95 97 101
97 0 0 0 89 92 96
98 0 0 0 83 85 93
99 0 0 0 76 79 100
100 0 0 0 104 99 94
101 0 0 0 96 102 104
102 0 0 0 73 101 103
103 0 0 0 70 72 102
104 0 0 0 101 100 95
0
