>>writegraph3d planar <<
1 0 0 0 2 4 5
2 0 0 0 6 3 1
3 0 0 0 9 4 2
4 0 0 0 1 3 10
5 0 0 0 7 6 1
6 0 0 0 2 5 8
7 0 0 0 24 11 5
8 0 0 0 6 14 15
9 0 0 0 3 17 18
10 0 0 0 4 21 22
11 0 0 0 28 12 7
12 0 0 0 33 13 11
13 0 0 0 42 14 12
14 0 0 0 8 13 25
15 0 0 0 25 16 8
16 0 0 0 38 17 15
17 0 0 0 9 16 26
18 0 0 0 26 19 9
19 0 0 0 34 20 18
20 0 0 0 43 21 19
21 0 0 0 10 20 27
22 0 0 0 27 23 10
23 0 0 0 58 24 22
24 0 0 0 7 23 32
25 0 0 0 42 15 14
26 0 0 0 34 18 17
27 0 0 0 47 22 21
28 0 0 0 11 29 33
29 0 0 0 28 30 57
30 0 0 0 29 31 66
31 0 0 0 30 32 62
32 0 0 0 58 31 24
33 0 0 0 12 28 53
34 0 0 0 19 26 35
35 0 0 0 34 36 46
36 0 0 0 35 37 93
37 0 0 0 36 38 71
38 0 0 0 39 37 16
39 0 0 0 38 40 71
40 0 0 0 39 41 100
41 0 0 0 40 42 51
42 0 0 0 41 25 13
43 0 0 0 20 44 50
44 0 0 0 43 45 73
45 0 0 0 44 46 81
46 0 0 0 93 45 35
47 0 0 0 27 48 61
48 0 0 0 47 49 74
49 0 0 0 48 50 78
50 0 0 0 73 49 43
51 0 0 0 41 52 100
52 0 0 0 51 53 70
53 0 0 0 54 52 33
54 0 0 0 53 55 70
55 0 0 0 54 56 103
56 0 0 0 55 57 67
57 0 0 0 66 56 29
58 0 0 0 59 32 23
59 0 0 0 58 60 65
60 0 0 0 59 61 72
61 0 0 0 74 60 47
62 0 0 0 31 63 66
63 0 0 0 62 64 69
64 0 0 0 63 65 82
65 0 0 0 72 64 59
66 0 0 0 62 57 30
67 0 0 0 56 68 106
68 0 0 0 67 69 86
69 0 0 0 82 68 63
70 0 0 0 52 54 103
71 0 0 0 37 39 96
72 0 0 0 75 65 60
73 0 0 0 81 50 44
74 0 0 0 78 61 48
75 0 0 0 72 76 85
76 0 0 0 75 77 125
77 0 0 0 76 78 79
78 0 0 0 77 74 49
79 0 0 0 77 80 122
80 0 0 0 79 81 90
81 0 0 0 80 73 45
82 0 0 0 83 69 64
83 0 0 0 82 84 89
84 0 0 0 83 85 126
85 0 0 0 125 84 75
86 0 0 0 68 87 106
87 0 0 0 86 88 110
88 0 0 0 87 89 121
89 0 0 0 120 88 83
90 0 0 0 80 91 122
91 0 0 0 90 92 115
92 0 0 0 91 93 94
93 0 0 0 92 46 36
94 0 0 0 92 95 115
95 0 0 0 94 96 114
96 0 0 0 97 95 71
97 0 0 0 96 98 114
98 0 0 0 97 99 112
99 0 0 0 98 100 101
100 0 0 0 40 51 99
101 0 0 0 99 102 111
102 0 0 0 101 103 104
103 0 0 0 102 70 55
104 0 0 0 102 105 111
105 0 0 0 104 106 107
106 0 0 0 67 86 105
107 0 0 0 105 108 111
108 0 0 0 107 109 113
109 0 0 0 108 110 117
110 0 0 0 121 109 87
111 0 0 0 101 104 107
112 0 0 0 98 113 114
113 0 0 0 117 112 108
114 0 0 0 95 97 112
115 0 0 0 91 94 116
116 0 0 0 115 117 118
117 0 0 0 116 113 109
118 0 0 0 116 119 124
119 0 0 0 118 120 128
120 0 0 0 89 119 121
121 0 0 0 120 110 88
122 0 0 0 79 90 123
123 0 0 0 122 124 127
124 0 0 0 128 123 118
125 0 0 0 126 85 76
126 0 0 0 84 125 127
127 0 0 0 128 126 123
128 0 0 0 127 124 119
0
