>>writegraph3d planar <<
1 0 0 0 2 4 5
2 0 0 0 6 3 1
3 0 0 0 9 4 2
4 0 0 0 1 3 10
5 0 0 0 7 6 1
6 0 0 0 2 5 8
7 0 0 0 24 11 5
8 0 0 0 6 14 15
9 0 0 0 3 17 18
10 0 0 0 4 21 22
11 0 0 0 32 12 7
12 0 0 0 41 13 11
13 0 0 0 49 14 12
14 0 0 0 8 13 25
15 0 0 0 25 16 8
16 0 0 0 45 17 15
17 0 0 0 9 16 26
18 0 0 0 26 19 9
19 0 0 0 50 20 18
20 0 0 0 42 21 19
21 0 0 0 10 20 31
22 0 0 0 27 23 10
23 0 0 0 37 24 22
24 0 0 0 7 23 36
25 0 0 0 49 15 14
26 0 0 0 50 18 17
27 0 0 0 22 28 37
28 0 0 0 27 29 40
29 0 0 0 28 30 43
30 0 0 0 29 31 70
31 0 0 0 42 30 21
32 0 0 0 11 33 41
33 0 0 0 32 34 63
34 0 0 0 33 35 44
35 0 0 0 34 36 38
36 0 0 0 37 35 24
37 0 0 0 23 27 36
38 0 0 0 35 39 44
39 0 0 0 38 40 66
40 0 0 0 43 39 28
41 0 0 0 12 32 56
42 0 0 0 57 31 20
43 0 0 0 70 40 29
44 0 0 0 34 38 63
45 0 0 0 16 46 53
46 0 0 0 45 47 83
47 0 0 0 46 48 79
48 0 0 0 47 49 54
49 0 0 0 48 25 13
50 0 0 0 19 26 51
51 0 0 0 50 52 59
52 0 0 0 51 53 93
53 0 0 0 83 52 45
54 0 0 0 48 55 79
55 0 0 0 54 56 74
56 0 0 0 60 55 41
57 0 0 0 42 58 72
58 0 0 0 57 59 94
59 0 0 0 93 58 51
60 0 0 0 56 61 78
61 0 0 0 60 62 80
62 0 0 0 61 63 64
63 0 0 0 33 44 62
64 0 0 0 62 65 80
65 0 0 0 64 66 73
66 0 0 0 67 65 39
67 0 0 0 66 68 73
68 0 0 0 67 69 92
69 0 0 0 68 70 71
70 0 0 0 69 43 30
71 0 0 0 69 72 92
72 0 0 0 91 71 57
73 0 0 0 65 67 82
74 0 0 0 55 75 79
75 0 0 0 74 76 85
76 0 0 0 75 77 86
77 0 0 0 76 78 81
78 0 0 0 80 77 60
79 0 0 0 47 54 74
80 0 0 0 61 64 78
81 0 0 0 77 82 86
82 0 0 0 89 81 73
83 0 0 0 84 53 46
84 0 0 0 83 85 87
85 0 0 0 86 84 75
86 0 0 0 76 81 85
87 0 0 0 84 88 95
88 0 0 0 87 89 96
89 0 0 0 90 88 82
90 0 0 0 89 91 96
91 0 0 0 72 90 92
92 0 0 0 68 71 91
93 0 0 0 94 59 52
94 0 0 0 58 93 95
95 0 0 0 96 94 87
96 0 0 0 88 90 95
0
