>>writegraph3d planar <<
1 0 0 0 2 4 5
2 0 0 0 6 3 1
3 0 0 0 9 4 2
4 0 0 0 1 3 10
5 0 0 0 7 6 1
6 0 0 0 2 5 8
7 0 0 0 24 11 5
8 0 0 0 6 14 15
9 0 0 0 3 17 18
10 0 0 0 4 21 22
11 0 0 0 28 12 7
12 0 0 0 33 13 11
13 0 0 0 42 14 12
14 0 0 0 8 13 25
15 0 0 0 25 16 8
16 0 0 0 38 17 15
17 0 0 0 9 16 26
18 0 0 0 26 19 9
19 0 0 0 34 20 18
20 0 0 0 43 21 19
21 0 0 0 10 20 27
22 0 0 0 27 23 10
23 0 0 0 58 24 22
24 0 0 0 7 23 32
25 0 0 0 42 15 14
26 0 0 0 34 18 17
27 0 0 0 47 22 21
28 0 0 0 11 29 33
29 0 0 0 28 30 57
30 0 0 0 29 31 66
31 0 0 0 30 32 62
32 0 0 0 58 31 24
33 0 0 0 12 28 53
34 0 0 0 19 26 35
35 0 0 0 34 36 46
36 0 0 0 35 37 86
37 0 0 0 36 38 71
38 0 0 0 39 37 16
39 0 0 0 38 40 71
40 0 0 0 39 41 92
41 0 0 0 40 42 51
42 0 0 0 41 25 13
43 0 0 0 20 44 50
44 0 0 0 43 45 73
45 0 0 0 44 46 85
46 0 0 0 86 45 35
47 0 0 0 27 48 61
48 0 0 0 47 49 74
49 0 0 0 48 50 82
50 0 0 0 73 49 43
51 0 0 0 41 52 92
52 0 0 0 51 53 70
53 0 0 0 54 52 33
54 0 0 0 53 55 70
55 0 0 0 54 56 107
56 0 0 0 55 57 67
57 0 0 0 66 56 29
58 0 0 0 59 32 23
59 0 0 0 58 60 65
60 0 0 0 59 61 72
61 0 0 0 74 60 47
62 0 0 0 31 63 66
63 0 0 0 62 64 69
64 0 0 0 63 65 96
65 0 0 0 72 64 59
66 0 0 0 62 57 30
67 0 0 0 56 68 107
68 0 0 0 67 69 100
69 0 0 0 96 68 63
70 0 0 0 52 54 95
71 0 0 0 37 39 88
72 0 0 0 75 65 60
73 0 0 0 82 50 44
74 0 0 0 78 61 48
75 0 0 0 72 76 99
76 0 0 0 75 77 129
77 0 0 0 76 78 112
78 0 0 0 79 77 74
79 0 0 0 78 80 112
80 0 0 0 79 81 140
81 0 0 0 80 82 83
82 0 0 0 49 73 81
83 0 0 0 81 84 140
84 0 0 0 83 85 87
85 0 0 0 86 84 45
86 0 0 0 85 46 36
87 0 0 0 84 88 143
88 0 0 0 89 87 71
89 0 0 0 88 90 143
90 0 0 0 89 91 133
91 0 0 0 90 92 93
92 0 0 0 40 51 91
93 0 0 0 91 94 133
94 0 0 0 93 95 111
95 0 0 0 104 94 70
96 0 0 0 97 69 64
97 0 0 0 96 98 103
98 0 0 0 97 99 113
99 0 0 0 129 98 75
100 0 0 0 68 101 110
101 0 0 0 100 102 114
102 0 0 0 101 103 126
103 0 0 0 113 102 97
104 0 0 0 95 105 111
105 0 0 0 104 106 115
106 0 0 0 105 107 108
107 0 0 0 55 67 106
108 0 0 0 106 109 115
109 0 0 0 108 110 123
110 0 0 0 114 109 100
111 0 0 0 94 104 116
112 0 0 0 77 79 132
113 0 0 0 126 103 98
114 0 0 0 123 110 101
115 0 0 0 105 108 119
116 0 0 0 111 117 136
117 0 0 0 116 118 153
118 0 0 0 117 119 152
119 0 0 0 120 118 115
120 0 0 0 119 121 158
121 0 0 0 120 122 157
122 0 0 0 121 123 124
123 0 0 0 109 114 122
124 0 0 0 122 125 157
125 0 0 0 124 126 127
126 0 0 0 102 113 125
127 0 0 0 125 128 154
128 0 0 0 127 129 130
129 0 0 0 128 99 76
130 0 0 0 128 131 154
131 0 0 0 130 132 147
132 0 0 0 137 131 112
133 0 0 0 90 93 134
134 0 0 0 133 135 145
135 0 0 0 134 136 149
136 0 0 0 153 135 116
137 0 0 0 132 138 147
138 0 0 0 137 139 146
139 0 0 0 138 140 141
140 0 0 0 80 83 139
141 0 0 0 139 142 146
142 0 0 0 141 143 144
143 0 0 0 87 89 142
144 0 0 0 142 145 146
145 0 0 0 149 144 134
146 0 0 0 138 141 144
147 0 0 0 131 137 148
148 0 0 0 147 149 150
149 0 0 0 148 145 135
150 0 0 0 148 151 156
151 0 0 0 150 152 160
152 0 0 0 118 151 153
153 0 0 0 152 136 117
154 0 0 0 127 130 155
155 0 0 0 154 156 159
156 0 0 0 160 155 150
157 0 0 0 121 124 158
158 0 0 0 120 157 159
159 0 0 0 160 158 155
160 0 0 0 159 156 151
0
