>>writegraph3d planar <<
1 0 0 0 2 4 5
2 0 0 0 6 3 1
3 0 0 0 8 4 2
4 0 0 0 1 3 9
5 0 0 0 6 1
6 0 0 0 2 5 7
7 0 0 0 6 13 14
8 0 0 0 3 16 17
9 0 0 0 4 20 21
10 0 0 0 27 11
11 0 0 0 32 12 10
12 0 0 0 49 13 11
13 0 0 0 7 12 24
14 0 0 0 24 15 7
15 0 0 0 41 16 14
16 0 0 0 8 15 25
17 0 0 0 25 18 8
18 0 0 0 33 19 17
19 0 0 0 80 20 18
20 0 0 0 9 19 26
21 0 0 0 26 22 9
22 0 0 0 74 23 21
23 0 0 0 22 31
24 0 0 0 45 14 13
25 0 0 0 37 17 16
26 0 0 0 76 21 20
27 0 0 0 10 28 32
28 0 0 0 27 29 52
29 0 0 0 28 30 56
30 0 0 0 29 31 73
31 0 0 0 74 30 23
32 0 0 0 11 27 49
33 0 0 0 18 34 80
34 0 0 0 33 35 79
35 0 0 0 34 36 84
36 0 0 0 35 37 55
37 0 0 0 38 36 25
38 0 0 0 37 39 55
39 0 0 0 38 40 89
40 0 0 0 39 41 54
41 0 0 0 42 40 15
42 0 0 0 41 43 54
43 0 0 0 42 44 58
44 0 0 0 43 45 53
45 0 0 0 46 44 24
46 0 0 0 45 47 53
47 0 0 0 46 48 57
48 0 0 0 47 49 50
49 0 0 0 12 32 48
50 0 0 0 48 51 57
51 0 0 0 50 52 65
52 0 0 0 56 51 28
53 0 0 0 44 46 58
54 0 0 0 40 42 89
55 0 0 0 36 38 88
56 0 0 0 69 52 29
57 0 0 0 47 50 61
58 0 0 0 43 53 59
59 0 0 0 58 60 91
60 0 0 0 59 61 124
61 0 0 0 62 60 57
62 0 0 0 61 63 124
63 0 0 0 62 64 113
64 0 0 0 63 65 95
65 0 0 0 66 64 51
66 0 0 0 65 67 95
67 0 0 0 66 68 103
68 0 0 0 67 69 94
69 0 0 0 70 68 56
70 0 0 0 69 71 94
71 0 0 0 70 72 99
72 0 0 0 71 73 75
73 0 0 0 74 72 30
74 0 0 0 73 31 22
75 0 0 0 72 76 99
76 0 0 0 77 75 26
77 0 0 0 76 78 98
78 0 0 0 77 79 81
79 0 0 0 34 78 80
80 0 0 0 19 33 79
81 0 0 0 78 82 98
82 0 0 0 81 83 102
83 0 0 0 82 84 97
84 0 0 0 85 83 35
85 0 0 0 84 86 97
86 0 0 0 85 87 118
87 0 0 0 86 88 96
88 0 0 0 92 87 55
89 0 0 0 39 54 90
90 0 0 0 89 91 93
91 0 0 0 121 90 59
92 0 0 0 88 93 96
93 0 0 0 121 92 90
94 0 0 0 68 70 103
95 0 0 0 64 66 113
96 0 0 0 87 92 118
97 0 0 0 83 85 108
98 0 0 0 77 81 102
99 0 0 0 71 75 100
100 0 0 0 99 101 105
101 0 0 0 100 102 106
102 0 0 0 101 98 82
103 0 0 0 67 94 104
104 0 0 0 103 105 109
105 0 0 0 106 104 100
106 0 0 0 107 105 101
107 0 0 0 106 108 112
108 0 0 0 115 107 97
109 0 0 0 104 110 114
110 0 0 0 109 111 126
111 0 0 0 110 112 116
112 0 0 0 115 111 107
113 0 0 0 63 95 114
114 0 0 0 126 113 109
115 0 0 0 116 112 108
116 0 0 0 111 115 117
117 0 0 0 116 118 119
118 0 0 0 86 96 117
119 0 0 0 117 120 127
120 0 0 0 119 121 122
121 0 0 0 120 93 91
122 0 0 0 120 123 127
123 0 0 0 122 124 125
124 0 0 0 60 62 123
125 0 0 0 123 126 127
126 0 0 0 125 114 110
127 0 0 0 119 122 125
0
