>>writegraph3d planar <<
1 0 0 0 2 4 5
2 0 0 0 6 3 1
3 0 0 0 9 4 2
4 0 0 0 1 3 10
5 0 0 0 7 6 1
6 0 0 0 2 5 8
7 0 0 0 24 11 5
8 0 0 0 6 14 15
9 0 0 0 3 17 18
10 0 0 0 4 21 22
11 0 0 0 28 12 7
12 0 0 0 33 13 11
13 0 0 0 46 14 12
14 0 0 0 8 13 25
15 0 0 0 25 16 8
16 0 0 0 42 17 15
17 0 0 0 9 16 26
18 0 0 0 26 19 9
19 0 0 0 34 20 18
20 0 0 0 91 21 19
21 0 0 0 10 20 27
22 0 0 0 27 23 10
23 0 0 0 84 24 22
24 0 0 0 7 23 32
25 0 0 0 46 15 14
26 0 0 0 38 18 17
27 0 0 0 87 22 21
28 0 0 0 11 29 33
29 0 0 0 28 30 53
30 0 0 0 29 31 56
31 0 0 0 30 32 73
32 0 0 0 84 31 24
33 0 0 0 12 28 49
34 0 0 0 19 35 91
35 0 0 0 34 36 95
36 0 0 0 35 37 77
37 0 0 0 36 38 55
38 0 0 0 39 37 26
39 0 0 0 38 40 55
40 0 0 0 39 41 58
41 0 0 0 40 42 57
42 0 0 0 43 41 16
43 0 0 0 42 44 57
44 0 0 0 43 45 54
45 0 0 0 44 46 47
46 0 0 0 45 25 13
47 0 0 0 45 48 54
48 0 0 0 47 49 65
49 0 0 0 50 48 33
50 0 0 0 49 51 65
51 0 0 0 50 52 64
52 0 0 0 51 53 69
53 0 0 0 56 52 29
54 0 0 0 44 47 61
55 0 0 0 37 39 74
56 0 0 0 73 53 30
57 0 0 0 41 43 58
58 0 0 0 40 57 59
59 0 0 0 58 60 76
60 0 0 0 59 61 102
61 0 0 0 62 60 54
62 0 0 0 61 63 106
63 0 0 0 62 64 66
64 0 0 0 51 63 65
65 0 0 0 48 50 64
66 0 0 0 63 67 106
67 0 0 0 66 68 105
68 0 0 0 67 69 117
69 0 0 0 70 68 52
70 0 0 0 69 71 117
71 0 0 0 70 72 101
72 0 0 0 71 73 81
73 0 0 0 72 56 31
74 0 0 0 55 75 80
75 0 0 0 74 76 107
76 0 0 0 102 75 59
77 0 0 0 36 78 95
78 0 0 0 77 79 94
79 0 0 0 78 80 99
80 0 0 0 107 79 74
81 0 0 0 72 82 101
82 0 0 0 81 83 124
83 0 0 0 82 84 85
84 0 0 0 83 32 23
85 0 0 0 83 86 124
86 0 0 0 85 87 100
87 0 0 0 88 86 27
88 0 0 0 87 89 100
89 0 0 0 88 90 127
90 0 0 0 89 91 92
91 0 0 0 20 34 90
92 0 0 0 90 93 130
93 0 0 0 92 94 96
94 0 0 0 78 93 95
95 0 0 0 35 77 94
96 0 0 0 93 97 130
97 0 0 0 96 98 129
98 0 0 0 97 99 138
99 0 0 0 111 98 79
100 0 0 0 86 88 127
101 0 0 0 71 81 120
102 0 0 0 103 76 60
103 0 0 0 102 104 110
104 0 0 0 103 105 114
105 0 0 0 67 104 106
106 0 0 0 62 66 105
107 0 0 0 108 80 75
108 0 0 0 107 109 113
109 0 0 0 108 110 131
110 0 0 0 114 109 103
111 0 0 0 99 112 138
112 0 0 0 111 113 132
113 0 0 0 131 112 108
114 0 0 0 115 110 104
115 0 0 0 114 116 134
116 0 0 0 115 117 118
117 0 0 0 68 70 116
118 0 0 0 116 119 134
119 0 0 0 118 120 144
120 0 0 0 121 119 101
121 0 0 0 120 122 144
122 0 0 0 121 123 141
123 0 0 0 122 124 125
124 0 0 0 82 85 123
125 0 0 0 123 126 135
126 0 0 0 125 127 128
127 0 0 0 126 100 89
128 0 0 0 126 129 135
129 0 0 0 97 128 130
130 0 0 0 92 96 129
131 0 0 0 132 113 109
132 0 0 0 112 131 133
133 0 0 0 132 134 140
134 0 0 0 115 118 133
135 0 0 0 125 128 136
136 0 0 0 135 137 143
137 0 0 0 136 138 139
138 0 0 0 98 111 137
139 0 0 0 137 140 143
140 0 0 0 142 139 133
141 0 0 0 122 142 144
142 0 0 0 140 141 143
143 0 0 0 136 139 142
144 0 0 0 119 121 141
0
