>>writegraph3d planar <<
1 0 0 0 2 4 5
2 0 0 0 6 3 1
3 0 0 0 9 4 2
4 0 0 0 1 3 10
5 0 0 0 7 6 1
6 0 0 0 2 5 8
7 0 0 0 24 11 5
8 0 0 0 6 14 15
9 0 0 0 3 17 18
10 0 0 0 4 21 22
11 0 0 0 28 12 7
12 0 0 0 33 13 11
13 0 0 0 50 14 12
14 0 0 0 8 13 25
15 0 0 0 25 16 8
16 0 0 0 42 17 15
17 0 0 0 9 16 26
18 0 0 0 26 19 9
19 0 0 0 34 20 18
20 0 0 0 81 21 19
21 0 0 0 10 20 27
22 0 0 0 27 23 10
23 0 0 0 75 24 22
24 0 0 0 7 23 32
25 0 0 0 46 15 14
26 0 0 0 38 18 17
27 0 0 0 77 22 21
28 0 0 0 11 29 33
29 0 0 0 28 30 53
30 0 0 0 29 31 57
31 0 0 0 30 32 74
32 0 0 0 75 31 24
33 0 0 0 12 28 50
34 0 0 0 19 35 81
35 0 0 0 34 36 80
36 0 0 0 35 37 85
37 0 0 0 36 38 56
38 0 0 0 39 37 26
39 0 0 0 38 40 56
40 0 0 0 39 41 90
41 0 0 0 40 42 55
42 0 0 0 43 41 16
43 0 0 0 42 44 55
44 0 0 0 43 45 59
45 0 0 0 44 46 54
46 0 0 0 47 45 25
47 0 0 0 46 48 54
48 0 0 0 47 49 58
49 0 0 0 48 50 51
50 0 0 0 13 33 49
51 0 0 0 49 52 58
52 0 0 0 51 53 66
53 0 0 0 57 52 29
54 0 0 0 45 47 59
55 0 0 0 41 43 90
56 0 0 0 37 39 89
57 0 0 0 70 53 30
58 0 0 0 48 51 62
59 0 0 0 44 54 60
60 0 0 0 59 61 92
61 0 0 0 60 62 126
62 0 0 0 63 61 58
63 0 0 0 62 64 126
64 0 0 0 63 65 125
65 0 0 0 64 66 96
66 0 0 0 67 65 52
67 0 0 0 66 68 96
68 0 0 0 67 69 104
69 0 0 0 68 70 95
70 0 0 0 71 69 57
71 0 0 0 70 72 95
72 0 0 0 71 73 100
73 0 0 0 72 74 76
74 0 0 0 75 73 31
75 0 0 0 74 32 23
76 0 0 0 73 77 100
77 0 0 0 78 76 27
78 0 0 0 77 79 99
79 0 0 0 78 80 82
80 0 0 0 35 79 81
81 0 0 0 20 34 80
82 0 0 0 79 83 99
83 0 0 0 82 84 110
84 0 0 0 83 85 98
85 0 0 0 86 84 36
86 0 0 0 85 87 98
87 0 0 0 86 88 117
88 0 0 0 87 89 97
89 0 0 0 93 88 56
90 0 0 0 40 55 91
91 0 0 0 90 92 94
92 0 0 0 120 91 60
93 0 0 0 89 94 97
94 0 0 0 120 93 91
95 0 0 0 69 71 104
96 0 0 0 65 67 127
97 0 0 0 88 93 117
98 0 0 0 84 86 110
99 0 0 0 78 82 103
100 0 0 0 72 76 101
101 0 0 0 100 102 106
102 0 0 0 101 103 111
103 0 0 0 107 102 99
104 0 0 0 68 95 105
105 0 0 0 104 106 112
106 0 0 0 111 105 101
107 0 0 0 103 108 111
108 0 0 0 107 109 114
109 0 0 0 108 110 115
110 0 0 0 83 98 109
111 0 0 0 107 106 102
112 0 0 0 105 113 128
113 0 0 0 112 114 121
114 0 0 0 115 113 108
115 0 0 0 116 114 109
116 0 0 0 115 117 118
117 0 0 0 87 97 116
118 0 0 0 116 119 123
119 0 0 0 118 120 124
120 0 0 0 119 94 92
121 0 0 0 113 122 128
122 0 0 0 121 123 127
123 0 0 0 124 122 118
124 0 0 0 125 123 119
125 0 0 0 64 124 126
126 0 0 0 61 63 125
127 0 0 0 128 122 96
128 0 0 0 112 121 127
0
