>>writegraph3d planar <<
1 0 0 0 2 4 5
2 0 0 0 6 3 1
3 0 0 0 9 4 2
4 0 0 0 1 3 10
5 0 0 0 7 6 1
6 0 0 0 2 5 8
7 0 0 0 24 11 5
8 0 0 0 6 14 15
9 0 0 0 3 17 18
10 0 0 0 4 21 22
11 0 0 0 28 12 7
12 0 0 0 66 13 11
13 0 0 0 33 14 12
14 0 0 0 8 13 25
15 0 0 0 25 16 8
16 0 0 0 34 17 15
17 0 0 0 9 16 26
18 0 0 0 26 19 9
19 0 0 0 42 20 18
20 0 0 0 49 21 19
21 0 0 0 10 20 27
22 0 0 0 27 23 10
23 0 0 0 58 24 22
24 0 0 0 7 23 28
25 0 0 0 29 15 14
26 0 0 0 38 18 17
27 0 0 0 50 22 21
28 0 0 0 11 24 62
29 0 0 0 25 30 37
30 0 0 0 29 31 46
31 0 0 0 30 32 175
32 0 0 0 31 33 70
33 0 0 0 66 32 13
34 0 0 0 16 35 41
35 0 0 0 34 36 47
36 0 0 0 35 37 160
37 0 0 0 46 36 29
38 0 0 0 26 39 45
39 0 0 0 38 40 48
40 0 0 0 39 41 146
41 0 0 0 47 40 34
42 0 0 0 19 43 49
43 0 0 0 42 44 57
44 0 0 0 43 45 143
45 0 0 0 48 44 38
46 0 0 0 167 37 30
47 0 0 0 160 41 35
48 0 0 0 146 45 39
49 0 0 0 20 42 53
50 0 0 0 27 51 61
51 0 0 0 50 52 77
52 0 0 0 51 53 74
53 0 0 0 54 52 49
54 0 0 0 53 55 74
55 0 0 0 54 56 85
56 0 0 0 55 57 102
57 0 0 0 143 56 43
58 0 0 0 23 59 65
59 0 0 0 58 60 76
60 0 0 0 59 61 78
61 0 0 0 77 60 50
62 0 0 0 28 63 69
63 0 0 0 62 64 75
64 0 0 0 63 65 86
65 0 0 0 76 64 58
66 0 0 0 67 33 12
67 0 0 0 66 68 73
68 0 0 0 67 69 92
69 0 0 0 75 68 62
70 0 0 0 32 71 175
71 0 0 0 70 72 101
72 0 0 0 71 73 96
73 0 0 0 92 72 67
74 0 0 0 52 54 81
75 0 0 0 89 69 63
76 0 0 0 86 65 59
77 0 0 0 78 61 51
78 0 0 0 60 77 79
79 0 0 0 78 80 88
80 0 0 0 79 81 103
81 0 0 0 82 80 74
82 0 0 0 81 83 103
83 0 0 0 82 84 114
84 0 0 0 83 85 135
85 0 0 0 102 84 55
86 0 0 0 64 76 87
87 0 0 0 86 88 91
88 0 0 0 104 87 79
89 0 0 0 75 90 95
90 0 0 0 89 91 100
91 0 0 0 104 90 87
92 0 0 0 93 73 68
93 0 0 0 92 94 99
94 0 0 0 93 95 119
95 0 0 0 100 94 89
96 0 0 0 72 97 101
97 0 0 0 96 98 201
98 0 0 0 97 99 127
99 0 0 0 119 98 93
100 0 0 0 108 95 90
101 0 0 0 71 96 178
102 0 0 0 139 85 56
103 0 0 0 80 82 107
104 0 0 0 105 91 88
105 0 0 0 104 106 110
106 0 0 0 105 107 115
107 0 0 0 111 106 103
108 0 0 0 100 109 122
109 0 0 0 108 110 116
110 0 0 0 115 109 105
111 0 0 0 107 112 115
112 0 0 0 111 113 118
113 0 0 0 112 114 147
114 0 0 0 135 113 83
115 0 0 0 111 110 106
116 0 0 0 109 117 122
117 0 0 0 116 118 126
118 0 0 0 147 117 112
119 0 0 0 120 99 94
120 0 0 0 119 121 130
121 0 0 0 120 122 123
122 0 0 0 108 116 121
123 0 0 0 121 124 130
124 0 0 0 123 125 129
125 0 0 0 124 126 134
126 0 0 0 151 125 117
127 0 0 0 98 128 201
128 0 0 0 127 129 131
129 0 0 0 124 128 130
130 0 0 0 120 123 129
131 0 0 0 128 132 204
132 0 0 0 131 133 154
133 0 0 0 132 134 152
134 0 0 0 151 133 125
135 0 0 0 136 114 84
136 0 0 0 135 137 150
137 0 0 0 136 138 164
138 0 0 0 137 139 171
139 0 0 0 140 138 102
140 0 0 0 139 141 171
141 0 0 0 140 142 182
142 0 0 0 141 143 144
143 0 0 0 142 57 44
144 0 0 0 142 145 182
145 0 0 0 144 146 158
146 0 0 0 145 48 40
147 0 0 0 148 118 113
148 0 0 0 147 149 153
149 0 0 0 148 150 157
150 0 0 0 164 149 136
151 0 0 0 152 134 126
152 0 0 0 133 151 153
153 0 0 0 157 152 148
154 0 0 0 132 155 204
155 0 0 0 154 156 208
156 0 0 0 155 157 161
157 0 0 0 156 153 149
158 0 0 0 145 159 185
159 0 0 0 158 160 165
160 0 0 0 159 47 36
161 0 0 0 156 162 208
162 0 0 0 161 163 194
163 0 0 0 162 164 168
164 0 0 0 163 150 137
165 0 0 0 159 166 185
166 0 0 0 165 167 189
167 0 0 0 172 166 46
168 0 0 0 163 169 194
169 0 0 0 168 170 191
170 0 0 0 169 171 179
171 0 0 0 138 140 170
172 0 0 0 167 173 189
173 0 0 0 172 174 218
174 0 0 0 173 175 176
175 0 0 0 31 70 174
176 0 0 0 174 177 218
177 0 0 0 176 178 212
178 0 0 0 198 177 101
179 0 0 0 170 180 191
180 0 0 0 179 181 190
181 0 0 0 180 182 183
182 0 0 0 141 144 181
183 0 0 0 181 184 190
184 0 0 0 183 185 186
185 0 0 0 158 165 184
186 0 0 0 184 187 190
187 0 0 0 186 188 193
188 0 0 0 187 189 215
189 0 0 0 166 172 188
190 0 0 0 180 183 186
191 0 0 0 169 179 192
192 0 0 0 191 193 197
193 0 0 0 215 192 187
194 0 0 0 162 168 195
195 0 0 0 194 196 211
196 0 0 0 195 197 224
197 0 0 0 221 196 192
198 0 0 0 178 199 212
199 0 0 0 198 200 209
200 0 0 0 199 201 202
201 0 0 0 97 127 200
202 0 0 0 200 203 209
203 0 0 0 202 204 205
204 0 0 0 131 154 203
205 0 0 0 203 206 209
206 0 0 0 205 207 214
207 0 0 0 206 208 210
208 0 0 0 155 161 207
209 0 0 0 199 202 205
210 0 0 0 207 211 214
211 0 0 0 224 210 195
212 0 0 0 177 198 213
213 0 0 0 212 214 220
214 0 0 0 206 210 213
215 0 0 0 216 193 188
216 0 0 0 215 217 223
217 0 0 0 216 218 219
218 0 0 0 173 176 217
219 0 0 0 217 220 223
220 0 0 0 222 219 213
221 0 0 0 197 222 224
222 0 0 0 220 221 223
223 0 0 0 216 219 222
224 0 0 0 221 211 196
0
