>>writegraph3d planar <<
1 0 0 0 2 4 5
2 0 0 0 6 3 1
3 0 0 0 9 4 2
4 0 0 0 1 3 10
5 0 0 0 7 6 1
6 0 0 0 2 5 8
7 0 0 0 24 11 5
8 0 0 0 6 14 15
9 0 0 0 3 17 18
10 0 0 0 4 21 22
11 0 0 0 28 12 7
12 0 0 0 66 13 11
13 0 0 0 33 14 12
14 0 0 0 8 13 25
15 0 0 0 25 16 8
16 0 0 0 34 17 15
17 0 0 0 9 16 26
18 0 0 0 26 19 9
19 0 0 0 42 20 18
20 0 0 0 49 21 19
21 0 0 0 10 20 27
22 0 0 0 27 23 10
23 0 0 0 58 24 22
24 0 0 0 7 23 28
25 0 0 0 29 15 14
26 0 0 0 38 18 17
27 0 0 0 50 22 21
28 0 0 0 11 24 62
29 0 0 0 25 30 37
30 0 0 0 29 31 46
31 0 0 0 30 32 121
32 0 0 0 31 33 70
33 0 0 0 66 32 13
34 0 0 0 16 35 41
35 0 0 0 34 36 47
36 0 0 0 35 37 131
37 0 0 0 46 36 29
38 0 0 0 26 39 45
39 0 0 0 38 40 48
40 0 0 0 39 41 135
41 0 0 0 47 40 34
42 0 0 0 19 43 49
43 0 0 0 42 44 57
44 0 0 0 43 45 138
45 0 0 0 48 44 38
46 0 0 0 124 37 30
47 0 0 0 131 41 35
48 0 0 0 135 45 39
49 0 0 0 20 42 53
50 0 0 0 27 51 61
51 0 0 0 50 52 77
52 0 0 0 51 53 74
53 0 0 0 54 52 49
54 0 0 0 53 55 74
55 0 0 0 54 56 85
56 0 0 0 55 57 100
57 0 0 0 138 56 43
58 0 0 0 23 59 65
59 0 0 0 58 60 76
60 0 0 0 59 61 78
61 0 0 0 77 60 50
62 0 0 0 28 63 69
63 0 0 0 62 64 75
64 0 0 0 63 65 86
65 0 0 0 76 64 58
66 0 0 0 67 33 12
67 0 0 0 66 68 73
68 0 0 0 67 69 92
69 0 0 0 75 68 62
70 0 0 0 32 71 121
71 0 0 0 70 72 96
72 0 0 0 71 73 93
73 0 0 0 92 72 67
74 0 0 0 52 54 81
75 0 0 0 89 69 63
76 0 0 0 86 65 59
77 0 0 0 78 61 51
78 0 0 0 60 77 79
79 0 0 0 78 80 88
80 0 0 0 79 81 105
81 0 0 0 82 80 74
82 0 0 0 81 83 105
83 0 0 0 82 84 109
84 0 0 0 83 85 151
85 0 0 0 100 84 55
86 0 0 0 64 76 87
87 0 0 0 86 88 91
88 0 0 0 101 87 79
89 0 0 0 75 90 95
90 0 0 0 89 91 102
91 0 0 0 101 90 87
92 0 0 0 93 73 68
93 0 0 0 72 92 94
94 0 0 0 93 95 99
95 0 0 0 110 94 89
96 0 0 0 71 97 116
97 0 0 0 96 98 113
98 0 0 0 97 99 111
99 0 0 0 110 98 94
100 0 0 0 141 85 56
101 0 0 0 102 91 88
102 0 0 0 90 101 103
103 0 0 0 102 104 112
104 0 0 0 103 105 106
105 0 0 0 80 82 104
106 0 0 0 104 107 112
107 0 0 0 106 108 114
108 0 0 0 107 109 115
109 0 0 0 151 108 83
110 0 0 0 111 99 95
111 0 0 0 98 110 112
112 0 0 0 103 106 111
113 0 0 0 97 114 116
114 0 0 0 115 113 107
115 0 0 0 120 114 108
116 0 0 0 96 113 117
117 0 0 0 116 118 123
118 0 0 0 117 119 127
119 0 0 0 118 120 130
120 0 0 0 155 119 115
121 0 0 0 31 70 122
122 0 0 0 121 123 126
123 0 0 0 127 122 117
124 0 0 0 46 125 134
125 0 0 0 124 126 128
126 0 0 0 127 125 122
127 0 0 0 126 123 118
128 0 0 0 125 129 134
129 0 0 0 128 130 147
130 0 0 0 155 129 119
131 0 0 0 132 47 36
132 0 0 0 131 133 137
133 0 0 0 132 134 144
134 0 0 0 124 128 133
135 0 0 0 136 48 40
136 0 0 0 135 137 140
137 0 0 0 144 136 132
138 0 0 0 139 57 44
139 0 0 0 138 140 143
140 0 0 0 148 139 136
141 0 0 0 100 142 154
142 0 0 0 141 143 149
143 0 0 0 148 142 139
144 0 0 0 145 137 133
145 0 0 0 144 146 150
146 0 0 0 145 147 159
147 0 0 0 158 146 129
148 0 0 0 149 143 140
149 0 0 0 142 148 150
150 0 0 0 159 149 145
151 0 0 0 152 109 84
152 0 0 0 151 153 156
153 0 0 0 152 154 160
154 0 0 0 157 153 141
155 0 0 0 156 130 120
156 0 0 0 160 155 152
157 0 0 0 154 158 160
158 0 0 0 147 157 159
159 0 0 0 158 150 146
160 0 0 0 157 156 153
0
