>>writegraph3d planar <<
1 0 0 0 2 4 5
2 0 0 0 6 3 1
3 0 0 0 9 4 2
4 0 0 0 1 3 10
5 0 0 0 7 6 1
6 0 0 0 2 5 8
7 0 0 0 24 11 5
8 0 0 0 6 14 15
9 0 0 0 3 17 18
10 0 0 0 4 21 22
11 0 0 0 28 12 7
12 0 0 0 33 13 11
13 0 0 0 42 14 12
14 0 0 0 8 13 25
15 0 0 0 25 16 8
16 0 0 0 38 17 15
17 0 0 0 9 16 26
18 0 0 0 26 19 9
19 0 0 0 34 20 18
20 0 0 0 43 21 19
21 0 0 0 10 20 27
22 0 0 0 27 23 10
23 0 0 0 47 24 22
24 0 0 0 7 23 32
25 0 0 0 42 15 14
26 0 0 0 34 18 17
27 0 0 0 47 22 21
28 0 0 0 11 29 33
29 0 0 0 28 30 53
30 0 0 0 29 31 57
31 0 0 0 30 32 61
32 0 0 0 58 31 24
33 0 0 0 12 28 53
34 0 0 0 19 26 35
35 0 0 0 34 36 46
36 0 0 0 35 37 72
37 0 0 0 36 38 71
38 0 0 0 39 37 16
39 0 0 0 38 40 79
40 0 0 0 39 41 80
41 0 0 0 40 42 51
42 0 0 0 41 25 13
43 0 0 0 20 44 50
44 0 0 0 43 45 68
45 0 0 0 44 46 67
46 0 0 0 72 45 35
47 0 0 0 23 27 48
48 0 0 0 47 49 60
49 0 0 0 48 50 65
50 0 0 0 68 49 43
51 0 0 0 41 52 80
52 0 0 0 51 53 54
53 0 0 0 52 33 29
54 0 0 0 52 55 74
55 0 0 0 54 56 73
56 0 0 0 55 57 62
57 0 0 0 61 56 30
58 0 0 0 32 59 61
59 0 0 0 58 60 64
60 0 0 0 65 59 48
61 0 0 0 58 57 31
62 0 0 0 56 63 73
63 0 0 0 62 64 66
64 0 0 0 65 63 59
65 0 0 0 64 60 49
66 0 0 0 63 67 69
67 0 0 0 45 66 68
68 0 0 0 67 50 44
69 0 0 0 66 70 76
70 0 0 0 69 71 77
71 0 0 0 37 70 72
72 0 0 0 71 46 36
73 0 0 0 55 62 74
74 0 0 0 54 73 75
75 0 0 0 74 76 78
76 0 0 0 77 75 69
77 0 0 0 78 76 70
78 0 0 0 75 77 79
79 0 0 0 80 78 39
80 0 0 0 40 51 79
0
