>>writegraph3d planar <<
1 0 0 0 2 4 5
2 0 0 0 6 3 1
3 0 0 0 9 4 2
4 0 0 0 1 3 10
5 0 0 0 7 6 1
6 0 0 0 2 5 8
7 0 0 0 24 11 5
8 0 0 0 6 14 15
9 0 0 0 3 17 18
10 0 0 0 4 21 22
11 0 0 0 32 12 7
12 0 0 0 34 13 11
13 0 0 0 47 14 12
14 0 0 0 8 13 25
15 0 0 0 25 16 8
16 0 0 0 56 17 15
17 0 0 0 9 16 26
18 0 0 0 26 19 9
19 0 0 0 64 20 18
20 0 0 0 33 21 19
21 0 0 0 10 20 31
22 0 0 0 27 23 10
23 0 0 0 42 24 22
24 0 0 0 7 23 32
25 0 0 0 48 15 14
26 0 0 0 60 18 17
27 0 0 0 22 28 42
28 0 0 0 27 29 41
29 0 0 0 28 30 46
30 0 0 0 29 31 68
31 0 0 0 33 30 21
32 0 0 0 11 24 38
33 0 0 0 64 31 20
34 0 0 0 12 35 47
35 0 0 0 34 36 51
36 0 0 0 35 37 55
37 0 0 0 36 38 110
38 0 0 0 39 37 32
39 0 0 0 38 40 113
40 0 0 0 39 41 43
41 0 0 0 28 40 42
42 0 0 0 23 27 41
43 0 0 0 40 44 113
44 0 0 0 43 45 76
45 0 0 0 44 46 71
46 0 0 0 68 45 29
47 0 0 0 13 34 51
48 0 0 0 25 49 59
49 0 0 0 48 50 83
50 0 0 0 49 51 52
51 0 0 0 50 47 35
52 0 0 0 50 53 85
53 0 0 0 52 54 106
54 0 0 0 53 55 105
55 0 0 0 110 54 36
56 0 0 0 16 57 63
57 0 0 0 56 58 77
58 0 0 0 57 59 82
59 0 0 0 83 58 48
60 0 0 0 26 61 67
61 0 0 0 60 62 75
62 0 0 0 61 63 86
63 0 0 0 77 62 56
64 0 0 0 65 33 19
65 0 0 0 64 66 70
66 0 0 0 65 67 90
67 0 0 0 75 66 60
68 0 0 0 69 46 30
69 0 0 0 68 70 74
70 0 0 0 90 69 65
71 0 0 0 45 72 76
72 0 0 0 71 73 116
73 0 0 0 72 74 97
74 0 0 0 93 73 69
75 0 0 0 86 67 61
76 0 0 0 44 71 116
77 0 0 0 78 63 57
78 0 0 0 77 79 89
79 0 0 0 78 80 98
80 0 0 0 79 81 96
81 0 0 0 80 82 84
82 0 0 0 83 81 58
83 0 0 0 82 59 49
84 0 0 0 81 85 96
85 0 0 0 106 84 52
86 0 0 0 87 75 62
87 0 0 0 86 88 92
88 0 0 0 87 89 99
89 0 0 0 98 88 78
90 0 0 0 91 70 66
91 0 0 0 90 92 95
92 0 0 0 124 91 87
93 0 0 0 74 94 97
94 0 0 0 93 95 125
95 0 0 0 124 94 91
96 0 0 0 80 84 102
97 0 0 0 73 93 128
98 0 0 0 99 89 79
99 0 0 0 88 98 100
100 0 0 0 99 101 126
101 0 0 0 100 102 121
102 0 0 0 103 101 96
103 0 0 0 102 104 118
104 0 0 0 103 105 107
105 0 0 0 54 104 106
106 0 0 0 105 85 53
107 0 0 0 104 108 118
108 0 0 0 107 109 117
109 0 0 0 108 110 111
110 0 0 0 109 55 37
111 0 0 0 109 112 117
112 0 0 0 111 113 114
113 0 0 0 39 43 112
114 0 0 0 112 115 117
115 0 0 0 114 116 120
116 0 0 0 115 76 72
117 0 0 0 108 111 114
118 0 0 0 103 107 119
119 0 0 0 118 120 123
120 0 0 0 127 119 115
121 0 0 0 101 122 126
122 0 0 0 121 123 128
123 0 0 0 127 122 119
124 0 0 0 125 95 92
125 0 0 0 94 124 126
126 0 0 0 100 121 125
127 0 0 0 128 123 120
128 0 0 0 97 122 127
0
