>>writegraph3d planar <<
1 0 0 0 2 4 5
2 0 0 0 6 3 1
3 0 0 0 9 4 2
4 0 0 0 1 3 10
5 0 0 0 7 6 1
6 0 0 0 2 5 8
7 0 0 0 24 11 5
8 0 0 0 6 14 15
9 0 0 0 3 17 18
10 0 0 0 4 21 22
11 0 0 0 28 12 7
12 0 0 0 66 13 11
13 0 0 0 33 14 12
14 0 0 0 8 13 25
15 0 0 0 25 16 8
16 0 0 0 34 17 15
17 0 0 0 9 16 26
18 0 0 0 26 19 9
19 0 0 0 42 20 18
20 0 0 0 49 21 19
21 0 0 0 10 20 27
22 0 0 0 27 23 10
23 0 0 0 58 24 22
24 0 0 0 7 23 28
25 0 0 0 29 15 14
26 0 0 0 38 18 17
27 0 0 0 50 22 21
28 0 0 0 11 24 62
29 0 0 0 25 30 37
30 0 0 0 29 31 46
31 0 0 0 30 32 176
32 0 0 0 31 33 70
33 0 0 0 66 32 13
34 0 0 0 16 35 41
35 0 0 0 34 36 47
36 0 0 0 35 37 173
37 0 0 0 46 36 29
38 0 0 0 26 39 45
39 0 0 0 38 40 48
40 0 0 0 39 41 170
41 0 0 0 47 40 34
42 0 0 0 19 43 49
43 0 0 0 42 44 57
44 0 0 0 43 45 145
45 0 0 0 48 44 38
46 0 0 0 173 37 30
47 0 0 0 170 41 35
48 0 0 0 148 45 39
49 0 0 0 20 42 53
50 0 0 0 27 51 61
51 0 0 0 50 52 77
52 0 0 0 51 53 74
53 0 0 0 54 52 49
54 0 0 0 53 55 74
55 0 0 0 54 56 85
56 0 0 0 55 57 102
57 0 0 0 145 56 43
58 0 0 0 23 59 65
59 0 0 0 58 60 76
60 0 0 0 59 61 78
61 0 0 0 77 60 50
62 0 0 0 28 63 69
63 0 0 0 62 64 75
64 0 0 0 63 65 86
65 0 0 0 76 64 58
66 0 0 0 67 33 12
67 0 0 0 66 68 73
68 0 0 0 67 69 92
69 0 0 0 75 68 62
70 0 0 0 32 71 176
71 0 0 0 70 72 101
72 0 0 0 71 73 96
73 0 0 0 92 72 67
74 0 0 0 52 54 81
75 0 0 0 89 69 63
76 0 0 0 86 65 59
77 0 0 0 78 61 51
78 0 0 0 60 77 79
79 0 0 0 78 80 88
80 0 0 0 79 81 103
81 0 0 0 82 80 74
82 0 0 0 81 83 103
83 0 0 0 82 84 114
84 0 0 0 83 85 137
85 0 0 0 102 84 55
86 0 0 0 64 76 87
87 0 0 0 86 88 91
88 0 0 0 104 87 79
89 0 0 0 75 90 95
90 0 0 0 89 91 100
91 0 0 0 104 90 87
92 0 0 0 93 73 68
93 0 0 0 92 94 99
94 0 0 0 93 95 119
95 0 0 0 100 94 89
96 0 0 0 72 97 101
97 0 0 0 96 98 187
98 0 0 0 97 99 127
99 0 0 0 119 98 93
100 0 0 0 108 95 90
101 0 0 0 71 96 179
102 0 0 0 141 85 56
103 0 0 0 80 82 107
104 0 0 0 105 91 88
105 0 0 0 104 106 110
106 0 0 0 105 107 115
107 0 0 0 111 106 103
108 0 0 0 100 109 122
109 0 0 0 108 110 116
110 0 0 0 115 109 105
111 0 0 0 107 112 115
112 0 0 0 111 113 118
113 0 0 0 112 114 149
114 0 0 0 137 113 83
115 0 0 0 111 110 106
116 0 0 0 109 117 122
117 0 0 0 116 118 126
118 0 0 0 149 117 112
119 0 0 0 120 99 94
120 0 0 0 119 121 130
121 0 0 0 120 122 123
122 0 0 0 108 116 121
123 0 0 0 121 124 130
124 0 0 0 123 125 134
125 0 0 0 124 126 135
126 0 0 0 153 125 117
127 0 0 0 98 128 187
128 0 0 0 127 129 136
129 0 0 0 128 130 131
130 0 0 0 120 123 129
131 0 0 0 129 132 136
132 0 0 0 131 133 198
133 0 0 0 132 134 156
134 0 0 0 135 133 124
135 0 0 0 153 134 125
136 0 0 0 128 131 190
137 0 0 0 138 114 84
138 0 0 0 137 139 152
139 0 0 0 138 140 162
140 0 0 0 139 141 166
141 0 0 0 142 140 102
142 0 0 0 141 143 166
143 0 0 0 142 144 183
144 0 0 0 143 145 146
145 0 0 0 144 57 44
146 0 0 0 144 147 183
147 0 0 0 146 148 194
148 0 0 0 167 147 48
149 0 0 0 150 118 113
150 0 0 0 149 151 155
151 0 0 0 150 152 159
152 0 0 0 162 151 138
153 0 0 0 154 135 126
154 0 0 0 153 155 158
155 0 0 0 159 154 150
156 0 0 0 133 157 198
157 0 0 0 156 158 160
158 0 0 0 159 157 154
159 0 0 0 158 155 151
160 0 0 0 157 161 201
161 0 0 0 160 162 163
162 0 0 0 161 152 139
163 0 0 0 161 164 201
164 0 0 0 163 165 205
165 0 0 0 164 166 180
166 0 0 0 140 142 165
167 0 0 0 148 168 194
168 0 0 0 167 169 217
169 0 0 0 168 170 171
170 0 0 0 40 47 169
171 0 0 0 169 172 217
172 0 0 0 171 173 174
173 0 0 0 36 46 172
174 0 0 0 172 175 220
175 0 0 0 174 176 177
176 0 0 0 31 70 175
177 0 0 0 175 178 220
178 0 0 0 177 179 224
179 0 0 0 184 178 101
180 0 0 0 165 181 205
181 0 0 0 180 182 234
182 0 0 0 181 183 191
183 0 0 0 143 146 182
184 0 0 0 179 185 224
185 0 0 0 184 186 210
186 0 0 0 185 187 188
187 0 0 0 97 127 186
188 0 0 0 186 189 210
189 0 0 0 188 190 207
190 0 0 0 195 189 136
191 0 0 0 182 192 234
192 0 0 0 191 193 228
193 0 0 0 192 194 214
194 0 0 0 147 167 193
195 0 0 0 190 196 207
196 0 0 0 195 197 206
197 0 0 0 196 198 199
198 0 0 0 132 156 197
199 0 0 0 197 200 206
200 0 0 0 199 201 202
201 0 0 0 160 163 200
202 0 0 0 200 203 206
203 0 0 0 202 204 209
204 0 0 0 203 205 231
205 0 0 0 164 180 204
206 0 0 0 196 199 202
207 0 0 0 189 195 208
208 0 0 0 207 209 213
209 0 0 0 231 208 203
210 0 0 0 185 188 211
211 0 0 0 210 212 227
212 0 0 0 211 213 240
213 0 0 0 237 212 208
214 0 0 0 193 215 228
215 0 0 0 214 216 225
216 0 0 0 215 217 218
217 0 0 0 168 171 216
218 0 0 0 216 219 225
219 0 0 0 218 220 221
220 0 0 0 174 177 219
221 0 0 0 219 222 225
222 0 0 0 221 223 230
223 0 0 0 222 224 226
224 0 0 0 178 184 223
225 0 0 0 215 218 221
226 0 0 0 223 227 230
227 0 0 0 240 226 211
228 0 0 0 192 214 229
229 0 0 0 228 230 236
230 0 0 0 222 226 229
231 0 0 0 232 209 204
232 0 0 0 231 233 239
233 0 0 0 232 234 235
234 0 0 0 181 191 233
235 0 0 0 233 236 239
236 0 0 0 238 235 229
237 0 0 0 213 238 240
238 0 0 0 236 237 239
239 0 0 0 232 235 238
240 0 0 0 237 227 212
0
