>>writegraph3d planar <<
1 0 0 0 2 4 5
2 0 0 0 6 3 1
3 0 0 0 9 4 2
4 0 0 0 1 3 10
5 0 0 0 7 6 1
6 0 0 0 2 5 8
7 0 0 0 23 11 5
8 0 0 0 6 14 15
9 0 0 0 3 17 18
10 0 0 0 4 20 21
11 0 0 0 27 12 7
12 0 0 0 32 13 11
13 0 0 0 41 14 12
14 0 0 0 8 13 24
15 0 0 0 24 16 8
16 0 0 0 37 17 15
17 0 0 0 9 16 25
18 0 0 0 25 19 9
19 0 0 0 33 18
20 0 0 0 10 26
21 0 0 0 26 22 10
22 0 0 0 46 23 21
23 0 0 0 7 22 31
24 0 0 0 41 15 14
25 0 0 0 33 18 17
26 0 0 0 46 21 20
27 0 0 0 11 28 32
28 0 0 0 27 29 52
29 0 0 0 28 30 56
30 0 0 0 29 31 60
31 0 0 0 57 30 23
32 0 0 0 12 27 52
33 0 0 0 19 25 34
34 0 0 0 33 35 45
35 0 0 0 34 36 71
36 0 0 0 35 37 70
37 0 0 0 38 36 16
38 0 0 0 37 39 78
39 0 0 0 38 40 79
40 0 0 0 39 41 50
41 0 0 0 40 24 13
42 0 0 0 43 49
43 0 0 0 42 44 67
44 0 0 0 43 45 66
45 0 0 0 71 44 34
46 0 0 0 22 26 47
47 0 0 0 46 48 59
48 0 0 0 47 49 64
49 0 0 0 67 48 42
50 0 0 0 40 51 79
51 0 0 0 50 52 53
52 0 0 0 51 32 28
53 0 0 0 51 54 73
54 0 0 0 53 55 72
55 0 0 0 54 56 61
56 0 0 0 60 55 29
57 0 0 0 31 58 60
58 0 0 0 57 59 63
59 0 0 0 64 58 47
60 0 0 0 57 56 30
61 0 0 0 55 62 72
62 0 0 0 61 63 65
63 0 0 0 64 62 58
64 0 0 0 63 59 48
65 0 0 0 62 66 68
66 0 0 0 44 65 67
67 0 0 0 66 49 43
68 0 0 0 65 69 75
69 0 0 0 68 70 76
70 0 0 0 36 69 71
71 0 0 0 70 45 35
72 0 0 0 54 61 73
73 0 0 0 53 72 74
74 0 0 0 73 75 77
75 0 0 0 76 74 68
76 0 0 0 77 75 69
77 0 0 0 74 76 78
78 0 0 0 79 77 38
79 0 0 0 39 50 78
0
