>>writegraph3d planar <<
1 0 0 0 2 4 5
2 0 0 0 6 3 1
3 0 0 0 9 4 2
4 0 0 0 1 3 10
5 0 0 0 7 6 1
6 0 0 0 2 5 8
7 0 0 0 24 11 5
8 0 0 0 6 14 15
9 0 0 0 3 17 18
10 0 0 0 4 21 22
11 0 0 0 28 12 7
12 0 0 0 33 13 11
13 0 0 0 46 14 12
14 0 0 0 8 13 25
15 0 0 0 25 16 8
16 0 0 0 42 17 15
17 0 0 0 9 16 26
18 0 0 0 26 19 9
19 0 0 0 34 20 18
20 0 0 0 91 21 19
21 0 0 0 10 20 27
22 0 0 0 27 23 10
23 0 0 0 84 24 22
24 0 0 0 7 23 32
25 0 0 0 46 15 14
26 0 0 0 38 18 17
27 0 0 0 87 22 21
28 0 0 0 11 29 33
29 0 0 0 28 30 53
30 0 0 0 29 31 56
31 0 0 0 30 32 73
32 0 0 0 84 31 24
33 0 0 0 12 28 49
34 0 0 0 19 35 91
35 0 0 0 34 36 95
36 0 0 0 35 37 77
37 0 0 0 36 38 55
38 0 0 0 39 37 26
39 0 0 0 38 40 55
40 0 0 0 39 41 58
41 0 0 0 40 42 57
42 0 0 0 43 41 16
43 0 0 0 42 44 57
44 0 0 0 43 45 54
45 0 0 0 44 46 47
46 0 0 0 45 25 13
47 0 0 0 45 48 54
48 0 0 0 47 49 65
49 0 0 0 50 48 33
50 0 0 0 49 51 65
51 0 0 0 50 52 64
52 0 0 0 51 53 69
53 0 0 0 56 52 29
54 0 0 0 44 47 61
55 0 0 0 37 39 74
56 0 0 0 73 53 30
57 0 0 0 41 43 58
58 0 0 0 40 57 59
59 0 0 0 58 60 76
60 0 0 0 59 61 105
61 0 0 0 62 60 54
62 0 0 0 61 63 104
63 0 0 0 62 64 66
64 0 0 0 51 63 65
65 0 0 0 48 50 64
66 0 0 0 63 67 104
67 0 0 0 66 68 108
68 0 0 0 67 69 103
69 0 0 0 70 68 52
70 0 0 0 69 71 103
71 0 0 0 70 72 138
72 0 0 0 71 73 81
73 0 0 0 72 56 31
74 0 0 0 55 75 80
75 0 0 0 74 76 102
76 0 0 0 105 75 59
77 0 0 0 36 78 95
78 0 0 0 77 79 99
79 0 0 0 78 80 119
80 0 0 0 102 79 74
81 0 0 0 72 82 138
82 0 0 0 81 83 101
83 0 0 0 82 84 85
84 0 0 0 83 32 23
85 0 0 0 83 86 101
86 0 0 0 85 87 145
87 0 0 0 88 86 27
88 0 0 0 87 89 145
89 0 0 0 88 90 100
90 0 0 0 89 91 92
91 0 0 0 20 34 90
92 0 0 0 90 93 100
93 0 0 0 92 94 152
94 0 0 0 93 95 96
95 0 0 0 35 77 94
96 0 0 0 94 97 152
97 0 0 0 96 98 156
98 0 0 0 97 99 127
99 0 0 0 119 98 78
100 0 0 0 89 92 148
101 0 0 0 82 85 141
102 0 0 0 109 80 75
103 0 0 0 68 70 114
104 0 0 0 62 66 108
105 0 0 0 106 76 60
106 0 0 0 105 107 111
107 0 0 0 106 108 112
108 0 0 0 107 104 67
109 0 0 0 102 110 122
110 0 0 0 109 111 115
111 0 0 0 112 110 106
112 0 0 0 113 111 107
113 0 0 0 112 114 118
114 0 0 0 135 113 103
115 0 0 0 110 116 122
116 0 0 0 115 117 126
117 0 0 0 116 118 165
118 0 0 0 135 117 113
119 0 0 0 120 99 79
120 0 0 0 119 121 130
121 0 0 0 120 122 123
122 0 0 0 109 115 121
123 0 0 0 121 124 130
124 0 0 0 123 125 134
125 0 0 0 124 126 206
126 0 0 0 165 125 116
127 0 0 0 98 128 156
128 0 0 0 127 129 160
129 0 0 0 128 130 131
130 0 0 0 120 123 129
131 0 0 0 129 132 160
132 0 0 0 131 133 159
133 0 0 0 132 134 164
134 0 0 0 206 133 124
135 0 0 0 136 118 114
136 0 0 0 135 137 168
137 0 0 0 136 138 139
138 0 0 0 71 81 137
139 0 0 0 137 140 168
140 0 0 0 139 141 172
141 0 0 0 142 140 101
142 0 0 0 141 143 172
143 0 0 0 142 144 176
144 0 0 0 143 145 146
145 0 0 0 86 88 144
146 0 0 0 144 147 176
147 0 0 0 146 148 180
148 0 0 0 149 147 100
149 0 0 0 148 150 180
150 0 0 0 149 151 184
151 0 0 0 150 152 153
152 0 0 0 93 96 151
153 0 0 0 151 154 184
154 0 0 0 153 155 183
155 0 0 0 154 156 157
156 0 0 0 97 127 155
157 0 0 0 155 158 187
158 0 0 0 157 159 161
159 0 0 0 132 158 160
160 0 0 0 128 131 159
161 0 0 0 158 162 187
162 0 0 0 161 163 186
163 0 0 0 162 164 191
164 0 0 0 202 163 133
165 0 0 0 166 126 117
166 0 0 0 165 167 203
167 0 0 0 166 168 169
168 0 0 0 136 139 167
169 0 0 0 167 170 203
170 0 0 0 169 171 196
171 0 0 0 170 172 173
172 0 0 0 140 142 171
173 0 0 0 171 174 196
174 0 0 0 173 175 195
175 0 0 0 174 176 177
176 0 0 0 143 146 175
177 0 0 0 175 178 195
178 0 0 0 177 179 192
179 0 0 0 178 180 181
180 0 0 0 147 149 179
181 0 0 0 179 182 188
182 0 0 0 181 183 185
183 0 0 0 154 182 184
184 0 0 0 150 153 183
185 0 0 0 182 186 188
186 0 0 0 162 185 187
187 0 0 0 157 161 186
188 0 0 0 181 185 189
189 0 0 0 188 190 194
190 0 0 0 189 191 199
191 0 0 0 202 190 163
192 0 0 0 178 193 195
193 0 0 0 192 194 198
194 0 0 0 199 193 189
195 0 0 0 174 177 192
196 0 0 0 170 173 197
197 0 0 0 196 198 200
198 0 0 0 199 197 193
199 0 0 0 198 194 190
200 0 0 0 197 201 205
201 0 0 0 200 202 208
202 0 0 0 201 191 164
203 0 0 0 166 169 204
204 0 0 0 203 205 207
205 0 0 0 208 204 200
206 0 0 0 207 134 125
207 0 0 0 208 206 204
208 0 0 0 207 205 201
0
