>>writegraph3d planar <<
1 0 0 0 2 4 5
2 0 0 0 6 3 1
3 0 0 0 9 4 2
4 0 0 0 1 3 10
5 0 0 0 7 6 1
6 0 0 0 2 5 8
7 0 0 0 24 11 5
8 0 0 0 6 14 15
9 0 0 0 3 17 18
10 0 0 0 4 21 22
11 0 0 0 32 12 7
12 0 0 0 38 13 11
13 0 0 0 51 14 12
14 0 0 0 8 13 25
15 0 0 0 25 16 8
16 0 0 0 39 17 15
17 0 0 0 9 16 30
18 0 0 0 26 19 9
19 0 0 0 37 20 18
20 0 0 0 90 21 19
21 0 0 0 10 20 31
22 0 0 0 31 23 10
23 0 0 0 86 24 22
24 0 0 0 7 23 36
25 0 0 0 43 15 14
26 0 0 0 18 27 37
27 0 0 0 26 28 79
28 0 0 0 27 29 56
29 0 0 0 28 30 44
30 0 0 0 39 29 17
31 0 0 0 89 22 21
32 0 0 0 11 33 38
33 0 0 0 32 34 54
34 0 0 0 33 35 57
35 0 0 0 34 36 70
36 0 0 0 86 35 24
37 0 0 0 19 26 90
38 0 0 0 12 32 51
39 0 0 0 40 30 16
40 0 0 0 39 41 47
41 0 0 0 40 42 71
42 0 0 0 41 43 55
43 0 0 0 48 42 25
44 0 0 0 29 45 56
45 0 0 0 44 46 75
46 0 0 0 45 47 72
47 0 0 0 71 46 40
48 0 0 0 43 49 55
49 0 0 0 48 50 58
50 0 0 0 49 51 52
51 0 0 0 13 38 50
52 0 0 0 50 53 58
53 0 0 0 52 54 66
54 0 0 0 57 53 33
55 0 0 0 42 48 59
56 0 0 0 28 44 79
57 0 0 0 70 54 34
58 0 0 0 49 52 62
59 0 0 0 55 60 74
60 0 0 0 59 61 128
61 0 0 0 60 62 97
62 0 0 0 63 61 58
63 0 0 0 62 64 97
64 0 0 0 63 65 117
65 0 0 0 64 66 96
66 0 0 0 67 65 53
67 0 0 0 66 68 96
68 0 0 0 67 69 114
69 0 0 0 68 70 83
70 0 0 0 69 57 35
71 0 0 0 72 47 41
72 0 0 0 46 71 73
73 0 0 0 72 74 78
74 0 0 0 126 73 59
75 0 0 0 45 76 82
76 0 0 0 75 77 98
77 0 0 0 76 78 125
78 0 0 0 126 77 73
79 0 0 0 27 56 80
80 0 0 0 79 81 92
81 0 0 0 80 82 103
82 0 0 0 98 81 75
83 0 0 0 69 84 114
84 0 0 0 83 85 95
85 0 0 0 84 86 87
86 0 0 0 85 36 23
87 0 0 0 85 88 95
88 0 0 0 87 89 104
89 0 0 0 93 88 31
90 0 0 0 20 37 91
91 0 0 0 90 92 94
92 0 0 0 103 91 80
93 0 0 0 89 94 104
94 0 0 0 99 93 91
95 0 0 0 84 87 105
96 0 0 0 65 67 117
97 0 0 0 61 63 128
98 0 0 0 109 82 76
99 0 0 0 94 100 104
100 0 0 0 99 101 106
101 0 0 0 100 102 110
102 0 0 0 101 103 107
103 0 0 0 102 92 81
104 0 0 0 88 93 99
105 0 0 0 95 106 111
106 0 0 0 110 105 100
107 0 0 0 102 108 110
108 0 0 0 107 109 113
109 0 0 0 123 108 98
110 0 0 0 107 106 101
111 0 0 0 105 112 116
112 0 0 0 111 113 120
113 0 0 0 123 112 108
114 0 0 0 68 83 115
115 0 0 0 114 116 119
116 0 0 0 120 115 111
117 0 0 0 64 96 118
118 0 0 0 117 119 121
119 0 0 0 120 118 115
120 0 0 0 119 116 112
121 0 0 0 118 122 127
122 0 0 0 121 123 124
123 0 0 0 122 113 109
124 0 0 0 122 125 127
125 0 0 0 126 124 77
126 0 0 0 125 78 74
127 0 0 0 121 124 128
128 0 0 0 60 97 127
0
