>>writegraph3d planar <<
1 0 0 0 2 4 5
2 0 0 0 6 3 1
3 0 0 0 9 4 2
4 0 0 0 1 3 10
5 0 0 0 7 6 1
6 0 0 0 2 5 8
7 0 0 0 24 11 5
8 0 0 0 6 14 15
9 0 0 0 3 17 18
10 0 0 0 4 21 22
11 0 0 0 28 12 7
12 0 0 0 33 13 11
13 0 0 0 42 14 12
14 0 0 0 8 13 25
15 0 0 0 25 16 8
16 0 0 0 38 17 15
17 0 0 0 9 16 26
18 0 0 0 26 19 9
19 0 0 0 34 20 18
20 0 0 0 43 21 19
21 0 0 0 10 20 27
22 0 0 0 27 23 10
23 0 0 0 58 24 22
24 0 0 0 7 23 32
25 0 0 0 42 15 14
26 0 0 0 34 18 17
27 0 0 0 47 22 21
28 0 0 0 11 29 33
29 0 0 0 28 30 57
30 0 0 0 29 31 62
31 0 0 0 30 32 59
32 0 0 0 58 31 24
33 0 0 0 12 28 53
34 0 0 0 19 26 35
35 0 0 0 34 36 46
36 0 0 0 35 37 90
37 0 0 0 36 38 71
38 0 0 0 39 37 16
39 0 0 0 38 40 71
40 0 0 0 39 41 102
41 0 0 0 40 42 51
42 0 0 0 41 25 13
43 0 0 0 20 44 50
44 0 0 0 43 45 73
45 0 0 0 44 46 89
46 0 0 0 90 45 35
47 0 0 0 27 48 61
48 0 0 0 47 49 74
49 0 0 0 48 50 85
50 0 0 0 73 49 43
51 0 0 0 41 52 102
52 0 0 0 51 53 70
53 0 0 0 54 52 33
54 0 0 0 53 55 70
55 0 0 0 54 56 105
56 0 0 0 55 57 66
57 0 0 0 62 56 29
58 0 0 0 59 32 23
59 0 0 0 31 58 60
60 0 0 0 59 61 65
61 0 0 0 74 60 47
62 0 0 0 63 57 30
63 0 0 0 62 64 69
64 0 0 0 63 65 72
65 0 0 0 75 64 60
66 0 0 0 56 67 110
67 0 0 0 66 68 109
68 0 0 0 67 69 79
69 0 0 0 72 68 63
70 0 0 0 52 54 105
71 0 0 0 37 39 92
72 0 0 0 75 69 64
73 0 0 0 85 50 44
74 0 0 0 78 61 48
75 0 0 0 76 72 65
76 0 0 0 75 77 81
77 0 0 0 76 78 86
78 0 0 0 82 77 74
79 0 0 0 68 80 109
80 0 0 0 79 81 93
81 0 0 0 86 80 76
82 0 0 0 78 83 86
83 0 0 0 82 84 95
84 0 0 0 83 85 87
85 0 0 0 49 73 84
86 0 0 0 82 81 77
87 0 0 0 84 88 95
88 0 0 0 87 89 91
89 0 0 0 90 88 45
90 0 0 0 89 46 36
91 0 0 0 88 92 98
92 0 0 0 99 91 71
93 0 0 0 80 94 106
94 0 0 0 93 95 96
95 0 0 0 83 87 94
96 0 0 0 94 97 106
97 0 0 0 96 98 100
98 0 0 0 99 97 91
99 0 0 0 100 98 92
100 0 0 0 97 99 101
101 0 0 0 100 102 103
102 0 0 0 40 51 101
103 0 0 0 101 104 108
104 0 0 0 103 105 112
105 0 0 0 104 70 55
106 0 0 0 93 96 107
107 0 0 0 106 108 111
108 0 0 0 112 107 103
109 0 0 0 67 79 110
110 0 0 0 66 109 111
111 0 0 0 112 110 107
112 0 0 0 111 108 104
0
