>>writegraph3d planar <<
1 0 0 0 2 4 5
2 0 0 0 6 3 1
3 0 0 0 9 4 2
4 0 0 0 1 3 10
5 0 0 0 7 6 1
6 0 0 0 2 5 8
7 0 0 0 24 11 5
8 0 0 0 6 14 15
9 0 0 0 3 17 18
10 0 0 0 4 21 22
11 0 0 0 28 12 7
12 0 0 0 33 13 11
13 0 0 0 46 14 12
14 0 0 0 8 13 25
15 0 0 0 25 16 8
16 0 0 0 42 17 15
17 0 0 0 9 16 26
18 0 0 0 26 19 9
19 0 0 0 34 20 18
20 0 0 0 109 21 19
21 0 0 0 10 20 27
22 0 0 0 27 23 10
23 0 0 0 103 24 22
24 0 0 0 7 23 32
25 0 0 0 46 15 14
26 0 0 0 38 18 17
27 0 0 0 105 22 21
28 0 0 0 11 29 33
29 0 0 0 28 30 53
30 0 0 0 29 31 56
31 0 0 0 30 32 102
32 0 0 0 103 31 24
33 0 0 0 12 28 49
34 0 0 0 19 35 109
35 0 0 0 34 36 113
36 0 0 0 35 37 72
37 0 0 0 36 38 55
38 0 0 0 39 37 26
39 0 0 0 38 40 55
40 0 0 0 39 41 58
41 0 0 0 40 42 57
42 0 0 0 43 41 16
43 0 0 0 42 44 57
44 0 0 0 43 45 54
45 0 0 0 44 46 47
46 0 0 0 45 25 13
47 0 0 0 45 48 54
48 0 0 0 47 49 64
49 0 0 0 50 48 33
50 0 0 0 49 51 64
51 0 0 0 50 52 68
52 0 0 0 51 53 96
53 0 0 0 56 52 29
54 0 0 0 44 47 60
55 0 0 0 37 39 69
56 0 0 0 98 53 30
57 0 0 0 41 43 58
58 0 0 0 40 57
59 0 0 0 60 81
60 0 0 0 61 59 54
61 0 0 0 60 62 81
62 0 0 0 61 63 76
63 0 0 0 62 64 65
64 0 0 0 48 50 63
65 0 0 0 63 66 80
66 0 0 0 65 67 92
67 0 0 0 66 68 95
68 0 0 0 96 67 51
69 0 0 0 55 70 75
70 0 0 0 69 71 84
71 0 0 0 82 70
72 0 0 0 36 73 113
73 0 0 0 72 74 112
74 0 0 0 73 75 85
75 0 0 0 84 74 69
76 0 0 0 62 77 81
77 0 0 0 76 78 83
78 0 0 0 77 79 87
79 0 0 0 78 80 91
80 0 0 0 92 79 65
81 0 0 0 59 61 76
82 0 0 0 71 83 84
83 0 0 0 87 82 77
84 0 0 0 82 75 70
85 0 0 0 74 86 116
86 0 0 0 85 87 88
87 0 0 0 86 83 78
88 0 0 0 86 89 116
89 0 0 0 88 90 120
90 0 0 0 89 91 93
91 0 0 0 92 90 79
92 0 0 0 91 80 66
93 0 0 0 90 94 120
94 0 0 0 93 95 97
95 0 0 0 96 94 67
96 0 0 0 95 68 52
97 0 0 0 94 98 127
98 0 0 0 99 97 56
99 0 0 0 98 100 127
100 0 0 0 99 101 125
101 0 0 0 100 102 104
102 0 0 0 103 101 31
103 0 0 0 102 32 23
104 0 0 0 101 105 124
105 0 0 0 106 104 27
106 0 0 0 105 107 124
107 0 0 0 106 108 122
108 0 0 0 107 109 110
109 0 0 0 20 34 108
110 0 0 0 108 111 121
111 0 0 0 110 112 114
112 0 0 0 73 111 113
113 0 0 0 35 72 112
114 0 0 0 111 115 121
115 0 0 0 114 116 117
116 0 0 0 85 88 115
117 0 0 0 115 118 121
118 0 0 0 117 119 123
119 0 0 0 118 120 126
120 0 0 0 89 93 119
121 0 0 0 110 114 117
122 0 0 0 107 123 124
123 0 0 0 126 122 118
124 0 0 0 104 106 122
125 0 0 0 100 126 127
126 0 0 0 125 123 119
127 0 0 0 97 99 125
0
