>>writegraph3d planar <<
1 0 0 0 2 4 5
2 0 0 0 6 3 1
3 0 0 0 9 4 2
4 0 0 0 1 3 10
5 0 0 0 7 6 1
6 0 0 0 2 5 8
7 0 0 0 24 11 5
8 0 0 0 6 14 15
9 0 0 0 3 17 18
10 0 0 0 4 21 22
11 0 0 0 28 12 7
12 0 0 0 33 13 11
13 0 0 0 46 14 12
14 0 0 0 8 13 25
15 0 0 0 25 16 8
16 0 0 0 42 17 15
17 0 0 0 9 16 26
18 0 0 0 26 19 9
19 0 0 0 34 20 18
20 0 0 0 103 21 19
21 0 0 0 10 20 27
22 0 0 0 27 23 10
23 0 0 0 95 24 22
24 0 0 0 7 23 32
25 0 0 0 46 15 14
26 0 0 0 38 18 17
27 0 0 0 99 22 21
28 0 0 0 11 29 33
29 0 0 0 28 30 53
30 0 0 0 29 31 56
31 0 0 0 30 32 107
32 0 0 0 95 31 24
33 0 0 0 12 28 49
34 0 0 0 19 35 103
35 0 0 0 34 36 94
36 0 0 0 35 37 74
37 0 0 0 36 38 55
38 0 0 0 39 37 26
39 0 0 0 38 40 55
40 0 0 0 39 41 70
41 0 0 0 40 42 57
42 0 0 0 43 41 16
43 0 0 0 42 44 57
44 0 0 0 43 45 54
45 0 0 0 44 46 47
46 0 0 0 45 25 13
47 0 0 0 45 48 54
48 0 0 0 47 49 65
49 0 0 0 50 48 33
50 0 0 0 49 51 65
51 0 0 0 50 52 69
52 0 0 0 51 53 111
53 0 0 0 56 52 29
54 0 0 0 44 47 61
55 0 0 0 37 39 70
56 0 0 0 107 53 30
57 0 0 0 41 43 58
58 0 0 0 57 59 73
59 0 0 0 58 60 83
60 0 0 0 59 61 77
61 0 0 0 62 60 54
62 0 0 0 61 63 77
63 0 0 0 62 64 89
64 0 0 0 63 65 66
65 0 0 0 48 50 64
66 0 0 0 64 67 89
67 0 0 0 66 68 88
68 0 0 0 67 69 93
69 0 0 0 111 68 51
70 0 0 0 71 55 40
71 0 0 0 70 72 76
72 0 0 0 71 73 82
73 0 0 0 83 72 58
74 0 0 0 36 75 94
75 0 0 0 74 76 120
76 0 0 0 78 75 71
77 0 0 0 60 62 85
78 0 0 0 76 79 120
79 0 0 0 78 80 119
80 0 0 0 79 81 124
81 0 0 0 80 82 84
82 0 0 0 83 81 72
83 0 0 0 82 73 59
84 0 0 0 81 85 124
85 0 0 0 86 84 77
86 0 0 0 85 87 127
87 0 0 0 86 88 90
88 0 0 0 67 87 89
89 0 0 0 63 66 88
90 0 0 0 87 91 127
91 0 0 0 90 92 126
92 0 0 0 91 93 131
93 0 0 0 114 92 68
94 0 0 0 35 74 106
95 0 0 0 96 32 23
96 0 0 0 95 97 110
97 0 0 0 96 98 139
98 0 0 0 97 99 142
99 0 0 0 100 98 27
100 0 0 0 99 101 142
101 0 0 0 100 102 152
102 0 0 0 101 103 104
103 0 0 0 20 34 102
104 0 0 0 102 105 152
105 0 0 0 104 106 149
106 0 0 0 117 105 94
107 0 0 0 108 56 31
108 0 0 0 107 109 113
109 0 0 0 108 110 138
110 0 0 0 139 109 96
111 0 0 0 112 69 52
112 0 0 0 111 113 116
113 0 0 0 136 112 108
114 0 0 0 93 115 131
115 0 0 0 114 116 135
116 0 0 0 136 115 112
117 0 0 0 106 118 143
118 0 0 0 117 119 121
119 0 0 0 79 118 120
120 0 0 0 75 78 119
121 0 0 0 118 122 143
122 0 0 0 121 123 128
123 0 0 0 122 124 125
124 0 0 0 80 84 123
125 0 0 0 123 126 128
126 0 0 0 91 125 127
127 0 0 0 86 90 126
128 0 0 0 122 125 129
129 0 0 0 128 130 146
130 0 0 0 129 131 132
131 0 0 0 92 114 130
132 0 0 0 130 133 146
133 0 0 0 132 134 140
134 0 0 0 133 135 137
135 0 0 0 136 134 115
136 0 0 0 135 116 113
137 0 0 0 134 138 140
138 0 0 0 139 137 109
139 0 0 0 138 110 97
140 0 0 0 133 137 141
141 0 0 0 140 142 148
142 0 0 0 98 100 141
143 0 0 0 117 121 144
144 0 0 0 143 145 151
145 0 0 0 144 146 147
146 0 0 0 129 132 145
147 0 0 0 145 148 151
148 0 0 0 150 147 141
149 0 0 0 105 150 152
150 0 0 0 148 149 151
151 0 0 0 144 147 150
152 0 0 0 101 104 149
0
