>>writegraph3d planar <<
1 0 0 0 2 4 5
2 0 0 0 6 3 1
3 0 0 0 9 4 2
4 0 0 0 1 3 10
5 0 0 0 7 6 1
6 0 0 0 2 5 8
7 0 0 0 24 11 5
8 0 0 0 6 14 15
9 0 0 0 3 17 18
10 0 0 0 4 21 22
11 0 0 0 28 12 7
12 0 0 0 37 13 11
13 0 0 0 29 14 12
14 0 0 0 8 13 25
15 0 0 0 25 16 8
16 0 0 0 30 17 15
17 0 0 0 9 16 26
18 0 0 0 26 19 9
19 0 0 0 38 20 18
20 0 0 0 46 21 19
21 0 0 0 10 20 27
22 0 0 0 27 23 10
23 0 0 0 53 24 22
24 0 0 0 7 23 28
25 0 0 0 29 15 14
26 0 0 0 38 18 17
27 0 0 0 54 22 21
28 0 0 0 11 24 45
29 0 0 0 33 25 13
30 0 0 0 16 31 41
31 0 0 0 30 32 61
32 0 0 0 31 33 67
33 0 0 0 34 32 29
34 0 0 0 33 35 67
35 0 0 0 34 36 71
36 0 0 0 35 37 66
37 0 0 0 42 36 12
38 0 0 0 19 26 39
39 0 0 0 38 40 49
40 0 0 0 39 41 75
41 0 0 0 61 40 30
42 0 0 0 37 43 66
43 0 0 0 42 44 74
44 0 0 0 43 45 65
45 0 0 0 50 44 28
46 0 0 0 20 47 57
47 0 0 0 46 48 62
48 0 0 0 47 49 76
49 0 0 0 75 48 39
50 0 0 0 45 51 65
51 0 0 0 50 52 81
52 0 0 0 51 53 64
53 0 0 0 58 52 23
54 0 0 0 27 55 60
55 0 0 0 54 56 63
56 0 0 0 55 57 88
57 0 0 0 62 56 46
58 0 0 0 53 59 64
59 0 0 0 58 60 87
60 0 0 0 63 59 54
61 0 0 0 68 41 31
62 0 0 0 82 57 47
63 0 0 0 88 60 55
64 0 0 0 52 58 87
65 0 0 0 44 50 81
66 0 0 0 36 42 74
67 0 0 0 32 34 71
68 0 0 0 61 69 78
69 0 0 0 68 70 103
70 0 0 0 69 71 72
71 0 0 0 70 67 35
72 0 0 0 70 73 103
73 0 0 0 72 74 79
74 0 0 0 73 66 43
75 0 0 0 76 49 40
76 0 0 0 48 75 77
77 0 0 0 76 78 84
78 0 0 0 99 77 68
79 0 0 0 73 80 100
80 0 0 0 79 81 85
81 0 0 0 80 65 51
82 0 0 0 62 83 91
83 0 0 0 82 84 97
84 0 0 0 99 83 77
85 0 0 0 80 86 100
86 0 0 0 85 87 92
87 0 0 0 86 64 59
88 0 0 0 89 63 56
89 0 0 0 88 90 92
90 0 0 0 89 91 98
91 0 0 0 93 90 82
92 0 0 0 86 89 98
93 0 0 0 91 94 98
94 0 0 0 93 95 101
95 0 0 0 94 96 104
96 0 0 0 95 97 102
97 0 0 0 99 96 83
98 0 0 0 93 92 90
99 0 0 0 97 84 78
100 0 0 0 79 85 101
101 0 0 0 104 100 94
102 0 0 0 96 103 104
103 0 0 0 69 72 102
104 0 0 0 102 101 95
0
