>>writegraph3d planar <<
1 0 0 0 2 4 5
2 0 0 0 6 3 1
3 0 0 0 9 4 2
4 0 0 0 1 3 10
5 0 0 0 7 6 1
6 0 0 0 2 5 8
7 0 0 0 24 11 5
8 0 0 0 6 14 15
9 0 0 0 3 17 18
10 0 0 0 4 21 22
11 0 0 0 32 12 7
12 0 0 0 38 13 11
13 0 0 0 51 14 12
14 0 0 0 8 13 25
15 0 0 0 25 16 8
16 0 0 0 39 17 15
17 0 0 0 9 16 30
18 0 0 0 26 19 9
19 0 0 0 37 20 18
20 0 0 0 73 21 19
21 0 0 0 10 20 31
22 0 0 0 31 23 10
23 0 0 0 65 24 22
24 0 0 0 7 23 36
25 0 0 0 43 15 14
26 0 0 0 18 27 37
27 0 0 0 26 28 76
28 0 0 0 27 29 44
29 0 0 0 28 30 40
30 0 0 0 39 29 17
31 0 0 0 69 22 21
32 0 0 0 11 33 38
33 0 0 0 32 34 54
34 0 0 0 33 35 63
35 0 0 0 34 36 66
36 0 0 0 65 35 24
37 0 0 0 19 26 73
38 0 0 0 12 32 51
39 0 0 0 40 30 16
40 0 0 0 29 39 41
41 0 0 0 40 42 47
42 0 0 0 41 43 60
43 0 0 0 48 42 25
44 0 0 0 28 45 76
45 0 0 0 44 46 80
46 0 0 0 45 47 81
47 0 0 0 61 46 41
48 0 0 0 43 49 60
49 0 0 0 48 50 55
50 0 0 0 49 51 52
51 0 0 0 13 38 50
52 0 0 0 50 53 59
53 0 0 0 52 54 88
54 0 0 0 63 53 33
55 0 0 0 49 56 60
56 0 0 0 55 57 62
57 0 0 0 56 58 64
58 0 0 0 57 59 87
59 0 0 0 88 58 52
60 0 0 0 42 48 55
61 0 0 0 47 62 81
62 0 0 0 64 61 56
63 0 0 0 90 54 34
64 0 0 0 83 62 57
65 0 0 0 66 36 23
66 0 0 0 35 65 67
67 0 0 0 66 68 92
68 0 0 0 67 69 104
69 0 0 0 70 68 31
70 0 0 0 69 71 104
71 0 0 0 70 72 102
72 0 0 0 71 73 74
73 0 0 0 20 37 72
74 0 0 0 72 75 101
75 0 0 0 74 76 77
76 0 0 0 27 44 75
77 0 0 0 75 78 101
78 0 0 0 77 79 99
79 0 0 0 78 80 82
80 0 0 0 81 79 45
81 0 0 0 46 61 80
82 0 0 0 79 83 98
83 0 0 0 84 82 64
84 0 0 0 83 85 98
85 0 0 0 84 86 93
86 0 0 0 85 87 89
87 0 0 0 88 86 58
88 0 0 0 87 59 53
89 0 0 0 86 90 97
90 0 0 0 91 89 63
91 0 0 0 90 92 97
92 0 0 0 96 91 67
93 0 0 0 85 94 98
94 0 0 0 93 95 100
95 0 0 0 94 96 103
96 0 0 0 92 95 97
97 0 0 0 89 91 96
98 0 0 0 82 84 93
99 0 0 0 78 100 101
100 0 0 0 103 99 94
101 0 0 0 74 77 99
102 0 0 0 71 103 104
103 0 0 0 102 100 95
104 0 0 0 68 70 102
0
