>>writegraph3d planar <<
1 0 0 0 2 4 5
2 0 0 0 6 3 1
3 0 0 0 9 4 2
4 0 0 0 1 3 10
5 0 0 0 7 6 1
6 0 0 0 2 5 8
7 0 0 0 24 11 5
8 0 0 0 6 14 15
9 0 0 0 3 17 18
10 0 0 0 4 21 22
11 0 0 0 28 12 7
12 0 0 0 33 13 11
13 0 0 0 46 14 12
14 0 0 0 8 13 25
15 0 0 0 25 16 8
16 0 0 0 42 17 15
17 0 0 0 9 16 26
18 0 0 0 26 19 9
19 0 0 0 34 20 18
20 0 0 0 102 21 19
21 0 0 0 10 20 27
22 0 0 0 27 23 10
23 0 0 0 94 24 22
24 0 0 0 7 23 32
25 0 0 0 46 15 14
26 0 0 0 38 18 17
27 0 0 0 98 22 21
28 0 0 0 11 29 33
29 0 0 0 28 30 53
30 0 0 0 29 31 56
31 0 0 0 30 32 106
32 0 0 0 94 31 24
33 0 0 0 12 28 49
34 0 0 0 19 35 102
35 0 0 0 34 36 93
36 0 0 0 35 37 73
37 0 0 0 36 38 55
38 0 0 0 39 37 26
39 0 0 0 38 40 55
40 0 0 0 39 41 70
41 0 0 0 40 42 57
42 0 0 0 43 41 16
43 0 0 0 42 44 57
44 0 0 0 43 45 54
45 0 0 0 44 46 47
46 0 0 0 45 25 13
47 0 0 0 45 48 54
48 0 0 0 47 49 65
49 0 0 0 50 48 33
50 0 0 0 49 51 65
51 0 0 0 50 52 69
52 0 0 0 51 53 110
53 0 0 0 56 52 29
54 0 0 0 44 47 61
55 0 0 0 37 39 70
56 0 0 0 106 53 30
57 0 0 0 41 43 58
58 0 0 0 57 59 72
59 0 0 0 58 60 82
60 0 0 0 59 61 76
61 0 0 0 62 60 54
62 0 0 0 61 63 76
63 0 0 0 62 64 88
64 0 0 0 63 65 66
65 0 0 0 48 50 64
66 0 0 0 64 67 88
67 0 0 0 66 68 87
68 0 0 0 67 69 92
69 0 0 0 110 68 51
70 0 0 0 55 40
71 0 0 0 72 81
72 0 0 0 82 71 58
73 0 0 0 36 74 93
74 0 0 0 73 75 119
75 0 0 0 77 74
76 0 0 0 60 62 84
77 0 0 0 75 78 119
78 0 0 0 77 79 118
79 0 0 0 78 80 123
80 0 0 0 79 81 83
81 0 0 0 82 80 71
82 0 0 0 81 72 59
83 0 0 0 80 84 123
84 0 0 0 85 83 76
85 0 0 0 84 86 126
86 0 0 0 85 87 89
87 0 0 0 67 86 88
88 0 0 0 63 66 87
89 0 0 0 86 90 126
90 0 0 0 89 91 125
91 0 0 0 90 92 130
92 0 0 0 113 91 68
93 0 0 0 35 73 105
94 0 0 0 95 32 23
95 0 0 0 94 96 109
96 0 0 0 95 97 138
97 0 0 0 96 98 141
98 0 0 0 99 97 27
99 0 0 0 98 100 141
100 0 0 0 99 101 151
101 0 0 0 100 102 103
102 0 0 0 20 34 101
103 0 0 0 101 104 151
104 0 0 0 103 105 148
105 0 0 0 116 104 93
106 0 0 0 107 56 31
107 0 0 0 106 108 112
108 0 0 0 107 109 137
109 0 0 0 138 108 95
110 0 0 0 111 69 52
111 0 0 0 110 112 115
112 0 0 0 135 111 107
113 0 0 0 92 114 130
114 0 0 0 113 115 134
115 0 0 0 135 114 111
116 0 0 0 105 117 142
117 0 0 0 116 118 120
118 0 0 0 78 117 119
119 0 0 0 74 77 118
120 0 0 0 117 121 142
121 0 0 0 120 122 127
122 0 0 0 121 123 124
123 0 0 0 79 83 122
124 0 0 0 122 125 127
125 0 0 0 90 124 126
126 0 0 0 85 89 125
127 0 0 0 121 124 128
128 0 0 0 127 129 145
129 0 0 0 128 130 131
130 0 0 0 91 113 129
131 0 0 0 129 132 145
132 0 0 0 131 133 139
133 0 0 0 132 134 136
134 0 0 0 135 133 114
135 0 0 0 134 115 112
136 0 0 0 133 137 139
137 0 0 0 138 136 108
138 0 0 0 137 109 96
139 0 0 0 132 136 140
140 0 0 0 139 141 147
141 0 0 0 97 99 140
142 0 0 0 116 120 143
143 0 0 0 142 144 150
144 0 0 0 143 145 146
145 0 0 0 128 131 144
146 0 0 0 144 147 150
147 0 0 0 149 146 140
148 0 0 0 104 149 151
149 0 0 0 147 148 150
150 0 0 0 143 146 149
151 0 0 0 100 103 148
0
