>>writegraph3d planar <<
1 0 0 0 2 4 5
2 0 0 0 6 3 1
3 0 0 0 9 4 2
4 0 0 0 1 3 10
5 0 0 0 7 6 1
6 0 0 0 2 5 8
7 0 0 0 23 11 5
8 0 0 0 6 14 15
9 0 0 0 3 17 18
10 0 0 0 4 21 22
11 0 0 0 27 12 7
12 0 0 0 65 13 11
13 0 0 0 32 14 12
14 0 0 0 8 13 24
15 0 0 0 24 16 8
16 0 0 0 33 17 15
17 0 0 0 9 16 25
18 0 0 0 25 19 9
19 0 0 0 41 20 18
20 0 0 0 48 21 19
21 0 0 0 10 20 26
22 0 0 0 26 10
23 0 0 0 7 27
24 0 0 0 28 15 14
25 0 0 0 37 18 17
26 0 0 0 49 22 21
27 0 0 0 11 23 61
28 0 0 0 24 29 36
29 0 0 0 28 30 45
30 0 0 0 29 31 142
31 0 0 0 30 32 69
32 0 0 0 65 31 13
33 0 0 0 16 34 40
34 0 0 0 33 35 46
35 0 0 0 34 36 155
36 0 0 0 45 35 28
37 0 0 0 25 38 44
38 0 0 0 37 39 47
39 0 0 0 38 40 154
40 0 0 0 46 39 33
41 0 0 0 19 42 48
42 0 0 0 41 43 56
43 0 0 0 42 44 151
44 0 0 0 47 43 37
45 0 0 0 145 36 29
46 0 0 0 155 40 34
47 0 0 0 154 44 38
48 0 0 0 20 41 52
49 0 0 0 26 50 60
50 0 0 0 49 51 76
51 0 0 0 50 52 73
52 0 0 0 53 51 48
53 0 0 0 52 54 73
54 0 0 0 53 55 84
55 0 0 0 54 56 101
56 0 0 0 151 55 42
57 0 0 0 58 64
58 0 0 0 57 59 75
59 0 0 0 58 60 77
60 0 0 0 76 59 49
61 0 0 0 27 62 68
62 0 0 0 61 63 74
63 0 0 0 62 64 88
64 0 0 0 75 63 57
65 0 0 0 66 32 12
66 0 0 0 65 67 72
67 0 0 0 66 68 92
68 0 0 0 74 67 61
69 0 0 0 31 70 142
70 0 0 0 69 71 100
71 0 0 0 70 72 95
72 0 0 0 92 71 66
73 0 0 0 51 53 80
74 0 0 0 88 68 62
75 0 0 0 85 64 58
76 0 0 0 77 60 50
77 0 0 0 59 76 78
78 0 0 0 77 79 87
79 0 0 0 78 80 102
80 0 0 0 81 79 73
81 0 0 0 80 82 106
82 0 0 0 81 83 119
83 0 0 0 82 84 127
84 0 0 0 101 83 54
85 0 0 0 75 86 91
86 0 0 0 85 87 99
87 0 0 0 102 86 78
88 0 0 0 89 74 63
89 0 0 0 88 90 94
90 0 0 0 89 91 110
91 0 0 0 99 90 85
92 0 0 0 93 72 67
93 0 0 0 92 94 98
94 0 0 0 110 93 89
95 0 0 0 71 96 100
96 0 0 0 95 97 139
97 0 0 0 96 98 118
98 0 0 0 114 97 93
99 0 0 0 107 91 86
100 0 0 0 70 95 139
101 0 0 0 134 84 55
102 0 0 0 103 87 79
103 0 0 0 102 104 109
104 0 0 0 103 105 120
105 0 0 0 104 106 124
106 0 0 0 119 105 81
107 0 0 0 99 108 113
108 0 0 0 107 109 117
109 0 0 0 120 108 103
110 0 0 0 111 94 90
111 0 0 0 110 112 116
112 0 0 0 111 113 128
113 0 0 0 117 112 107
114 0 0 0 98 115 118
115 0 0 0 114 116 135
116 0 0 0 128 115 111
117 0 0 0 121 113 108
118 0 0 0 97 114 135
119 0 0 0 127 106 82
120 0 0 0 124 109 104
121 0 0 0 117 122 131
122 0 0 0 121 123 182
123 0 0 0 122 124 125
124 0 0 0 123 120 105
125 0 0 0 123 126 178
126 0 0 0 125 127 132
127 0 0 0 126 119 83
128 0 0 0 129 116 112
129 0 0 0 128 130 138
130 0 0 0 129 131 161
131 0 0 0 182 130 121
132 0 0 0 126 133 178
133 0 0 0 132 134 160
134 0 0 0 148 133 101
135 0 0 0 136 118 115
136 0 0 0 135 137 141
137 0 0 0 136 138 190
138 0 0 0 161 137 129
139 0 0 0 140 100 96
140 0 0 0 139 141 144
141 0 0 0 190 140 136
142 0 0 0 30 69 143
143 0 0 0 142 144 147
144 0 0 0 198 143 140
145 0 0 0 45 146 158
146 0 0 0 145 147 162
147 0 0 0 198 146 143
148 0 0 0 134 149 160
149 0 0 0 148 150 168
150 0 0 0 149 151 152
151 0 0 0 150 56 43
152 0 0 0 150 153 168
153 0 0 0 152 154 159
154 0 0 0 153 47 39
155 0 0 0 156 46 35
156 0 0 0 155 157 159
157 0 0 0 156 158 163
158 0 0 0 162 157 145
159 0 0 0 153 156 163
160 0 0 0 133 148 171
161 0 0 0 185 138 130
162 0 0 0 167 158 146
163 0 0 0 164 159 157
164 0 0 0 163 165 170
165 0 0 0 164 166 174
166 0 0 0 165 167 177
167 0 0 0 196 166 162
168 0 0 0 149 152 169
169 0 0 0 168 170 173
170 0 0 0 174 169 164
171 0 0 0 160 172 181
172 0 0 0 171 173 175
173 0 0 0 174 172 169
174 0 0 0 173 170 165
175 0 0 0 172 176 181
176 0 0 0 175 177 189
177 0 0 0 196 176 166
178 0 0 0 125 132 179
179 0 0 0 178 180 184
180 0 0 0 179 181 188
181 0 0 0 171 175 180
182 0 0 0 183 131 122
183 0 0 0 182 184 187
184 0 0 0 188 183 179
185 0 0 0 161 186 193
186 0 0 0 185 187 189
187 0 0 0 188 186 183
188 0 0 0 187 184 180
189 0 0 0 193 186 176
190 0 0 0 191 141 137
191 0 0 0 190 192 199
192 0 0 0 191 193 194
193 0 0 0 185 189 192
194 0 0 0 192 195 199
195 0 0 0 194 196 197
196 0 0 0 195 177 167
197 0 0 0 195 198 199
198 0 0 0 197 147 144
199 0 0 0 191 194 197
0
