>>writegraph3d planar <<
1 0 0 0 2 4 5
2 0 0 0 6 3 1
3 0 0 0 9 4 2
4 0 0 0 1 3 10
5 0 0 0 7 6 1
6 0 0 0 2 5 8
7 0 0 0 24 11 5
8 0 0 0 6 14 15
9 0 0 0 3 17 18
10 0 0 0 4 21 22
11 0 0 0 28 12 7
12 0 0 0 66 13 11
13 0 0 0 33 14 12
14 0 0 0 8 13 25
15 0 0 0 25 16 8
16 0 0 0 34 17 15
17 0 0 0 9 16 26
18 0 0 0 26 19 9
19 0 0 0 42 20 18
20 0 0 0 49 21 19
21 0 0 0 10 20 27
22 0 0 0 27 23 10
23 0 0 0 58 24 22
24 0 0 0 7 23 28
25 0 0 0 29 15 14
26 0 0 0 38 18 17
27 0 0 0 50 22 21
28 0 0 0 11 24 62
29 0 0 0 25 30 37
30 0 0 0 29 31 46
31 0 0 0 30 32 172
32 0 0 0 31 33 70
33 0 0 0 66 32 13
34 0 0 0 16 35 41
35 0 0 0 34 36 47
36 0 0 0 35 37 169
37 0 0 0 46 36 29
38 0 0 0 26 39 45
39 0 0 0 38 40 48
40 0 0 0 39 41 166
41 0 0 0 47 40 34
42 0 0 0 19 43 49
43 0 0 0 42 44 57
44 0 0 0 43 45 138
45 0 0 0 48 44 38
46 0 0 0 169 37 30
47 0 0 0 166 41 35
48 0 0 0 145 45 39
49 0 0 0 20 42 53
50 0 0 0 27 51 61
51 0 0 0 50 52 77
52 0 0 0 51 53 74
53 0 0 0 54 52 49
54 0 0 0 53 55 74
55 0 0 0 54 56 85
56 0 0 0 55 57 102
57 0 0 0 138 56 43
58 0 0 0 23 59 65
59 0 0 0 58 60 76
60 0 0 0 59 61 78
61 0 0 0 77 60 50
62 0 0 0 28 63 69
63 0 0 0 62 64 75
64 0 0 0 63 65 86
65 0 0 0 76 64 58
66 0 0 0 67 33 12
67 0 0 0 66 68 73
68 0 0 0 67 69 92
69 0 0 0 75 68 62
70 0 0 0 32 71 172
71 0 0 0 70 72 101
72 0 0 0 71 73 96
73 0 0 0 92 72 67
74 0 0 0 52 54 81
75 0 0 0 89 69 63
76 0 0 0 86 65 59
77 0 0 0 78 61 51
78 0 0 0 60 77 79
79 0 0 0 78 80 88
80 0 0 0 79 81 103
81 0 0 0 82 80 74
82 0 0 0 81 83 103
83 0 0 0 82 84 107
84 0 0 0 83 85 122
85 0 0 0 102 84 55
86 0 0 0 64 76 87
87 0 0 0 86 88 91
88 0 0 0 104 87 79
89 0 0 0 75 90 95
90 0 0 0 89 91 100
91 0 0 0 104 90 87
92 0 0 0 93 73 68
93 0 0 0 92 94 99
94 0 0 0 93 95 111
95 0 0 0 100 94 89
96 0 0 0 72 97 101
97 0 0 0 96 98 179
98 0 0 0 97 99 115
99 0 0 0 111 98 93
100 0 0 0 108 95 90
101 0 0 0 71 96 175
102 0 0 0 126 85 56
103 0 0 0 80 82 107
104 0 0 0 105 91 88
105 0 0 0 104 106 110
106 0 0 0 105 107 119
107 0 0 0 106 103 83
108 0 0 0 100 109 114
109 0 0 0 108 110 127
110 0 0 0 119 109 105
111 0 0 0 112 99 94
112 0 0 0 111 113 118
113 0 0 0 112 114 150
114 0 0 0 127 113 108
115 0 0 0 98 116 179
116 0 0 0 115 117 178
117 0 0 0 116 118 162
118 0 0 0 150 117 112
119 0 0 0 120 110 106
120 0 0 0 119 121 130
121 0 0 0 120 122 131
122 0 0 0 123 121 84
123 0 0 0 122 124 131
124 0 0 0 123 125 134
125 0 0 0 124 126 139
126 0 0 0 135 125 102
127 0 0 0 128 114 109
128 0 0 0 127 129 153
129 0 0 0 128 130 132
130 0 0 0 131 129 120
131 0 0 0 121 123 130
132 0 0 0 129 133 153
133 0 0 0 132 134 140
134 0 0 0 139 133 124
135 0 0 0 126 136 139
136 0 0 0 135 137 142
137 0 0 0 136 138 143
138 0 0 0 137 57 44
139 0 0 0 135 134 125
140 0 0 0 133 141 156
141 0 0 0 140 142 146
142 0 0 0 143 141 136
143 0 0 0 144 142 137
144 0 0 0 143 145 149
145 0 0 0 163 144 48
146 0 0 0 141 147 156
147 0 0 0 146 148 160
148 0 0 0 147 149 186
149 0 0 0 163 148 144
150 0 0 0 151 118 113
151 0 0 0 150 152 161
152 0 0 0 151 153 154
153 0 0 0 128 132 152
154 0 0 0 152 155 161
155 0 0 0 154 156 157
156 0 0 0 140 146 155
157 0 0 0 155 158 161
158 0 0 0 157 159 162
159 0 0 0 158 160 182
160 0 0 0 186 159 147
161 0 0 0 151 154 157
162 0 0 0 117 158 182
163 0 0 0 164 149 145
164 0 0 0 163 165 192
165 0 0 0 164 166 167
166 0 0 0 40 47 165
167 0 0 0 165 168 192
168 0 0 0 167 169 170
169 0 0 0 36 46 168
170 0 0 0 168 171 190
171 0 0 0 170 172 173
172 0 0 0 31 70 171
173 0 0 0 171 174 190
174 0 0 0 173 175 188
175 0 0 0 176 174 101
176 0 0 0 175 177 187
177 0 0 0 176 178 180
178 0 0 0 116 177 179
179 0 0 0 97 115 178
180 0 0 0 177 181 187
181 0 0 0 180 182 183
182 0 0 0 181 162 159
183 0 0 0 181 184 187
184 0 0 0 183 185 189
185 0 0 0 184 186 191
186 0 0 0 185 160 148
187 0 0 0 176 180 183
188 0 0 0 174 189 190
189 0 0 0 191 188 184
190 0 0 0 170 173 188
191 0 0 0 192 189 185
192 0 0 0 164 167 191
0
