>>writegraph3d planar <<
1 0 0 0 2 4 5
2 0 0 0 6 3 1
3 0 0 0 9 4 2
4 0 0 0 1 3 10
5 0 0 0 7 6 1
6 0 0 0 2 5 8
7 0 0 0 24 11 5
8 0 0 0 6 14 15
9 0 0 0 3 17 18
10 0 0 0 4 21 22
11 0 0 0 32 12 7
12 0 0 0 41 13 11
13 0 0 0 49 14 12
14 0 0 0 8 13 25
15 0 0 0 25 16 8
16 0 0 0 45 17 15
17 0 0 0 9 16 26
18 0 0 0 26 19 9
19 0 0 0 50 20 18
20 0 0 0 42 21 19
21 0 0 0 10 20 31
22 0 0 0 27 23 10
23 0 0 0 37 24 22
24 0 0 0 7 23 36
25 0 0 0 49 15 14
26 0 0 0 50 18 17
27 0 0 0 22 28 37
28 0 0 0 27 29 40
29 0 0 0 28 30 43
30 0 0 0 29 31 70
31 0 0 0 42 30 21
32 0 0 0 11 33 41
33 0 0 0 32 34 63
34 0 0 0 33 35 44
35 0 0 0 34 36 38
36 0 0 0 37 35 24
37 0 0 0 23 27 36
38 0 0 0 35 39 44
39 0 0 0 38 40 66
40 0 0 0 43 39 28
41 0 0 0 12 32 56
42 0 0 0 57 31 20
43 0 0 0 70 40 29
44 0 0 0 34 38 63
45 0 0 0 16 46 53
46 0 0 0 45 47 75
47 0 0 0 46 48 102
48 0 0 0 47 49 54
49 0 0 0 48 25 13
50 0 0 0 19 26 51
51 0 0 0 50 52 59
52 0 0 0 51 53 88
53 0 0 0 75 52 45
54 0 0 0 48 55 102
55 0 0 0 54 56 74
56 0 0 0 60 55 41
57 0 0 0 42 58 72
58 0 0 0 57 59 76
59 0 0 0 88 58 51
60 0 0 0 56 61 74
61 0 0 0 60 62 92
62 0 0 0 61 63 64
63 0 0 0 33 44 62
64 0 0 0 62 65 92
65 0 0 0 64 66 73
66 0 0 0 67 65 39
67 0 0 0 66 68 73
68 0 0 0 67 69 77
69 0 0 0 68 70 71
70 0 0 0 69 43 30
71 0 0 0 69 72 77
72 0 0 0 76 71 57
73 0 0 0 65 67 82
74 0 0 0 55 60 96
75 0 0 0 91 53 46
76 0 0 0 81 72 58
77 0 0 0 68 71 78
78 0 0 0 77 79 84
79 0 0 0 78 80 134
80 0 0 0 79 81 106
81 0 0 0 85 80 76
82 0 0 0 73 83 95
83 0 0 0 82 84 107
84 0 0 0 134 83 78
85 0 0 0 81 86 106
86 0 0 0 85 87 124
87 0 0 0 86 88 89
88 0 0 0 87 59 52
89 0 0 0 87 90 124
90 0 0 0 89 91 105
91 0 0 0 99 90 75
92 0 0 0 61 64 93
93 0 0 0 92 94 98
94 0 0 0 93 95 120
95 0 0 0 107 94 82
96 0 0 0 74 97 104
97 0 0 0 96 98 108
98 0 0 0 120 97 93
99 0 0 0 91 100 105
100 0 0 0 99 101 109
101 0 0 0 100 102 103
102 0 0 0 47 54 101
103 0 0 0 101 104 109
104 0 0 0 108 103 96
105 0 0 0 90 99 114
106 0 0 0 80 85 128
107 0 0 0 123 95 83
108 0 0 0 113 104 97
109 0 0 0 100 103 110
110 0 0 0 109 111 116
111 0 0 0 110 112 166
112 0 0 0 111 113 138
113 0 0 0 117 112 108
114 0 0 0 105 115 127
115 0 0 0 114 116 139
116 0 0 0 166 115 110
117 0 0 0 113 118 138
118 0 0 0 117 119 156
119 0 0 0 118 120 121
120 0 0 0 119 98 94
121 0 0 0 119 122 156
122 0 0 0 121 123 137
123 0 0 0 131 122 107
124 0 0 0 86 89 125
125 0 0 0 124 126 130
126 0 0 0 125 127 152
127 0 0 0 139 126 114
128 0 0 0 106 129 136
129 0 0 0 128 130 140
130 0 0 0 152 129 125
131 0 0 0 123 132 137
132 0 0 0 131 133 141
133 0 0 0 132 134 135
134 0 0 0 133 84 79
135 0 0 0 133 136 141
136 0 0 0 140 135 128
137 0 0 0 122 131 146
138 0 0 0 112 117 160
139 0 0 0 155 127 115
140 0 0 0 145 136 129
141 0 0 0 132 135 142
142 0 0 0 141 143 148
143 0 0 0 142 144 189
144 0 0 0 143 145 176
145 0 0 0 149 144 140
146 0 0 0 137 147 159
147 0 0 0 146 148 190
148 0 0 0 189 147 142
149 0 0 0 145 150 176
150 0 0 0 149 151 174
151 0 0 0 150 152 153
152 0 0 0 151 130 126
153 0 0 0 151 154 174
154 0 0 0 153 155 169
155 0 0 0 163 154 139
156 0 0 0 118 121 157
157 0 0 0 156 158 162
158 0 0 0 157 159 188
159 0 0 0 187 158 146
160 0 0 0 138 161 168
161 0 0 0 160 162 181
162 0 0 0 188 161 157
163 0 0 0 155 164 173
164 0 0 0 163 165 175
165 0 0 0 164 166 167
166 0 0 0 165 116 111
167 0 0 0 165 168 175
168 0 0 0 181 167 160
169 0 0 0 154 170 174
170 0 0 0 169 171 178
171 0 0 0 170 172 182
172 0 0 0 171 173 179
173 0 0 0 175 172 163
174 0 0 0 150 153 169
175 0 0 0 164 167 173
176 0 0 0 144 149 177
177 0 0 0 176 178 183
178 0 0 0 182 177 170
179 0 0 0 172 180 182
180 0 0 0 179 181 185
181 0 0 0 180 168 161
182 0 0 0 179 178 171
183 0 0 0 177 184 191
184 0 0 0 183 185 192
185 0 0 0 186 184 180
186 0 0 0 185 187 192
187 0 0 0 159 186 188
188 0 0 0 187 162 158
189 0 0 0 190 148 143
190 0 0 0 147 189 191
191 0 0 0 192 190 183
192 0 0 0 184 186 191
0
