>>writegraph3d planar <<
1 0 0 0 2 4 5
2 0 0 0 6 3 1
3 0 0 0 9 4 2
4 0 0 0 1 3 10
5 0 0 0 7 6 1
6 0 0 0 2 5 8
7 0 0 0 24 11 5
8 0 0 0 6 14 15
9 0 0 0 3 17 18
10 0 0 0 4 21 22
11 0 0 0 28 12 7
12 0 0 0 33 13 11
13 0 0 0 46 14 12
14 0 0 0 8 13 25
15 0 0 0 25 16 8
16 0 0 0 42 17 15
17 0 0 0 9 16 26
18 0 0 0 26 19 9
19 0 0 0 34 20 18
20 0 0 0 88 21 19
21 0 0 0 10 20 27
22 0 0 0 27 23 10
23 0 0 0 80 24 22
24 0 0 0 7 23 32
25 0 0 0 46 15 14
26 0 0 0 38 18 17
27 0 0 0 84 22 21
28 0 0 0 11 29 33
29 0 0 0 28 30 53
30 0 0 0 29 31 56
31 0 0 0 30 32 96
32 0 0 0 80 31 24
33 0 0 0 12 28 49
34 0 0 0 19 35 88
35 0 0 0 34 36 79
36 0 0 0 35 37 73
37 0 0 0 36 38 55
38 0 0 0 39 37 26
39 0 0 0 38 40 55
40 0 0 0 39 41 58
41 0 0 0 40 42 57
42 0 0 0 43 41 16
43 0 0 0 42 44 57
44 0 0 0 43 45 54
45 0 0 0 44 46 47
46 0 0 0 45 25 13
47 0 0 0 45 48 54
48 0 0 0 47 49 65
49 0 0 0 50 48 33
50 0 0 0 49 51 65
51 0 0 0 50 52 69
52 0 0 0 51 53 100
53 0 0 0 56 52 29
54 0 0 0 44 47 61
55 0 0 0 37 39 70
56 0 0 0 96 53 30
57 0 0 0 41 43 58
58 0 0 0 40 57 59
59 0 0 0 58 60 72
60 0 0 0 59 61 144
61 0 0 0 62 60 54
62 0 0 0 61 63 147
63 0 0 0 62 64 77
64 0 0 0 63 65 66
65 0 0 0 48 50 64
66 0 0 0 64 67 77
67 0 0 0 66 68 150
68 0 0 0 67 69 103
69 0 0 0 100 68 51
70 0 0 0 55 71 76
71 0 0 0 70 72 78
72 0 0 0 144 71 59
73 0 0 0 36 74 79
74 0 0 0 73 75 95
75 0 0 0 74 76 138
76 0 0 0 78 75 70
77 0 0 0 63 66 147
78 0 0 0 140 76 71
79 0 0 0 35 73 91
80 0 0 0 81 32 23
81 0 0 0 80 82 99
82 0 0 0 81 83 108
83 0 0 0 82 84 116
84 0 0 0 85 83 27
85 0 0 0 84 86 116
86 0 0 0 85 87 107
87 0 0 0 86 88 89
88 0 0 0 20 34 87
89 0 0 0 87 90 107
90 0 0 0 89 91 119
91 0 0 0 92 90 79
92 0 0 0 91 93 129
93 0 0 0 92 94 134
94 0 0 0 93 95 137
95 0 0 0 138 94 74
96 0 0 0 97 56 31
97 0 0 0 96 98 102
98 0 0 0 97 99 113
99 0 0 0 108 98 81
100 0 0 0 101 69 52
101 0 0 0 100 102 106
102 0 0 0 109 101 97
103 0 0 0 68 104 150
104 0 0 0 103 105 157
105 0 0 0 104 106 120
106 0 0 0 109 105 101
107 0 0 0 86 89 119
108 0 0 0 113 99 82
109 0 0 0 110 106 102
110 0 0 0 109 111 123
111 0 0 0 110 112 124
112 0 0 0 111 113 114
113 0 0 0 98 108 112
114 0 0 0 112 115 124
115 0 0 0 114 116 117
116 0 0 0 83 85 115
117 0 0 0 115 118 126
118 0 0 0 117 119 127
119 0 0 0 118 107 90
120 0 0 0 105 121 157
121 0 0 0 120 122 130
122 0 0 0 121 123 125
123 0 0 0 124 122 110
124 0 0 0 111 114 123
125 0 0 0 122 126 130
126 0 0 0 127 125 117
127 0 0 0 128 126 118
128 0 0 0 127 129 133
129 0 0 0 134 128 92
130 0 0 0 121 125 131
131 0 0 0 130 132 159
132 0 0 0 131 133 135
133 0 0 0 134 132 128
134 0 0 0 133 129 93
135 0 0 0 132 136 159
136 0 0 0 135 137 139
137 0 0 0 138 136 94
138 0 0 0 137 95 75
139 0 0 0 136 140 152
140 0 0 0 141 139 78
141 0 0 0 140 142 152
142 0 0 0 141 143 151
143 0 0 0 142 144 145
144 0 0 0 143 72 60
145 0 0 0 143 146 151
146 0 0 0 145 147 148
147 0 0 0 62 77 146
148 0 0 0 146 149 151
149 0 0 0 148 150 154
150 0 0 0 67 103 149
151 0 0 0 142 145 148
152 0 0 0 139 141 153
153 0 0 0 152 154 160
154 0 0 0 155 153 149
155 0 0 0 154 156 160
156 0 0 0 155 157 158
157 0 0 0 104 120 156
158 0 0 0 156 159 160
159 0 0 0 131 135 158
160 0 0 0 153 155 158
0
