>>writegraph3d planar <<
1 0 0 0 2 4 5
2 0 0 0 6 3 1
3 0 0 0 9 4 2
4 0 0 0 1 3 10
5 0 0 0 7 6 1
6 0 0 0 2 5 8
7 0 0 0 24 11 5
8 0 0 0 6 14 15
9 0 0 0 3 17 18
10 0 0 0 4 21 22
11 0 0 0 28 12 7
12 0 0 0 33 13 11
13 0 0 0 46 14 12
14 0 0 0 8 13 25
15 0 0 0 25 16 8
16 0 0 0 42 17 15
17 0 0 0 9 16 26
18 0 0 0 26 19 9
19 0 0 0 34 20 18
20 0 0 0 79 21 19
21 0 0 0 10 20 27
22 0 0 0 27 23 10
23 0 0 0 82 24 22
24 0 0 0 7 23 32
25 0 0 0 46 15 14
26 0 0 0 38 18 17
27 0 0 0 80 22 21
28 0 0 0 11 29 33
29 0 0 0 28 30 53
30 0 0 0 29 31 56
31 0 0 0 30 32 83
32 0 0 0 82 31 24
33 0 0 0 12 28 49
34 0 0 0 19 35 79
35 0 0 0 34 36 74
36 0 0 0 35 37 69
37 0 0 0 36 38 55
38 0 0 0 39 37 26
39 0 0 0 38 40 55
40 0 0 0 39 41 65
41 0 0 0 40 42 57
42 0 0 0 43 41 16
43 0 0 0 42 44 57
44 0 0 0 43 45 54
45 0 0 0 44 46 47
46 0 0 0 45 25 13
47 0 0 0 45 48 54
48 0 0 0 47 49 61
49 0 0 0 50 48 33
50 0 0 0 49 51 64
51 0 0 0 50 52 72
52 0 0 0 51 53 86
53 0 0 0 56 52 29
54 0 0 0 44 47 61
55 0 0 0 37 39 65
56 0 0 0 86 53 30
57 0 0 0 41 43 58
58 0 0 0 57 59 68
59 0 0 0 58 60 92
60 0 0 0 59 61 62
61 0 0 0 60 54 48
62 0 0 0 60 63 92
63 0 0 0 62 64 89
64 0 0 0 72 63 50
65 0 0 0 66 55 40
66 0 0 0 65 67 71
67 0 0 0 66 68 73
68 0 0 0 96 67 58
69 0 0 0 36 70 78
70 0 0 0 69 71 99
71 0 0 0 73 70 66
72 0 0 0 89 64 51
73 0 0 0 96 71 67
74 0 0 0 35 75 79
75 0 0 0 74 76 81
76 0 0 0 75 77 109
77 0 0 0 76 78 106
78 0 0 0 99 77 69
79 0 0 0 20 34 74
80 0 0 0 27 81 85
81 0 0 0 109 80 75
82 0 0 0 83 32 23
83 0 0 0 31 82 84
84 0 0 0 83 85 88
85 0 0 0 110 84 80
86 0 0 0 52 56 87
87 0 0 0 86 88 91
88 0 0 0 110 87 84
89 0 0 0 63 72 90
90 0 0 0 89 91 95
91 0 0 0 105 90 87
92 0 0 0 59 62 93
93 0 0 0 92 94 98
94 0 0 0 93 95 102
95 0 0 0 105 94 90
96 0 0 0 97 73 68
97 0 0 0 96 98 101
98 0 0 0 102 97 93
99 0 0 0 100 78 70
100 0 0 0 99 101 103
101 0 0 0 102 100 97
102 0 0 0 101 98 94
103 0 0 0 100 104 108
104 0 0 0 103 105 112
105 0 0 0 104 95 91
106 0 0 0 77 107 109
107 0 0 0 106 108 111
108 0 0 0 112 107 103
109 0 0 0 106 81 76
110 0 0 0 111 88 85
111 0 0 0 112 110 107
112 0 0 0 111 108 104
0
