>>writegraph3d planar <<
1 0 0 0 2 4 5
2 0 0 0 6 3 1
3 0 0 0 9 4 2
4 0 0 0 1 3 10
5 0 0 0 7 6 1
6 0 0 0 2 5 8
7 0 0 0 24 11 5
8 0 0 0 6 14 15
9 0 0 0 3 17 18
10 0 0 0 4 21 22
11 0 0 0 28 12 7
12 0 0 0 58 13 11
13 0 0 0 33 14 12
14 0 0 0 8 13 25
15 0 0 0 25 16 8
16 0 0 0 34 17 15
17 0 0 0 9 16 26
18 0 0 0 26 19 9
19 0 0 0 38 20 18
20 0 0 0 42 21 19
21 0 0 0 10 20 27
22 0 0 0 27 23 10
23 0 0 0 50 24 22
24 0 0 0 7 23 28
25 0 0 0 29 15 14
26 0 0 0 38 18 17
27 0 0 0 46 22 21
28 0 0 0 11 24 54
29 0 0 0 25 30 37
30 0 0 0 29 31 66
31 0 0 0 30 32 83
32 0 0 0 31 33 62
33 0 0 0 58 32 13
34 0 0 0 16 35 41
35 0 0 0 34 36 67
36 0 0 0 35 37 80
37 0 0 0 66 36 29
38 0 0 0 19 26 39
39 0 0 0 38 40 45
40 0 0 0 39 41 72
41 0 0 0 67 40 34
42 0 0 0 20 43 49
43 0 0 0 42 44 71
44 0 0 0 43 45 73
45 0 0 0 72 44 39
46 0 0 0 27 47 53
47 0 0 0 46 48 70
48 0 0 0 47 49 91
49 0 0 0 71 48 42
50 0 0 0 23 51 57
51 0 0 0 50 52 69
52 0 0 0 51 53 95
53 0 0 0 70 52 46
54 0 0 0 28 55 61
55 0 0 0 54 56 68
56 0 0 0 55 57 98
57 0 0 0 69 56 50
58 0 0 0 59 33 12
59 0 0 0 58 60 65
60 0 0 0 59 61 101
61 0 0 0 68 60 54
62 0 0 0 32 63 83
63 0 0 0 62 64 87
64 0 0 0 63 65 104
65 0 0 0 101 64 59
66 0 0 0 80 37 30
67 0 0 0 76 41 35
68 0 0 0 98 61 55
69 0 0 0 95 57 51
70 0 0 0 91 53 47
71 0 0 0 88 49 43
72 0 0 0 73 45 40
73 0 0 0 44 72 74
74 0 0 0 73 75 90
75 0 0 0 74 76 122
76 0 0 0 77 75 67
77 0 0 0 76 78 114
78 0 0 0 77 79 113
79 0 0 0 78 80 81
80 0 0 0 36 66 79
81 0 0 0 79 82 113
82 0 0 0 81 83 84
83 0 0 0 31 62 82
84 0 0 0 82 85 117
85 0 0 0 84 86 108
86 0 0 0 85 87 105
87 0 0 0 104 86 63
88 0 0 0 71 89 94
89 0 0 0 88 90 112
90 0 0 0 122 89 74
91 0 0 0 92 70 48
92 0 0 0 91 93 97
93 0 0 0 92 94 126
94 0 0 0 112 93 88
95 0 0 0 96 69 52
96 0 0 0 95 97 100
97 0 0 0 126 96 92
98 0 0 0 99 68 56
99 0 0 0 98 100 103
100 0 0 0 135 99 96
101 0 0 0 102 65 60
102 0 0 0 101 103 107
103 0 0 0 135 102 99
104 0 0 0 105 87 64
105 0 0 0 86 104 106
106 0 0 0 105 107 111
107 0 0 0 133 106 102
108 0 0 0 85 109 117
109 0 0 0 108 110 121
110 0 0 0 109 111 132
111 0 0 0 133 110 106
112 0 0 0 125 94 89
113 0 0 0 78 81 114
114 0 0 0 77 113 115
115 0 0 0 114 116 124
116 0 0 0 115 117 118
117 0 0 0 84 108 116
118 0 0 0 116 119 124
119 0 0 0 118 120 123
120 0 0 0 119 121 125
121 0 0 0 129 120 109
122 0 0 0 123 90 75
123 0 0 0 119 122 124
124 0 0 0 115 118 123
125 0 0 0 112 120 129
126 0 0 0 127 97 93
127 0 0 0 126 128 136
128 0 0 0 127 129 130
129 0 0 0 128 125 121
130 0 0 0 128 131 136
131 0 0 0 130 132 134
132 0 0 0 133 131 110
133 0 0 0 132 111 107
134 0 0 0 131 135 136
135 0 0 0 134 103 100
136 0 0 0 127 130 134
0
