>>writegraph3d planar <<
1 0 0 0 2 4 5
2 0 0 0 6 3 1
3 0 0 0 9 4 2
4 0 0 0 1 3 10
5 0 0 0 7 6 1
6 0 0 0 2 5 8
7 0 0 0 24 11 5
8 0 0 0 6 14 15
9 0 0 0 3 17 18
10 0 0 0 4 21 22
11 0 0 0 28 12 7
12 0 0 0 33 13 11
13 0 0 0 46 14 12
14 0 0 0 8 13 25
15 0 0 0 25 16 8
16 0 0 0 42 17 15
17 0 0 0 9 16 26
18 0 0 0 26 19 9
19 0 0 0 34 20 18
20 0 0 0 110 21 19
21 0 0 0 10 20 27
22 0 0 0 27 23 10
23 0 0 0 104 24 22
24 0 0 0 7 23 32
25 0 0 0 46 15 14
26 0 0 0 38 18 17
27 0 0 0 106 22 21
28 0 0 0 11 29 33
29 0 0 0 28 30 53
30 0 0 0 29 31 56
31 0 0 0 30 32 103
32 0 0 0 104 31 24
33 0 0 0 12 28 49
34 0 0 0 19 35 110
35 0 0 0 34 36 114
36 0 0 0 35 37 73
37 0 0 0 36 38 55
38 0 0 0 39 37 26
39 0 0 0 38 40 55
40 0 0 0 39 41 58
41 0 0 0 40 42 57
42 0 0 0 43 41 16
43 0 0 0 42 44 57
44 0 0 0 43 45 54
45 0 0 0 44 46 47
46 0 0 0 45 25 13
47 0 0 0 45 48 54
48 0 0 0 47 49 65
49 0 0 0 50 48 33
50 0 0 0 49 51 65
51 0 0 0 50 52 69
52 0 0 0 51 53 97
53 0 0 0 56 52 29
54 0 0 0 44 47 61
55 0 0 0 37 39 70
56 0 0 0 99 53 30
57 0 0 0 41 43 58
58 0 0 0 40 57 59
59 0 0 0 58 60 72
60 0 0 0 59 61 82
61 0 0 0 62 60 54
62 0 0 0 61 63 82
63 0 0 0 62 64 77
64 0 0 0 63 65 66
65 0 0 0 48 50 64
66 0 0 0 64 67 81
67 0 0 0 66 68 93
68 0 0 0 67 69 96
69 0 0 0 97 68 51
70 0 0 0 55 71 76
71 0 0 0 70 72 85
72 0 0 0 83 71 59
73 0 0 0 36 74 114
74 0 0 0 73 75 113
75 0 0 0 74 76 86
76 0 0 0 85 75 70
77 0 0 0 63 78 82
78 0 0 0 77 79 84
79 0 0 0 78 80 88
80 0 0 0 79 81 92
81 0 0 0 93 80 66
82 0 0 0 60 62 77
83 0 0 0 72 84 85
84 0 0 0 88 83 78
85 0 0 0 83 76 71
86 0 0 0 75 87 117
87 0 0 0 86 88 89
88 0 0 0 87 84 79
89 0 0 0 87 90 117
90 0 0 0 89 91 121
91 0 0 0 90 92 94
92 0 0 0 93 91 80
93 0 0 0 92 81 67
94 0 0 0 91 95 121
95 0 0 0 94 96 98
96 0 0 0 97 95 68
97 0 0 0 96 69 52
98 0 0 0 95 99 128
99 0 0 0 100 98 56
100 0 0 0 99 101 128
101 0 0 0 100 102 126
102 0 0 0 101 103 105
103 0 0 0 104 102 31
104 0 0 0 103 32 23
105 0 0 0 102 106 125
106 0 0 0 107 105 27
107 0 0 0 106 108 125
108 0 0 0 107 109 123
109 0 0 0 108 110 111
110 0 0 0 20 34 109
111 0 0 0 109 112 122
112 0 0 0 111 113 115
113 0 0 0 74 112 114
114 0 0 0 35 73 113
115 0 0 0 112 116 122
116 0 0 0 115 117 118
117 0 0 0 86 89 116
118 0 0 0 116 119 122
119 0 0 0 118 120 124
120 0 0 0 119 121 127
121 0 0 0 90 94 120
122 0 0 0 111 115 118
123 0 0 0 108 124 125
124 0 0 0 127 123 119
125 0 0 0 105 107 123
126 0 0 0 101 127 128
127 0 0 0 126 124 120
128 0 0 0 98 100 126
0
