>>writegraph3d planar <<
1 0 0 0 2 4 5
2 0 0 0 6 3 1
3 0 0 0 9 4 2
4 0 0 0 1 3 10
5 0 0 0 7 6 1
6 0 0 0 2 5 8
7 0 0 0 23 11 5
8 0 0 0 6 14 15
9 0 0 0 3 16 17
10 0 0 0 4 20 21
11 0 0 0 27 12 7
12 0 0 0 32 13 11
13 0 0 0 49 14 12
14 0 0 0 8 13 24
15 0 0 0 24 8
16 0 0 0 9 25
17 0 0 0 25 18 9
18 0 0 0 33 19 17
19 0 0 0 90 20 18
20 0 0 0 10 19 26
21 0 0 0 26 22 10
22 0 0 0 76 23 21
23 0 0 0 7 22 31
24 0 0 0 45 15 14
25 0 0 0 37 17 16
26 0 0 0 79 21 20
27 0 0 0 11 28 32
28 0 0 0 27 29 52
29 0 0 0 28 30 56
30 0 0 0 29 31 69
31 0 0 0 76 30 23
32 0 0 0 12 27 49
33 0 0 0 18 34 90
34 0 0 0 33 35 89
35 0 0 0 34 36 84
36 0 0 0 35 37 55
37 0 0 0 38 36 25
38 0 0 0 37 39 55
39 0 0 0 38 40 80
40 0 0 0 39 41 54
41 0 0 0 42 40
42 0 0 0 41 43 54
43 0 0 0 42 44 58
44 0 0 0 43 45 53
45 0 0 0 46 44 24
46 0 0 0 45 47 53
47 0 0 0 46 48 57
48 0 0 0 47 49 50
49 0 0 0 13 32 48
50 0 0 0 48 51 57
51 0 0 0 50 52 65
52 0 0 0 56 51 28
53 0 0 0 44 46 58
54 0 0 0 40 42 70
55 0 0 0 36 38 80
56 0 0 0 69 52 29
57 0 0 0 47 50 61
58 0 0 0 43 53 59
59 0 0 0 58 60 72
60 0 0 0 59 61 98
61 0 0 0 62 60 57
62 0 0 0 61 63 98
63 0 0 0 62 64 119
64 0 0 0 63 65 97
65 0 0 0 66 64 51
66 0 0 0 65 67 97
67 0 0 0 66 68 116
68 0 0 0 67 69 73
69 0 0 0 68 56 30
70 0 0 0 54 71 83
71 0 0 0 70 72 95
72 0 0 0 99 71 59
73 0 0 0 68 74 116
74 0 0 0 73 75 94
75 0 0 0 74 76 77
76 0 0 0 75 31 22
77 0 0 0 75 78 94
78 0 0 0 77 79 114
79 0 0 0 87 78 26
80 0 0 0 81 55 39
81 0 0 0 80 82 86
82 0 0 0 81 83 103
83 0 0 0 95 82 70
84 0 0 0 35 85 93
85 0 0 0 84 86 96
86 0 0 0 103 85 81
87 0 0 0 79 88 113
88 0 0 0 87 89 91
89 0 0 0 34 88 90
90 0 0 0 19 33 89
91 0 0 0 88 92 113
92 0 0 0 91 93 109
93 0 0 0 96 92 84
94 0 0 0 74 77 114
95 0 0 0 99 83 71
96 0 0 0 106 93 85
97 0 0 0 64 66 119
98 0 0 0 60 62 102
99 0 0 0 100 95 72
100 0 0 0 99 101 105
101 0 0 0 100 102 127
102 0 0 0 126 101 98
103 0 0 0 104 86 82
104 0 0 0 103 105 108
105 0 0 0 127 104 100
106 0 0 0 96 107 112
107 0 0 0 106 108 124
108 0 0 0 123 107 104
109 0 0 0 92 110 113
110 0 0 0 109 111 115
111 0 0 0 110 112 118
112 0 0 0 124 111 106
113 0 0 0 87 91 109
114 0 0 0 115 94 78
115 0 0 0 118 114 110
116 0 0 0 67 73 117
117 0 0 0 116 118 121
118 0 0 0 117 115 111
119 0 0 0 63 97 120
120 0 0 0 119 121 125
121 0 0 0 122 120 117
122 0 0 0 121 123 125
123 0 0 0 108 122 124
124 0 0 0 123 112 107
125 0 0 0 120 122 126
126 0 0 0 102 125 127
127 0 0 0 126 105 101
0
