>>writegraph3d planar <<
1 0 0 0 4 5
2 0 0 0 6 3
3 0 0 0 9 4 2
4 0 0 0 1 3 10
5 0 0 0 7 6 1
6 0 0 0 2 5 8
7 0 0 0 24 11 5
8 0 0 0 6 14 15
9 0 0 0 3 17 18
10 0 0 0 4 21 22
11 0 0 0 32 12 7
12 0 0 0 38 13 11
13 0 0 0 43 14 12
14 0 0 0 8 13 25
15 0 0 0 25 16 8
16 0 0 0 39 17 15
17 0 0 0 9 16 30
18 0 0 0 26 19 9
19 0 0 0 37 20 18
20 0 0 0 105 21 19
21 0 0 0 10 20 31
22 0 0 0 31 23 10
23 0 0 0 102 24 22
24 0 0 0 7 23 36
25 0 0 0 43 15 14
26 0 0 0 18 27 37
27 0 0 0 26 28 106
28 0 0 0 27 29 55
29 0 0 0 28 30 44
30 0 0 0 39 29 17
31 0 0 0 105 22 21
32 0 0 0 11 33 38
33 0 0 0 32 34 50
34 0 0 0 33 35 54
35 0 0 0 34 36 56
36 0 0 0 102 35 24
37 0 0 0 19 26 106
38 0 0 0 12 32 50
39 0 0 0 40 30 16
40 0 0 0 39 41 47
41 0 0 0 40 42 58
42 0 0 0 41 43 48
43 0 0 0 42 25 13
44 0 0 0 29 45 55
45 0 0 0 44 46 92
46 0 0 0 45 47 66
47 0 0 0 58 46 40
48 0 0 0 42 49 57
49 0 0 0 48 50 51
50 0 0 0 49 38 33
51 0 0 0 49 52 57
52 0 0 0 51 53 65
53 0 0 0 52 54 88
54 0 0 0 56 53 34
55 0 0 0 28 44 96
56 0 0 0 91 54 35
57 0 0 0 48 51 61
58 0 0 0 59 47 41
59 0 0 0 58 60 69
60 0 0 0 59 61 70
61 0 0 0 62 60 57
62 0 0 0 61 63 70
63 0 0 0 62 64 73
64 0 0 0 63 65 74
65 0 0 0 88 64 52
66 0 0 0 46 67 92
67 0 0 0 66 68 75
68 0 0 0 67 69 71
69 0 0 0 70 68 59
70 0 0 0 60 62 69
71 0 0 0 68 72 75
72 0 0 0 71 73 76
73 0 0 0 74 72 63
74 0 0 0 80 73 64
75 0 0 0 67 71 81
76 0 0 0 72 77 84
77 0 0 0 76 78 114
78 0 0 0 77 79 126
79 0 0 0 78 80 113
80 0 0 0 85 79 74
81 0 0 0 75 82 95
82 0 0 0 81 83 115
83 0 0 0 82 84 123
84 0 0 0 114 83 76
85 0 0 0 80 86 113
86 0 0 0 85 87 129
87 0 0 0 86 88 89
88 0 0 0 87 65 53
89 0 0 0 87 90 129
90 0 0 0 89 91 111
91 0 0 0 99 90 56
92 0 0 0 45 66 93
93 0 0 0 92 94 98
94 0 0 0 93 95 112
95 0 0 0 115 94 81
96 0 0 0 55 97 109
97 0 0 0 96 98 133
98 0 0 0 112 97 93
99 0 0 0 91 100 111
100 0 0 0 99 101 140
101 0 0 0 100 102 103
102 0 0 0 101 36 23
103 0 0 0 101 104 140
104 0 0 0 103 105 110
105 0 0 0 104 31 20
106 0 0 0 107 37 27
107 0 0 0 106 108 110
108 0 0 0 107 109 143
109 0 0 0 133 108 96
110 0 0 0 104 107 143
111 0 0 0 90 99 132
112 0 0 0 116 98 94
113 0 0 0 79 85 126
114 0 0 0 123 84 77
115 0 0 0 119 95 82
116 0 0 0 112 117 136
117 0 0 0 116 118 153
118 0 0 0 117 119 152
119 0 0 0 120 118 115
120 0 0 0 119 121 158
121 0 0 0 120 122 157
122 0 0 0 121 123 124
123 0 0 0 83 114 122
124 0 0 0 122 125 157
125 0 0 0 124 126 127
126 0 0 0 78 113 125
127 0 0 0 125 128 154
128 0 0 0 127 129 130
129 0 0 0 86 89 128
130 0 0 0 128 131 154
131 0 0 0 130 132 147
132 0 0 0 137 131 111
133 0 0 0 134 109 97
134 0 0 0 133 135 145
135 0 0 0 134 136 149
136 0 0 0 153 135 116
137 0 0 0 132 138 147
138 0 0 0 137 139 146
139 0 0 0 138 140 141
140 0 0 0 100 103 139
141 0 0 0 139 142 146
142 0 0 0 141 143 144
143 0 0 0 142 110 108
144 0 0 0 142 145 146
145 0 0 0 149 144 134
146 0 0 0 138 141 144
147 0 0 0 131 137 148
148 0 0 0 147 149 150
149 0 0 0 148 145 135
150 0 0 0 148 151 156
151 0 0 0 150 152 160
152 0 0 0 118 151 153
153 0 0 0 152 136 117
154 0 0 0 127 130 155
155 0 0 0 154 156 159
156 0 0 0 160 155 150
157 0 0 0 121 124 158
158 0 0 0 120 157 159
159 0 0 0 160 158 155
160 0 0 0 159 156 151
0
