>>writegraph3d planar <<
1 0 0 0 2 4 5
2 0 0 0 6 3 1
3 0 0 0 9 4 2
4 0 0 0 1 3 10
5 0 0 0 7 6 1
6 0 0 0 2 5 8
7 0 0 0 24 11 5
8 0 0 0 6 14 15
9 0 0 0 3 17 18
10 0 0 0 4 21 22
11 0 0 0 32 12 7
12 0 0 0 34 13 11
13 0 0 0 59 14 12
14 0 0 0 8 13 25
15 0 0 0 25 16 8
16 0 0 0 64 17 15
17 0 0 0 9 16 26
18 0 0 0 26 19 9
19 0 0 0 75 20 18
20 0 0 0 33 21 19
21 0 0 0 10 20 31
22 0 0 0 27 23 10
23 0 0 0 42 24 22
24 0 0 0 7 23 32
25 0 0 0 60 15 14
26 0 0 0 68 18 17
27 0 0 0 22 28 42
28 0 0 0 27 29 46
29 0 0 0 28 30 56
30 0 0 0 29 31 79
31 0 0 0 33 30 21
32 0 0 0 11 24 38
33 0 0 0 75 31 20
34 0 0 0 12 35 59
35 0 0 0 34 36 63
36 0 0 0 35 37 58
37 0 0 0 36 38 47
38 0 0 0 39 37 32
39 0 0 0 38 40 51
40 0 0 0 39 41 52
41 0 0 0 40 42 43
42 0 0 0 23 27 41
43 0 0 0 41 44 52
44 0 0 0 43 45 55
45 0 0 0 44 46 82
46 0 0 0 56 45 28
47 0 0 0 37 48 58
48 0 0 0 47 49 89
49 0 0 0 48 50 57
50 0 0 0 49 51 53
51 0 0 0 52 50 39
52 0 0 0 40 43 51
53 0 0 0 50 54 57
54 0 0 0 53 55 85
55 0 0 0 82 54 44
56 0 0 0 79 46 29
57 0 0 0 49 53 89
58 0 0 0 36 47 74
59 0 0 0 13 34 63
60 0 0 0 25 61 67
61 0 0 0 60 62 128
62 0 0 0 61 63 72
63 0 0 0 62 59 35
64 0 0 0 16 65 71
65 0 0 0 64 66 97
66 0 0 0 65 67 126
67 0 0 0 128 66 60
68 0 0 0 26 69 78
69 0 0 0 68 70 96
70 0 0 0 69 71 116
71 0 0 0 97 70 64
72 0 0 0 62 73 99
73 0 0 0 72 74 98
74 0 0 0 93 73 58
75 0 0 0 76 33 19
76 0 0 0 75 77 81
77 0 0 0 76 78 113
78 0 0 0 96 77 68
79 0 0 0 80 56 30
80 0 0 0 79 81 84
81 0 0 0 113 80 76
82 0 0 0 83 55 45
83 0 0 0 82 84 88
84 0 0 0 111 83 80
85 0 0 0 54 86 92
86 0 0 0 85 87 106
87 0 0 0 86 88 110
88 0 0 0 111 87 83
89 0 0 0 48 57 90
90 0 0 0 89 91 94
91 0 0 0 90 92 95
92 0 0 0 106 91 85
93 0 0 0 74 94 98
94 0 0 0 95 93 90
95 0 0 0 102 94 91
96 0 0 0 116 78 69
97 0 0 0 119 71 65
98 0 0 0 73 93 99
99 0 0 0 72 98 100
100 0 0 0 99 101 125
101 0 0 0 100 102 124
102 0 0 0 103 101 95
103 0 0 0 102 104 121
104 0 0 0 103 105 120
105 0 0 0 104 106 107
106 0 0 0 105 92 86
107 0 0 0 105 108 120
108 0 0 0 107 109 114
109 0 0 0 108 110 112
110 0 0 0 111 109 87
111 0 0 0 110 88 84
112 0 0 0 109 113 114
113 0 0 0 112 81 77
114 0 0 0 108 112 115
115 0 0 0 114 116 117
116 0 0 0 115 96 70
117 0 0 0 115 118 122
118 0 0 0 117 119 127
119 0 0 0 123 118 97
120 0 0 0 104 107 121
121 0 0 0 103 120 122
122 0 0 0 127 121 117
123 0 0 0 119 124 127
124 0 0 0 101 123 125
125 0 0 0 100 124 126
126 0 0 0 128 125 66
127 0 0 0 123 122 118
128 0 0 0 126 67 61
0
