>>writegraph3d planar <<
1 0 0 0 2 4 5
2 0 0 0 6 3 1
3 0 0 0 9 4 2
4 0 0 0 1 3 10
5 0 0 0 7 6 1
6 0 0 0 2 5 8
7 0 0 0 23 11 5
8 0 0 0 6 14 15
9 0 0 0 3 17 18
10 0 0 0 4 21 22
11 0 0 0 27 12 7
12 0 0 0 36 13 11
13 0 0 0 28 14 12
14 0 0 0 8 13 24
15 0 0 0 24 16 8
16 0 0 0 29 17 15
17 0 0 0 9 16 25
18 0 0 0 25 19 9
19 0 0 0 37 20 18
20 0 0 0 45 21 19
21 0 0 0 10 20 26
22 0 0 0 26 10
23 0 0 0 7 27
24 0 0 0 28 15 14
25 0 0 0 37 18 17
26 0 0 0 53 22 21
27 0 0 0 11 23 44
28 0 0 0 32 24 13
29 0 0 0 16 30 40
30 0 0 0 29 31 60
31 0 0 0 30 32 66
32 0 0 0 33 31 28
33 0 0 0 32 34 66
34 0 0 0 33 35 70
35 0 0 0 34 36 65
36 0 0 0 41 35 12
37 0 0 0 19 25 38
38 0 0 0 37 39 48
39 0 0 0 38 40 74
40 0 0 0 60 39 29
41 0 0 0 36 42 65
42 0 0 0 41 43 73
43 0 0 0 42 44 64
44 0 0 0 49 43 27
45 0 0 0 20 46 56
46 0 0 0 45 47 61
47 0 0 0 46 48 75
48 0 0 0 74 47 38
49 0 0 0 44 50 64
50 0 0 0 49 51 80
51 0 0 0 50 52 63
52 0 0 0 57 51
53 0 0 0 26 54 59
54 0 0 0 53 55 62
55 0 0 0 54 56 81
56 0 0 0 61 55 45
57 0 0 0 52 58 63
58 0 0 0 57 59 87
59 0 0 0 62 58 53
60 0 0 0 67 40 30
61 0 0 0 81 56 46
62 0 0 0 87 59 54
63 0 0 0 51 57 86
64 0 0 0 43 49 80
65 0 0 0 35 41 73
66 0 0 0 31 33 70
67 0 0 0 60 68 77
68 0 0 0 67 69 99
69 0 0 0 68 70 71
70 0 0 0 69 66 34
71 0 0 0 69 72 99
72 0 0 0 71 73 78
73 0 0 0 72 65 42
74 0 0 0 75 48 39
75 0 0 0 47 74 76
76 0 0 0 75 77 83
77 0 0 0 102 76 67
78 0 0 0 72 79 97
79 0 0 0 78 80 84
80 0 0 0 79 64 50
81 0 0 0 55 61 82
82 0 0 0 81 83 89
83 0 0 0 102 82 76
84 0 0 0 79 85 97
85 0 0 0 84 86 92
86 0 0 0 90 85 63
87 0 0 0 58 62 88
88 0 0 0 87 89 91
89 0 0 0 98 88 82
90 0 0 0 86 91 96
91 0 0 0 98 90 88
92 0 0 0 85 93 97
93 0 0 0 92 94 100
94 0 0 0 93 95 103
95 0 0 0 94 96 101
96 0 0 0 98 95 90
97 0 0 0 78 84 92
98 0 0 0 96 91 89
99 0 0 0 68 71 100
100 0 0 0 103 99 93
101 0 0 0 95 102 103
102 0 0 0 101 83 77
103 0 0 0 101 100 94
0
