>>writegraph3d planar <<
1 0 0 0 2 4 5
2 0 0 0 6 3 1
3 0 0 0 9 4 2
4 0 0 0 1 3 10
5 0 0 0 7 6 1
6 0 0 0 2 5 8
7 0 0 0 23 11 5
8 0 0 0 6 14 15
9 0 0 0 3 16 17
10 0 0 0 4 20 21
11 0 0 0 31 12 7
12 0 0 0 33 13 11
13 0 0 0 46 14 12
14 0 0 0 8 13 24
15 0 0 0 24 8
16 0 0 0 9 25
17 0 0 0 25 18 9
18 0 0 0 63 19 17
19 0 0 0 32 20 18
20 0 0 0 10 19 30
21 0 0 0 26 22 10
22 0 0 0 41 23 21
23 0 0 0 7 22 31
24 0 0 0 47 15 14
25 0 0 0 59 17 16
26 0 0 0 21 27 41
27 0 0 0 26 28 40
28 0 0 0 27 29 45
29 0 0 0 28 30 67
30 0 0 0 32 29 20
31 0 0 0 11 23 37
32 0 0 0 63 30 19
33 0 0 0 12 34 46
34 0 0 0 33 35 50
35 0 0 0 34 36 54
36 0 0 0 35 37 109
37 0 0 0 38 36 31
38 0 0 0 37 39 112
39 0 0 0 38 40 42
40 0 0 0 27 39 41
41 0 0 0 22 26 40
42 0 0 0 39 43 112
43 0 0 0 42 44 75
44 0 0 0 43 45 70
45 0 0 0 67 44 28
46 0 0 0 13 33 50
47 0 0 0 24 48 58
48 0 0 0 47 49 82
49 0 0 0 48 50 51
50 0 0 0 49 46 34
51 0 0 0 49 52 84
52 0 0 0 51 53 105
53 0 0 0 52 54 104
54 0 0 0 109 53 35
55 0 0 0 56 62
56 0 0 0 55 57 76
57 0 0 0 56 58 81
58 0 0 0 82 57 47
59 0 0 0 25 60 66
60 0 0 0 59 61 74
61 0 0 0 60 62 85
62 0 0 0 76 61 55
63 0 0 0 64 32 18
64 0 0 0 63 65 69
65 0 0 0 64 66 89
66 0 0 0 74 65 59
67 0 0 0 68 45 29
68 0 0 0 67 69 73
69 0 0 0 89 68 64
70 0 0 0 44 71 75
71 0 0 0 70 72 115
72 0 0 0 71 73 96
73 0 0 0 92 72 68
74 0 0 0 85 66 60
75 0 0 0 43 70 115
76 0 0 0 77 62 56
77 0 0 0 76 78 88
78 0 0 0 77 79 97
79 0 0 0 78 80 95
80 0 0 0 79 81 83
81 0 0 0 82 80 57
82 0 0 0 81 58 48
83 0 0 0 80 84 95
84 0 0 0 105 83 51
85 0 0 0 86 74 61
86 0 0 0 85 87 91
87 0 0 0 86 88 98
88 0 0 0 97 87 77
89 0 0 0 90 69 65
90 0 0 0 89 91 94
91 0 0 0 123 90 86
92 0 0 0 73 93 96
93 0 0 0 92 94 124
94 0 0 0 123 93 90
95 0 0 0 79 83 101
96 0 0 0 72 92 127
97 0 0 0 98 88 78
98 0 0 0 87 97 99
99 0 0 0 98 100 125
100 0 0 0 99 101 120
101 0 0 0 102 100 95
102 0 0 0 101 103 117
103 0 0 0 102 104 106
104 0 0 0 53 103 105
105 0 0 0 104 84 52
106 0 0 0 103 107 117
107 0 0 0 106 108 116
108 0 0 0 107 109 110
109 0 0 0 108 54 36
110 0 0 0 108 111 116
111 0 0 0 110 112 113
112 0 0 0 38 42 111
113 0 0 0 111 114 116
114 0 0 0 113 115 119
115 0 0 0 114 75 71
116 0 0 0 107 110 113
117 0 0 0 102 106 118
118 0 0 0 117 119 122
119 0 0 0 126 118 114
120 0 0 0 100 121 125
121 0 0 0 120 122 127
122 0 0 0 126 121 118
123 0 0 0 124 94 91
124 0 0 0 93 123 125
125 0 0 0 99 120 124
126 0 0 0 127 122 119
127 0 0 0 96 121 126
0
