>>writegraph3d planar <<
1 0 0 0 2 4 5
2 0 0 0 6 3 1
3 0 0 0 11 4 2
4 0 0 0 1 3 12
5 0 0 0 7 6 1
6 0 0 0 2 5 8
7 0 0 0 9 8 5
8 0 0 0 6 7 10
9 0 0 0 24 13 7
10 0 0 0 8 16 17
11 0 0 0 3 18 19
12 0 0 0 4 22 23
13 0 0 0 27 14 9
14 0 0 0 41 15 13
15 0 0 0 48 16 14
16 0 0 0 10 15 25
17 0 0 0 25 18 10
18 0 0 0 11 17 50
19 0 0 0 57 20 11
20 0 0 0 39 21 19
21 0 0 0 35 22 20
22 0 0 0 12 21 26
23 0 0 0 26 24 12
24 0 0 0 9 23 31
25 0 0 0 48 17 16
26 0 0 0 35 23 22
27 0 0 0 13 28 41
28 0 0 0 27 29 47
29 0 0 0 28 30 42
30 0 0 0 29 31 40
31 0 0 0 32 30 24
32 0 0 0 31 33 40
33 0 0 0 32 34 46
34 0 0 0 33 35 36
35 0 0 0 34 26 21
36 0 0 0 34 37 62
37 0 0 0 36 38 59
38 0 0 0 37 39 58
39 0 0 0 57 38 20
40 0 0 0 30 32 46
41 0 0 0 14 27 47
42 0 0 0 29 43 47
43 0 0 0 42 44 49
44 0 0 0 43 45 56
45 0 0 0 44 46 63
46 0 0 0 45 40 33
47 0 0 0 42 41 28
48 0 0 0 49 25 15
49 0 0 0 52 48 43
50 0 0 0 18 51 60
51 0 0 0 50 52 61
52 0 0 0 53 51 49
53 0 0 0 52 54 61
54 0 0 0 53 55 62
55 0 0 0 54 56 64
56 0 0 0 63 55 44
57 0 0 0 58 39 19
58 0 0 0 38 57 59
59 0 0 0 37 58 60
60 0 0 0 61 59 50
61 0 0 0 51 53 60
62 0 0 0 36 54 64
63 0 0 0 64 56 45
64 0 0 0 63 62 55
0
