>>writegraph3d planar <<
1 0 0 0 2 4 5
2 0 0 0 6 3 1
3 0 0 0 11 4 2
4 0 0 0 1 3 12
5 0 0 0 7 6 1
6 0 0 0 2 5 8
7 0 0 0 9 8 5
8 0 0 0 6 7 10
9 0 0 0 24 13 7
10 0 0 0 8 16 17
11 0 0 0 3 18 19
12 0 0 0 4 22 23
13 0 0 0 27 14 9
14 0 0 0 41 15 13
15 0 0 0 58 16 14
16 0 0 0 10 15 25
17 0 0 0 25 18 10
18 0 0 0 11 17 71
19 0 0 0 74 20 11
20 0 0 0 39 21 19
21 0 0 0 35 22 20
22 0 0 0 12 21 26
23 0 0 0 26 24 12
24 0 0 0 9 23 31
25 0 0 0 58 17 16
26 0 0 0 35 23 22
27 0 0 0 13 28 41
28 0 0 0 27 29 43
29 0 0 0 28 30 42
30 0 0 0 29 31 40
31 0 0 0 32 30 24
32 0 0 0 31 33 40
33 0 0 0 32 34 46
34 0 0 0 33 35 36
35 0 0 0 34 26 21
36 0 0 0 34 37 46
37 0 0 0 36 38 50
38 0 0 0 37 39 70
39 0 0 0 74 38 20
40 0 0 0 30 32 42
41 0 0 0 14 27 51
42 0 0 0 29 40 43
43 0 0 0 28 42 44
44 0 0 0 43 45 53
45 0 0 0 44 46 47
46 0 0 0 33 36 45
47 0 0 0 45 48 57
48 0 0 0 47 49 66
49 0 0 0 48 50 69
50 0 0 0 70 49 37
51 0 0 0 41 52 61
52 0 0 0 51 53 62
53 0 0 0 54 52 44
54 0 0 0 53 55 62
55 0 0 0 54 56 65
56 0 0 0 55 57 67
57 0 0 0 66 56 47
58 0 0 0 59 25 15
59 0 0 0 58 60 73
60 0 0 0 59 61 63
61 0 0 0 62 60 51
62 0 0 0 52 54 61
63 0 0 0 60 64 73
64 0 0 0 63 65 68
65 0 0 0 67 64 55
66 0 0 0 67 57 48
67 0 0 0 66 65 56
68 0 0 0 64 69 78
69 0 0 0 70 68 49
70 0 0 0 69 50 38
71 0 0 0 18 72 77
72 0 0 0 71 73 79
73 0 0 0 59 63 72
74 0 0 0 75 39 19
75 0 0 0 74 76 78
76 0 0 0 75 77 80
77 0 0 0 79 76 71
78 0 0 0 68 75 80
79 0 0 0 80 77 72
80 0 0 0 79 78 76
0
