>>writegraph3d planar <<
1 0 0 0 2 3 4 5
2 0 0 0 1 5 6 3
3 0 0 0 1 2 6 4
4 0 0 0 1 3 7 5
5 0 0 0 1 4 7 2
6 0 0 0 2 8 9 3
7 0 0 0 4 10 11 5
8 0 0 0 6 12 13 9
9 0 0 0 6 8 13 14
10 0 0 0 7 15 16 11
11 0 0 0 7 10 16 17
12 0 0 0 8 18 14 13
13 0 0 0 8 12 14 9
14 0 0 0 9 13 12 18
15 0 0 0 10 19 20 16
16 0 0 0 10 15 17 11
17 0 0 0 11 16 21 22
18 0 0 0 12 23 24 14
19 0 0 0 15 25 26 20
20 0 0 0 15 19 26 27
21 0 0 0 17 28 29 22
22 0 0 0 17 21 29 30
23 0 0 0 18 31 32 24
24 0 0 0 18 23 33 34
25 0 0 0 19 35 27 26
26 0 0 0 19 25 27 20
27 0 0 0 20 26 25 35
28 0 0 0 21 36 30 29
29 0 0 0 21 28 30 22
30 0 0 0 22 29 28 36
31 0 0 0 23 37 38 32
32 0 0 0 23 31 38 39
33 0 0 0 24 40 41 34
34 0 0 0 24 33 41 42
35 0 0 0 25 42 40 27
36 0 0 0 28 39 37 30
37 0 0 0 31 36 39 38
38 0 0 0 31 37 39 32
39 0 0 0 32 38 37 36
40 0 0 0 33 35 42 41
41 0 0 0 33 40 42 34
42 0 0 0 34 41 40 35
0
