>>writegraph3d planar <<
1 0 0 0 2 11 41 40 3
2 0 0 0 3 5 4 11 1
3 0 0 0 1 40 28 6 5 2
4 0 0 0 5 10 8 9 11 2
5 0 0 0 2 3 6 13 10 4
6 0 0 0 3 28 25 27 13 5
7 0 0 0 8 55 56 52 57 9
8 0 0 0 9 4 10 15 105 7
9 0 0 0 7 57 42 11 4 8
10 0 0 0 4 5 13 14 15 8
11 0 0 0 9 42 41 1 2 4
12 0 0 0 13 27 21 37 33 14
13 0 0 0 14 10 5 6 27 12
14 0 0 0 12 33 31 15 10 13
15 0 0 0 14 31 102 105 8 10
16 0 0 0 17 26 72 71 18
17 0 0 0 18 20 19 26 16
18 0 0 0 16 71 39 21 20 17
19 0 0 0 20 25 23 24 26 17
20 0 0 0 17 18 21 27 25 19
21 0 0 0 18 39 37 12 27 20
22 0 0 0 23 86 87 83 88 24
23 0 0 0 24 19 25 28 43 22
24 0 0 0 22 88 73 26 19 23
25 0 0 0 19 20 27 6 28 23
26 0 0 0 24 73 72 16 17 19
27 0 0 0 6 25 20 21 12 13
28 0 0 0 6 3 40 43 23 25
29 0 0 0 30 38 103 102 31
30 0 0 0 31 33 32 38 29
31 0 0 0 29 102 15 14 33 30
32 0 0 0 33 37 35 36 38 30
33 0 0 0 30 31 14 12 37 32
34 0 0 0 35 117 118 114 119 36
35 0 0 0 36 32 37 39 74 34
36 0 0 0 34 119 104 38 32 35
37 0 0 0 32 33 12 21 39 35
38 0 0 0 36 104 103 29 30 32
39 0 0 0 21 18 71 74 35 37
40 0 0 0 41 44 43 28 3 1
41 0 0 0 1 11 42 46 44 40
42 0 0 0 11 9 57 59 46 41
43 0 0 0 28 40 44 48 86 23
44 0 0 0 40 41 46 47 48 43
45 0 0 0 46 59 54 68 64 47
46 0 0 0 47 44 41 42 59 45
47 0 0 0 45 64 62 48 44 46
48 0 0 0 47 62 156 86 43 44
49 0 0 0 50 58 134 133 51
50 0 0 0 51 53 52 58 49
51 0 0 0 49 133 70 54 53 50
52 0 0 0 53 57 7 56 58 50
53 0 0 0 50 51 54 59 57 52
54 0 0 0 51 70 68 45 59 53
55 0 0 0 7 105 110 142 145 56
56 0 0 0 55 145 135 58 52 7
57 0 0 0 52 53 59 42 9 7
58 0 0 0 56 135 134 49 50 52
59 0 0 0 42 57 53 54 45 46
60 0 0 0 61 69 157 156 62
61 0 0 0 62 64 63 69 60
62 0 0 0 60 156 48 47 64 61
63 0 0 0 64 68 66 67 69 61
64 0 0 0 61 62 47 45 68 63
65 0 0 0 66 169 170 166 171 67
66 0 0 0 67 63 68 70 136 65
67 0 0 0 65 171 158 69 63 66
68 0 0 0 63 64 45 54 70 66
69 0 0 0 67 158 157 60 61 63
70 0 0 0 54 51 133 136 66 68
71 0 0 0 72 75 74 39 18 16
72 0 0 0 16 26 73 77 75 71
73 0 0 0 26 24 88 90 77 72
74 0 0 0 39 71 75 79 117 35
75 0 0 0 71 72 77 78 79 74
76 0 0 0 77 90 85 99 95 78
77 0 0 0 78 75 72 73 90 76
78 0 0 0 76 95 93 79 75 77
79 0 0 0 78 93 179 117 74 75
80 0 0 0 81 89 175 174 82
81 0 0 0 82 84 83 89 80
82 0 0 0 80 174 101 85 84 81
83 0 0 0 84 88 22 87 89 81
84 0 0 0 81 82 85 90 88 83
85 0 0 0 82 101 99 76 90 84
86 0 0 0 22 43 48 156 159 87
87 0 0 0 86 159 162 89 83 22
88 0 0 0 83 84 90 73 24 22
89 0 0 0 87 162 175 80 81 83
90 0 0 0 73 88 84 85 76 77
91 0 0 0 92 100 180 179 93
92 0 0 0 93 95 94 100 91
93 0 0 0 91 179 79 78 95 92
94 0 0 0 95 99 97 98 100 92
95 0 0 0 92 93 78 76 99 94
96 0 0 0 97 192 193 189 194 98
97 0 0 0 98 94 99 101 176 96
98 0 0 0 96 194 181 100 94 97
99 0 0 0 94 95 76 85 101 97
100 0 0 0 98 181 180 91 92 94
101 0 0 0 85 82 174 176 97 99
102 0 0 0 103 106 105 15 31 29
103 0 0 0 29 38 104 108 106 102
104 0 0 0 38 36 119 121 108 103
105 0 0 0 15 102 106 110 55 8
106 0 0 0 102 103 108 109 110 105
107 0 0 0 108 121 116 130 126 109
108 0 0 0 109 106 103 104 121 107
109 0 0 0 107 126 124 110 106 108
110 0 0 0 109 124 142 55 105 106
111 0 0 0 112 120 198 197 113
112 0 0 0 113 115 114 120 111
113 0 0 0 111 197 132 116 115 112
114 0 0 0 115 119 34 118 120 112
115 0 0 0 112 113 116 121 119 114
116 0 0 0 113 132 130 107 121 115
117 0 0 0 34 74 79 179 182 118
118 0 0 0 117 182 185 120 114 34
119 0 0 0 114 115 121 104 36 34
120 0 0 0 118 185 198 111 112 114
121 0 0 0 104 119 115 116 107 108
122 0 0 0 123 131 143 142 124
123 0 0 0 124 126 125 131 122
124 0 0 0 122 142 110 109 126 123
125 0 0 0 126 130 128 129 131 123
126 0 0 0 123 124 109 107 130 125
127 0 0 0 128 152 153 150 154 129
128 0 0 0 129 125 130 132 199 127
129 0 0 0 127 154 144 131 125 128
130 0 0 0 125 126 107 116 132 128
131 0 0 0 129 144 143 122 123 125
132 0 0 0 116 113 197 199 128 130
133 0 0 0 134 137 136 70 51 49
134 0 0 0 49 58 135 139 137 133
135 0 0 0 58 56 145 146 139 134
136 0 0 0 70 133 137 141 169 66
137 0 0 0 133 134 139 140 141 136
138 0 0 0 139 146 144 154 151 140
139 0 0 0 140 137 134 135 146 138
140 0 0 0 138 151 149 141 137 139
141 0 0 0 140 149 202 169 136 137
142 0 0 0 143 145 55 110 124 122
143 0 0 0 122 131 144 146 145 142
144 0 0 0 131 129 154 138 146 143
145 0 0 0 142 143 146 135 56 55
146 0 0 0 135 145 143 144 138 139
147 0 0 0 148 155 203 202 149
148 0 0 0 149 151 150 155 147
149 0 0 0 147 202 141 140 151 148
150 0 0 0 151 154 127 153 155 148
151 0 0 0 148 149 140 138 154 150
152 0 0 0 127 199 201 209 212 153
153 0 0 0 152 212 204 155 150 127
154 0 0 0 150 151 138 144 129 127
155 0 0 0 153 204 203 147 148 150
156 0 0 0 157 159 86 48 62 60
157 0 0 0 60 69 158 161 159 156
158 0 0 0 69 67 171 173 161 157
159 0 0 0 156 157 161 162 87 86
160 0 0 0 161 173 168 177 175 162
161 0 0 0 162 159 157 158 173 160
162 0 0 0 160 175 89 87 159 161
163 0 0 0 164 172 215 214 165
164 0 0 0 165 167 166 172 163
165 0 0 0 163 214 178 168 167 164
166 0 0 0 167 171 65 170 172 164
167 0 0 0 164 165 168 173 171 166
168 0 0 0 165 178 177 160 173 167
169 0 0 0 65 136 141 202 205 170
170 0 0 0 169 205 208 172 166 65
171 0 0 0 166 167 173 158 67 65
172 0 0 0 170 208 215 163 164 166
173 0 0 0 158 171 167 168 160 161
174 0 0 0 175 177 176 101 82 80
175 0 0 0 80 89 162 160 177 174
176 0 0 0 101 174 177 178 192 97
177 0 0 0 174 175 160 168 178 176
178 0 0 0 168 165 214 192 176 177
179 0 0 0 180 182 117 79 93 91
180 0 0 0 91 100 181 184 182 179
181 0 0 0 100 98 194 196 184 180
182 0 0 0 179 180 184 185 118 117
183 0 0 0 184 196 191 200 198 185
184 0 0 0 185 182 180 181 196 183
185 0 0 0 183 198 120 118 182 184
186 0 0 0 187 195 210 209 188
187 0 0 0 188 190 189 195 186
188 0 0 0 186 209 201 191 190 187
189 0 0 0 190 194 96 193 195 187
190 0 0 0 187 188 191 196 194 189
191 0 0 0 188 201 200 183 196 190
192 0 0 0 96 176 178 214 216 193
193 0 0 0 192 216 211 195 189 96
194 0 0 0 189 190 196 181 98 96
195 0 0 0 193 211 210 186 187 189
196 0 0 0 181 194 190 191 183 184
197 0 0 0 198 200 199 132 113 111
198 0 0 0 111 120 185 183 200 197
199 0 0 0 132 197 200 201 152 128
200 0 0 0 197 198 183 191 201 199
201 0 0 0 191 188 209 152 199 200
202 0 0 0 203 205 169 141 149 147
203 0 0 0 147 155 204 207 205 202
204 0 0 0 155 153 212 213 207 203
205 0 0 0 202 203 207 208 170 169
206 0 0 0 207 213 211 216 215 208
207 0 0 0 208 205 203 204 213 206
208 0 0 0 206 215 172 170 205 207
209 0 0 0 210 212 152 201 188 186
210 0 0 0 186 195 211 213 212 209
211 0 0 0 195 193 216 206 213 210
212 0 0 0 209 210 213 204 153 152
213 0 0 0 204 212 210 211 206 207
214 0 0 0 215 216 192 178 165 163
215 0 0 0 163 172 208 206 216 214
216 0 0 0 214 215 206 211 193 192
0
