>>writegraph3d planar <<
1 0 0 0 3 2 40 25 26 55
2 0 0 0 1 3 57 85 115 40
3 0 0 0 2 1 55 68 9 57
4 0 0 0 6 5 42 27 28 56
5 0 0 0 4 6 59 87 117 42
6 0 0 0 5 4 56 70 15 59
7 0 0 0 9 8 44 29 30 57
8 0 0 0 7 9 146 134 118 44
9 0 0 0 8 7 57 3 67 146
10 0 0 0 12 11 46 31 32 58
11 0 0 0 10 12 147 135 119 46
12 0 0 0 11 10 58 73 71 147
13 0 0 0 15 14 48 33 34 59
14 0 0 0 13 15 145 133 116 48
15 0 0 0 14 13 59 6 69 145
16 0 0 0 18 17 50 35 36 60
17 0 0 0 16 18 148 136 120 50
18 0 0 0 17 16 60 76 74 148
19 0 0 0 21 20 52 37 38 53
20 0 0 0 19 21 49 50 120 52
21 0 0 0 20 19 53 79 77 49
22 0 0 0 24 23 54 38 37 51
23 0 0 0 22 24 45 46 119 54
24 0 0 0 23 22 51 82 80 45
25 0 0 0 26 1 40 39 61
26 0 0 0 1 25 61 83 55
27 0 0 0 28 4 42 41 62
28 0 0 0 4 27 62 84 56
29 0 0 0 30 7 44 43 63
30 0 0 0 7 29 63 85 57
31 0 0 0 32 10 46 45 64
32 0 0 0 10 31 64 86 58
33 0 0 0 34 13 48 47 65
34 0 0 0 13 33 65 87 59
35 0 0 0 36 16 50 49 66
36 0 0 0 16 35 66 88 60
37 0 0 0 38 19 52 51 22
38 0 0 0 19 37 22 54 53
39 0 0 0 25 40 143 71 72 61
40 0 0 0 39 25 1 2 115 143
41 0 0 0 27 42 144 74 75 62
42 0 0 0 41 27 4 5 117 144
43 0 0 0 29 44 106 77 78 63
44 0 0 0 43 29 7 8 118 106
45 0 0 0 31 46 23 24 80 64
46 0 0 0 45 31 10 11 119 23
47 0 0 0 33 48 104 80 81 65
48 0 0 0 47 33 13 14 116 104
49 0 0 0 35 50 20 21 77 66
50 0 0 0 49 35 16 17 120 20
51 0 0 0 37 52 100 82 24 22
52 0 0 0 51 37 19 20 120 100
53 0 0 0 38 54 99 79 21 19
54 0 0 0 53 38 22 23 119 99
55 0 0 0 3 1 26 83 95 68
56 0 0 0 6 4 28 84 96 70
57 0 0 0 9 7 30 85 2 3
58 0 0 0 12 10 32 86 97 73
59 0 0 0 15 13 34 87 5 6
60 0 0 0 18 16 36 88 98 76
61 0 0 0 26 25 39 72 101 83
62 0 0 0 28 27 41 75 102 84
63 0 0 0 30 29 43 78 103 85
64 0 0 0 32 31 45 80 104 86
65 0 0 0 34 33 47 81 105 87
66 0 0 0 36 35 49 77 106 88
67 0 0 0 9 68 89 142 150 146
68 0 0 0 67 3 55 95 107 89
69 0 0 0 15 70 90 141 149 145
70 0 0 0 69 6 56 96 108 90
71 0 0 0 12 72 39 143 151 147
72 0 0 0 71 73 91 101 61 39
73 0 0 0 72 12 58 97 109 91
74 0 0 0 18 75 41 144 152 148
75 0 0 0 74 76 92 102 62 41
76 0 0 0 75 18 60 98 110 92
77 0 0 0 21 78 43 106 66 49
78 0 0 0 77 79 93 103 63 43
79 0 0 0 78 21 53 99 111 93
80 0 0 0 24 81 47 104 64 45
81 0 0 0 80 82 94 105 65 47
82 0 0 0 81 24 51 100 112 94
83 0 0 0 55 26 61 101 113 95
84 0 0 0 56 28 62 102 114 96
85 0 0 0 57 30 63 103 115 2
86 0 0 0 58 32 64 104 116 97
87 0 0 0 59 34 65 105 117 5
88 0 0 0 60 36 66 106 118 98
89 0 0 0 67 68 107 122 121 142
90 0 0 0 69 70 108 124 123 141
91 0 0 0 72 73 109 126 125 101
92 0 0 0 75 76 110 128 127 102
93 0 0 0 78 79 111 130 129 103
94 0 0 0 81 82 112 132 131 105
95 0 0 0 68 55 83 113 123 107
96 0 0 0 70 56 84 114 121 108
97 0 0 0 73 58 86 116 133 109
98 0 0 0 76 60 88 118 134 110
99 0 0 0 79 53 54 119 135 111
100 0 0 0 82 51 52 120 136 112
101 0 0 0 83 61 72 91 125 113
102 0 0 0 84 62 75 92 127 114
103 0 0 0 85 63 78 93 129 115
104 0 0 0 86 64 80 47 48 116
105 0 0 0 87 65 81 94 131 117
106 0 0 0 88 66 77 43 44 118
107 0 0 0 89 68 95 123 124 122
108 0 0 0 90 70 96 121 122 124
109 0 0 0 91 73 97 133 137 126
110 0 0 0 92 76 98 134 138 128
111 0 0 0 93 79 99 135 139 130
112 0 0 0 94 82 100 136 140 132
113 0 0 0 95 83 101 125 141 123
114 0 0 0 96 84 102 127 142 121
115 0 0 0 2 85 103 129 143 40
116 0 0 0 97 86 104 48 14 133
117 0 0 0 5 87 105 131 144 42
118 0 0 0 98 88 106 44 8 134
119 0 0 0 99 54 23 46 11 135
120 0 0 0 100 52 20 50 17 136
121 0 0 0 89 122 108 96 114 142
122 0 0 0 121 89 107 124 108
123 0 0 0 90 124 107 95 113 141
124 0 0 0 123 90 108 122 107
125 0 0 0 91 126 149 141 113 101
126 0 0 0 125 91 109 137 149
127 0 0 0 92 128 150 142 114 102
128 0 0 0 127 92 110 138 150
129 0 0 0 93 130 151 143 115 103
130 0 0 0 129 93 111 139 151
131 0 0 0 94 132 152 144 117 105
132 0 0 0 131 94 112 140 152
133 0 0 0 109 97 116 14 145 137
134 0 0 0 110 98 118 8 146 138
135 0 0 0 111 99 119 11 147 139
136 0 0 0 112 100 120 17 148 140
137 0 0 0 126 109 133 145 149
138 0 0 0 128 110 134 146 150
139 0 0 0 130 111 135 147 151
140 0 0 0 132 112 136 148 152
141 0 0 0 123 113 125 149 69 90
142 0 0 0 121 114 127 150 67 89
143 0 0 0 40 115 129 151 71 39
144 0 0 0 42 117 131 152 74 41
145 0 0 0 137 133 14 15 69 149
146 0 0 0 138 134 8 9 67 150
147 0 0 0 139 135 11 12 71 151
148 0 0 0 140 136 17 18 74 152
149 0 0 0 141 125 126 137 145 69
150 0 0 0 142 127 128 138 146 67
151 0 0 0 143 129 130 139 147 71
152 0 0 0 144 131 132 140 148 74
0
