>>writegraph3d planar <<
1 0 0 0 3 2 67 161 181 23
2 0 0 0 1 3 73 85 67
3 0 0 0 2 1 23 51 73
4 0 0 0 6 5 68 163 183 24
5 0 0 0 4 6 74 86 68
6 0 0 0 5 4 24 52 74
7 0 0 0 9 8 69 172 126 25
8 0 0 0 7 9 75 87 69
9 0 0 0 8 7 25 53 75
10 0 0 0 12 11 70 173 127 26
11 0 0 0 10 12 76 88 70
12 0 0 0 11 10 26 54 76
13 0 0 0 15 14 71 170 124 27
14 0 0 0 13 15 77 89 71
15 0 0 0 14 13 27 55 77
16 0 0 0 18 17 72 174 128 28
17 0 0 0 16 18 78 90 72
18 0 0 0 17 16 28 56 78
19 0 0 0 21 20 58 98 120 29
20 0 0 0 19 21 22 30 58
21 0 0 0 20 19 29 57 22
22 0 0 0 20 21 57 97 119 30
23 0 0 0 3 1 181 31 32 51
24 0 0 0 6 4 183 33 34 52
25 0 0 0 9 7 126 35 36 53
26 0 0 0 12 10 127 37 38 54
27 0 0 0 15 13 124 39 40 55
28 0 0 0 18 16 128 41 42 56
29 0 0 0 21 19 120 43 44 57
30 0 0 0 20 22 119 45 46 58
31 0 0 0 32 23 181 169 189 47
32 0 0 0 23 31 47 60 79 51
33 0 0 0 34 24 183 171 190 48
34 0 0 0 24 33 48 62 80 52
35 0 0 0 36 25 126 96 56 42
36 0 0 0 25 35 42 50 66 53
37 0 0 0 38 26 127 97 57 44
38 0 0 0 26 37 44 40 39 54
39 0 0 0 40 27 124 94 54 38
40 0 0 0 27 39 38 49 65 55
41 0 0 0 42 28 128 98 58 46
42 0 0 0 28 41 46 36 35 56
43 0 0 0 44 29 120 166 84 49
44 0 0 0 29 43 49 38 37 57
45 0 0 0 46 30 119 165 83 50
46 0 0 0 30 45 50 42 41 58
47 0 0 0 32 31 189 197 109 59
48 0 0 0 34 33 190 198 112 61
49 0 0 0 44 43 84 102 65 40
50 0 0 0 46 45 83 101 66 36
51 0 0 0 3 23 32 79 91 73
52 0 0 0 6 24 34 80 92 74
53 0 0 0 9 25 36 66 93 75
54 0 0 0 12 26 38 39 94 76
55 0 0 0 15 27 40 65 95 77
56 0 0 0 18 28 42 35 96 78
57 0 0 0 21 29 44 37 97 22
58 0 0 0 20 30 46 41 98 19
59 0 0 0 60 47 109 70 88 63
60 0 0 0 32 59 63 81 99 79
61 0 0 0 62 48 112 72 90 64
62 0 0 0 34 61 64 82 100 80
63 0 0 0 60 59 88 116 162 81
64 0 0 0 62 61 90 118 164 82
65 0 0 0 40 49 102 125 95 55
66 0 0 0 36 50 101 123 93 53
67 0 0 0 1 2 85 104 103 161
68 0 0 0 4 5 86 106 105 163
69 0 0 0 7 8 87 108 107 172
70 0 0 0 10 11 88 59 109 173
71 0 0 0 13 14 89 111 110 170
72 0 0 0 16 17 90 61 112 174
73 0 0 0 2 3 51 91 113 85
74 0 0 0 5 6 52 92 114 86
75 0 0 0 8 9 53 93 115 87
76 0 0 0 11 12 54 94 116 88
77 0 0 0 14 15 55 95 117 89
78 0 0 0 17 18 56 96 118 90
79 0 0 0 51 32 60 99 121 91
80 0 0 0 52 34 62 100 122 92
81 0 0 0 60 63 162 133 129 99
82 0 0 0 62 64 164 134 130 100
83 0 0 0 50 45 165 135 131 101
84 0 0 0 49 43 166 136 132 102
85 0 0 0 67 2 73 113 139 104
86 0 0 0 68 5 74 114 140 106
87 0 0 0 69 8 75 115 103 108
88 0 0 0 70 11 76 116 63 59
89 0 0 0 71 14 77 117 105 111
90 0 0 0 72 17 78 118 64 61
91 0 0 0 73 51 79 121 141 113
92 0 0 0 74 52 80 122 142 114
93 0 0 0 75 53 66 123 143 115
94 0 0 0 76 54 39 124 144 116
95 0 0 0 77 55 65 125 145 117
96 0 0 0 78 56 35 126 146 118
97 0 0 0 22 57 37 127 147 119
98 0 0 0 19 58 41 128 148 120
99 0 0 0 79 60 81 129 149 121
100 0 0 0 80 62 82 130 150 122
101 0 0 0 66 50 83 131 151 123
102 0 0 0 65 49 84 132 152 125
103 0 0 0 67 104 108 87 115 161
104 0 0 0 103 67 85 139 157 108
105 0 0 0 68 106 111 89 117 163
106 0 0 0 105 68 86 140 158 111
107 0 0 0 69 108 137 196 184 172
108 0 0 0 107 69 87 103 104 137
109 0 0 0 70 59 47 197 185 173
110 0 0 0 71 111 138 195 182 170
111 0 0 0 110 71 89 105 106 138
112 0 0 0 72 61 48 198 186 174
113 0 0 0 85 73 91 141 159 139
114 0 0 0 86 74 92 142 160 140
115 0 0 0 87 75 93 143 161 103
116 0 0 0 88 76 94 144 162 63
117 0 0 0 89 77 95 145 163 105
118 0 0 0 90 78 96 146 164 64
119 0 0 0 30 22 97 147 165 45
120 0 0 0 29 19 98 148 166 43
121 0 0 0 91 79 99 149 167 141
122 0 0 0 92 80 100 150 168 142
123 0 0 0 93 66 101 151 169 143
124 0 0 0 94 39 27 13 170 144
125 0 0 0 95 65 102 152 171 145
126 0 0 0 96 35 25 7 172 146
127 0 0 0 97 37 26 10 173 147
128 0 0 0 98 41 28 16 174 148
129 0 0 0 99 81 133 153 149
130 0 0 0 100 82 134 154 150
131 0 0 0 101 83 135 155 151
132 0 0 0 102 84 136 156 152
133 0 0 0 129 81 162 182 195 153
134 0 0 0 130 82 164 184 196 154
135 0 0 0 131 83 165 185 197 155
136 0 0 0 132 84 166 186 198 156
137 0 0 0 107 108 157 175 188 196
138 0 0 0 110 111 158 176 187 195
139 0 0 0 104 85 113 159 177 157
140 0 0 0 106 86 114 160 178 158
141 0 0 0 113 91 121 167 179 159
142 0 0 0 114 92 122 168 180 160
143 0 0 0 115 93 123 169 181 161
144 0 0 0 116 94 124 170 182 162
145 0 0 0 117 95 125 171 183 163
146 0 0 0 118 96 126 172 184 164
147 0 0 0 119 97 127 173 185 165
148 0 0 0 120 98 128 174 186 166
149 0 0 0 121 99 129 153 187 167
150 0 0 0 122 100 130 154 188 168
151 0 0 0 123 101 131 155 189 169
152 0 0 0 125 102 132 156 190 171
153 0 0 0 129 133 195 187 149
154 0 0 0 130 134 196 188 150
155 0 0 0 131 135 197 189 151
156 0 0 0 132 136 198 190 152
157 0 0 0 137 104 139 177 191 175
158 0 0 0 138 106 140 178 192 176
159 0 0 0 139 113 141 179 193 177
160 0 0 0 140 114 142 180 194 178
161 0 0 0 103 115 143 181 1 67
162 0 0 0 63 116 144 182 133 81
163 0 0 0 105 117 145 183 4 68
164 0 0 0 64 118 146 184 134 82
165 0 0 0 45 119 147 185 135 83
166 0 0 0 43 120 148 186 136 84
167 0 0 0 141 121 149 187 176 179
168 0 0 0 142 122 150 188 175 180
169 0 0 0 143 123 151 189 31 181
170 0 0 0 144 124 13 71 110 182
171 0 0 0 145 125 152 190 33 183
172 0 0 0 146 126 7 69 107 184
173 0 0 0 147 127 10 70 109 185
174 0 0 0 148 128 16 72 112 186
175 0 0 0 137 157 191 180 168 188
176 0 0 0 138 158 192 179 167 187
177 0 0 0 157 139 159 193 199 191
178 0 0 0 158 140 160 194 200 192
179 0 0 0 159 141 167 176 192 193
180 0 0 0 160 142 168 175 191 194
181 0 0 0 161 143 169 31 23 1
182 0 0 0 162 144 170 110 195 133
183 0 0 0 163 145 171 33 24 4
184 0 0 0 164 146 172 107 196 134
185 0 0 0 165 147 173 109 197 135
186 0 0 0 166 148 174 112 198 136
187 0 0 0 167 149 153 195 138 176
188 0 0 0 168 150 154 196 137 175
189 0 0 0 169 151 155 197 47 31
190 0 0 0 171 152 156 198 48 33
191 0 0 0 175 157 177 199 194 180
192 0 0 0 176 158 178 200 193 179
193 0 0 0 177 159 179 192 200 199
194 0 0 0 178 160 180 191 199 200
195 0 0 0 187 153 133 182 110 138
196 0 0 0 188 154 134 184 107 137
197 0 0 0 189 155 135 185 109 47
198 0 0 0 190 156 136 186 112 48
199 0 0 0 191 177 193 200 194
200 0 0 0 192 178 194 199 193
0
