>>writegraph3d planar <<
1 0 0 0 3 2 136 100 101 66
2 0 0 0 1 3 77 76 67 136
3 0 0 0 2 1 65 115 130 77
4 0 0 0 6 5 137 88 89 67
5 0 0 0 4 6 79 78 159 137
6 0 0 0 5 4 67 76 131 79
7 0 0 0 9 8 135 117 116
8 0 0 0 7 9 81 80 68 135
9 0 0 0 8 7 116 132 81
10 0 0 0 12 11 140 108 109 69
11 0 0 0 10 12 83 82 70 140
12 0 0 0 11 10 68 80 133 83
13 0 0 0 15 14 141 96 97 70
14 0 0 0 13 15 85 84 160 141
15 0 0 0 14 13 70 82 134 85
16 0 0 0 18 17 145 104 105 71
17 0 0 0 16 18 87 86 161 145
18 0 0 0 17 16 71 117 135 87
19 0 0 0 21 20 139 37 100
20 0 0 0 19 21 89 88 72 139
21 0 0 0 20 19 100 136 89
22 0 0 0 24 23 148 113 114 73
23 0 0 0 22 24 91 90 50 148
24 0 0 0 23 22 72 88 137 91
25 0 0 0 27 26 147 110 51 50
26 0 0 0 25 27 93 92 42 147
27 0 0 0 26 25 50 90 138 93
28 0 0 0 30 29 150 35 98 38
29 0 0 0 28 30 95 94 162 150
30 0 0 0 29 28 38 37 139 95
31 0 0 0 33 32 143 48 108
32 0 0 0 31 33 97 96 74 143
33 0 0 0 32 31 108 140 97
34 0 0 0 36 35 150 112 59 58
35 0 0 0 34 36 99 98 28 150
36 0 0 0 35 34 74 96 141 99
37 0 0 0 30 38 101 100 19 139
38 0 0 0 37 30 28 98 142 101
39 0 0 0 41 40 152 46 106 49
40 0 0 0 39 41 103 102 163 152
41 0 0 0 40 39 49 48 143 103
42 0 0 0 44 43 147 26 92
43 0 0 0 42 44 105 104 75 147
44 0 0 0 43 42 92 144 105
45 0 0 0 47 46 152 111 63 62
46 0 0 0 45 47 107 106 39 152
47 0 0 0 46 45 75 104 145 107
48 0 0 0 41 49 109 108 31 143
49 0 0 0 48 41 39 106 146 109
50 0 0 0 25 51 148 23 90 27
51 0 0 0 50 25 110 53 54 148
52 0 0 0 54 53 149 60 113
53 0 0 0 52 54 51 110 62 149
54 0 0 0 53 52 113 148 51
55 0 0 0 57 56 153 59 64 61
56 0 0 0 55 57 63 111 129 153
57 0 0 0 56 55 61 60 149 63
58 0 0 0 34 59 153 102 103 74
59 0 0 0 58 34 112 64 55 153
60 0 0 0 57 61 114 113 52 149
61 0 0 0 60 57 55 64 151 114
62 0 0 0 45 63 149 53 110 75
63 0 0 0 62 45 111 56 57 149
64 0 0 0 61 55 59 112 128 151
65 0 0 0 3 66 85 134 118 115
66 0 0 0 65 1 101 142 84 85
67 0 0 0 6 4 89 136 2 76
68 0 0 0 12 69 87 135 8 80
69 0 0 0 68 10 109 146 86 87
70 0 0 0 15 13 97 140 11 82
71 0 0 0 18 16 105 144 119 117
72 0 0 0 24 73 95 139 20 88
73 0 0 0 72 22 114 151 94 95
74 0 0 0 36 58 103 143 32 96
75 0 0 0 47 62 110 147 43 104
76 0 0 0 2 77 120 131 6 67
77 0 0 0 76 2 3 130 155 120
78 0 0 0 5 79 121 138 124 159
79 0 0 0 78 5 6 131 156 121
80 0 0 0 8 81 122 133 12 68
81 0 0 0 80 8 9 132 157 122
82 0 0 0 11 83 123 134 15 70
83 0 0 0 82 11 12 133 158 123
84 0 0 0 14 85 66 142 126 160
85 0 0 0 84 14 15 134 65 66
86 0 0 0 17 87 69 146 127 161
87 0 0 0 86 17 18 135 68 69
88 0 0 0 20 89 4 137 24 72
89 0 0 0 88 20 21 136 67 4
90 0 0 0 23 91 124 138 27 50
91 0 0 0 90 23 24 137 159 124
92 0 0 0 26 93 125 144 44 42
93 0 0 0 92 26 27 138 121 125
94 0 0 0 29 95 73 151 128 162
95 0 0 0 94 29 30 139 72 73
96 0 0 0 32 97 13 141 36 74
97 0 0 0 96 32 33 140 70 13
98 0 0 0 35 99 126 142 38 28
99 0 0 0 98 35 36 141 160 126
100 0 0 0 37 101 1 136 21 19
101 0 0 0 100 37 38 142 66 1
102 0 0 0 40 103 58 153 129 163
103 0 0 0 102 40 41 143 74 58
104 0 0 0 43 105 16 145 47 75
105 0 0 0 104 43 44 144 71 16
106 0 0 0 46 107 127 146 49 39
107 0 0 0 106 46 47 145 161 127
108 0 0 0 48 109 10 140 33 31
109 0 0 0 108 48 49 146 69 10
110 0 0 0 53 51 25 147 75 62
111 0 0 0 56 63 45 152 163 129
112 0 0 0 64 59 34 150 162 128
113 0 0 0 60 114 22 148 54 52
114 0 0 0 113 60 61 151 73 22
115 0 0 0 3 65 118 154 164 130
116 0 0 0 9 7 117 119 165 132
117 0 0 0 18 71 119 116 7 135
118 0 0 0 115 65 134 123 158 154
119 0 0 0 117 71 144 125 165 116
120 0 0 0 76 77 155 167 131
121 0 0 0 78 79 156 125 93 138
122 0 0 0 80 81 157 164 154 133
123 0 0 0 82 83 158 118 134
124 0 0 0 90 91 159 78 138
125 0 0 0 92 93 121 165 119 144
126 0 0 0 98 99 160 84 142
127 0 0 0 106 107 161 86 146
128 0 0 0 64 112 162 94 151
129 0 0 0 56 111 163 102 153
130 0 0 0 77 3 115 164 166 155
131 0 0 0 79 6 76 120 167 156
132 0 0 0 81 9 116 165 168 157
133 0 0 0 83 12 80 122 154 158
134 0 0 0 85 15 82 123 118 65
135 0 0 0 87 18 117 7 8 68
136 0 0 0 89 21 100 1 2 67
137 0 0 0 91 24 88 4 5 159
138 0 0 0 93 27 90 124 78 121
139 0 0 0 95 30 37 19 20 72
140 0 0 0 97 33 108 10 11 70
141 0 0 0 99 36 96 13 14 160
142 0 0 0 101 38 98 126 84 66
143 0 0 0 103 41 48 31 32 74
144 0 0 0 105 44 92 125 119 71
145 0 0 0 107 47 104 16 17 161
146 0 0 0 109 49 106 127 86 69
147 0 0 0 110 25 26 42 43 75
148 0 0 0 51 54 113 22 23 50
149 0 0 0 63 57 60 52 53 62
150 0 0 0 112 34 35 28 29 162
151 0 0 0 114 61 64 128 94 73
152 0 0 0 111 45 46 39 40 163
153 0 0 0 59 55 56 129 102 58
154 0 0 0 115 118 158 133 122 164
155 0 0 0 120 77 130 166 167
156 0 0 0 121 79 131 167 168 165
157 0 0 0 122 81 132 168 166 164
158 0 0 0 123 83 133 154 118
159 0 0 0 124 91 137 5 78
160 0 0 0 126 99 141 14 84
161 0 0 0 127 107 145 17 86
162 0 0 0 128 112 150 29 94
163 0 0 0 129 111 152 40 102
164 0 0 0 130 115 154 122 157 166
165 0 0 0 132 116 119 125 156 168
166 0 0 0 155 130 164 157 168 167
167 0 0 0 156 131 120 155 166 168
168 0 0 0 157 132 165 156 167 166
0
