>>writegraph3d planar <<
1 0 0 0 2 7 5 4 3
2 0 0 0 3 9 8 7 1
3 0 0 0 1 4 6 15 2
4 0 0 0 5 11 6 3 1
5 0 0 0 1 13 12 11 4
6 0 0 0 4 17 16 15 3
7 0 0 0 2 8 10 13 1
8 0 0 0 9 19 10 7 2
9 0 0 0 2 15 18 19 8
10 0 0 0 8 22 21 13 7
11 0 0 0 5 12 14 17 4
12 0 0 0 13 21 14 11 5
13 0 0 0 5 7 10 21 12
14 0 0 0 12 24 23 17 11
15 0 0 0 6 16 18 9 3
16 0 0 0 17 23 18 15 6
17 0 0 0 6 11 14 23 16
18 0 0 0 16 20 19 9 15
19 0 0 0 9 18 20 22 8
20 0 0 0 18 23 24 22 19
21 0 0 0 22 24 12 13 10
22 0 0 0 10 19 20 24 21
23 0 0 0 24 20 16 17 14
24 0 0 0 14 21 22 20 23
0
