>>writegraph3d planar <<
1 0 0 0 3 2 109 56 127 52
2 0 0 0 1 3 77 76 128 109
3 0 0 0 2 1 52 106 124 77
4 0 0 0 6 5 110 77 124 53
5 0 0 0 4 6 78 59 130 110
6 0 0 0 5 4 53 107 125 78
7 0 0 0 9 8 83 67 138 54
8 0 0 0 7 9 57 79 129 83
9 0 0 0 8 7 54 108 126 57
10 0 0 0 12 11 79 57 126 55
11 0 0 0 10 12 81 80 129 79
12 0 0 0 11 10 55 52 127 81
13 0 0 0 15 14 113 81 127 56
14 0 0 0 13 15 82 63 134 113
15 0 0 0 14 13 56 109 128 82
16 0 0 0 18 17 89 72 136 58
17 0 0 0 16 18 61 84 133 89
18 0 0 0 17 16 58 110 130 61
19 0 0 0 21 20 84 61 130 59
20 0 0 0 19 21 86 85 133 84
21 0 0 0 20 19 59 111 131 86
22 0 0 0 24 23 118 86 131 60
23 0 0 0 22 24 88 87 142 118
24 0 0 0 23 22 60 112 132 88
25 0 0 0 27 26 94 74 140 62
26 0 0 0 25 27 65 90 137 94
27 0 0 0 26 25 62 113 134 65
28 0 0 0 30 29 90 65 134 63
29 0 0 0 28 30 92 91 137 90
30 0 0 0 29 28 63 114 135 92
31 0 0 0 33 32 103 92 135 64
32 0 0 0 31 33 72 93 144 103
33 0 0 0 32 31 64 115 136 72
34 0 0 0 36 35 99 88 132 66
35 0 0 0 34 36 69 95 141 99
36 0 0 0 35 34 66 54 138 69
37 0 0 0 39 38 95 69 138 67
38 0 0 0 37 39 97 96 141 95
39 0 0 0 38 37 67 116 139 97
40 0 0 0 42 41 105 97 139 68
41 0 0 0 40 42 74 98 146 105
42 0 0 0 41 40 68 117 140 74
43 0 0 0 45 44 102 101 145 70
44 0 0 0 43 45 71 100 143 102
45 0 0 0 44 43 70 118 142 71
46 0 0 0 48 47 122 103 144 73
47 0 0 0 46 48 101 104 147 122
48 0 0 0 47 46 73 119 145 101
49 0 0 0 51 50 123 105 146 75
50 0 0 0 49 51 104 102 143 123
51 0 0 0 50 49 75 120 147 104
52 0 0 0 3 1 127 12 55 106
53 0 0 0 6 4 124 149 107
54 0 0 0 9 7 138 36 66 108
55 0 0 0 12 10 126 148 106 52
56 0 0 0 15 13 127 1 109
57 0 0 0 8 9 126 10 79
58 0 0 0 18 16 136 164 76 110
59 0 0 0 21 19 130 5 78 111
60 0 0 0 24 22 131 152 112
61 0 0 0 17 18 130 19 84
62 0 0 0 27 25 140 165 80 113
63 0 0 0 30 28 134 14 82 114
64 0 0 0 33 31 135 154 115
65 0 0 0 26 27 134 28 90
66 0 0 0 36 34 132 163 121 54
67 0 0 0 39 37 138 7 83 116
68 0 0 0 42 40 139 156 117
69 0 0 0 35 36 138 37 95
70 0 0 0 45 43 145 167 85 118
71 0 0 0 44 45 142 157 100
72 0 0 0 32 33 136 16 89 93
73 0 0 0 48 46 144 159 119
74 0 0 0 41 42 140 25 94 98
75 0 0 0 51 49 146 161 120
76 0 0 0 2 77 58 164 153 128
77 0 0 0 76 2 3 124 4 110
78 0 0 0 59 5 6 125 151 111
79 0 0 0 8 57 10 11 129
80 0 0 0 11 81 62 165 155 129
81 0 0 0 80 11 12 127 13 113
82 0 0 0 63 14 15 128 153 114
83 0 0 0 67 7 8 129 155 116
84 0 0 0 17 61 19 20 133
85 0 0 0 20 86 70 167 158 133
86 0 0 0 85 20 21 131 22 118
87 0 0 0 23 88 99 162 157 142
88 0 0 0 87 23 24 132 34 99
89 0 0 0 72 16 17 133 158 93
90 0 0 0 26 65 28 29 137
91 0 0 0 29 92 122 168 160 137
92 0 0 0 91 29 30 135 31 103
93 0 0 0 32 72 89 158 159 144
94 0 0 0 74 25 26 137 160 98
95 0 0 0 35 69 37 38 141
96 0 0 0 38 97 123 166 162 141
97 0 0 0 96 38 39 139 40 105
98 0 0 0 41 74 94 160 161 146
99 0 0 0 88 34 35 141 162 87
100 0 0 0 44 71 157 166 143
101 0 0 0 43 102 104 47 48 145
102 0 0 0 101 43 44 143 50 104
103 0 0 0 92 31 32 144 46 122
104 0 0 0 47 101 102 50 51 147
105 0 0 0 97 40 41 146 49 123
106 0 0 0 3 52 55 148 149 124
107 0 0 0 6 53 149 150 125
108 0 0 0 9 54 121 150 148 126
109 0 0 0 15 56 1 2 128
110 0 0 0 18 58 77 4 5 130
111 0 0 0 21 59 78 151 152 131
112 0 0 0 24 60 152 163 132
113 0 0 0 27 62 81 13 14 134
114 0 0 0 30 63 82 153 154 135
115 0 0 0 33 64 154 164 136
116 0 0 0 39 67 83 155 156 139
117 0 0 0 42 68 156 165 140
118 0 0 0 45 70 86 22 23 142
119 0 0 0 48 73 159 167 145
120 0 0 0 51 75 161 168 147
121 0 0 0 108 66 163 151 125 150
122 0 0 0 91 103 46 47 147 168
123 0 0 0 96 105 49 50 143 166
124 0 0 0 77 3 106 149 53 4
125 0 0 0 78 6 107 150 121 151
126 0 0 0 57 9 108 148 55 10
127 0 0 0 81 12 52 1 56 13
128 0 0 0 82 15 109 2 76 153
129 0 0 0 83 8 79 11 80 155
130 0 0 0 61 18 110 5 59 19
131 0 0 0 86 21 111 152 60 22
132 0 0 0 88 24 112 163 66 34
133 0 0 0 89 17 84 20 85 158
134 0 0 0 65 27 113 14 63 28
135 0 0 0 92 30 114 154 64 31
136 0 0 0 72 33 115 164 58 16
137 0 0 0 94 26 90 29 91 160
138 0 0 0 69 36 54 7 67 37
139 0 0 0 97 39 116 156 68 40
140 0 0 0 74 42 117 165 62 25
141 0 0 0 99 35 95 38 96 162
142 0 0 0 71 45 118 23 87 157
143 0 0 0 102 44 100 166 123 50
144 0 0 0 103 32 93 159 73 46
145 0 0 0 101 48 119 167 70 43
146 0 0 0 105 41 98 161 75 49
147 0 0 0 104 51 120 168 122 47
148 0 0 0 106 55 126 108 150 149
149 0 0 0 107 53 124 106 148 150
150 0 0 0 108 121 125 107 149 148
151 0 0 0 111 78 125 121 163 152
152 0 0 0 112 60 131 111 151 163
153 0 0 0 114 82 128 76 164 154
154 0 0 0 115 64 135 114 153 164
155 0 0 0 116 83 129 80 165 156
156 0 0 0 117 68 139 116 155 165
157 0 0 0 100 71 142 87 162 166
158 0 0 0 93 89 133 85 167 159
159 0 0 0 119 73 144 93 158 167
160 0 0 0 98 94 137 91 168 161
161 0 0 0 120 75 146 98 160 168
162 0 0 0 87 99 141 96 166 157
163 0 0 0 132 112 152 151 121 66
164 0 0 0 136 115 154 153 76 58
165 0 0 0 140 117 156 155 80 62
166 0 0 0 143 100 157 162 96 123
167 0 0 0 145 119 159 158 85 70
168 0 0 0 147 120 161 160 91 122
0
