>>writegraph3d planar <<
1 0 0 0 3 2 47 27 28
2 0 0 0 1 3 24 8 9 47
3 0 0 0 2 1 28 45 24
4 0 0 0 6 5 49 30 31
5 0 0 0 4 6 26 14 15 49
6 0 0 0 5 4 31 46 26
7 0 0 0 9 8 50 33 34
8 0 0 0 7 9 2 23 54 50
9 0 0 0 8 7 34 47 2
10 0 0 0 12 11 51 22 36
11 0 0 0 10 12 29 27 55 51
12 0 0 0 11 10 36 48 29
13 0 0 0 15 14 48 36 37
14 0 0 0 13 15 5 25 53 48
15 0 0 0 14 13 37 49 5
16 0 0 0 18 17 52 20 33
17 0 0 0 16 18 32 30 56 52
18 0 0 0 17 16 33 50 32
19 0 0 0 21 20 52 38 22
20 0 0 0 19 21 35 33 16 52
21 0 0 0 20 19 22 51 35
22 0 0 0 21 19 38 36 10 51
23 0 0 0 8 24 39 46 42 54
24 0 0 0 23 2 3 45 40 39
25 0 0 0 14 26 40 45 41 53
26 0 0 0 25 5 6 46 39 40
27 0 0 0 11 28 1 47 43 55
28 0 0 0 27 29 41 45 3 1
29 0 0 0 28 11 12 48 53 41
30 0 0 0 17 31 4 49 44 56
31 0 0 0 30 32 42 46 6 4
32 0 0 0 31 17 18 50 54 42
33 0 0 0 20 34 7 50 18 16
34 0 0 0 33 35 43 47 9 7
35 0 0 0 34 20 21 51 55 43
36 0 0 0 22 37 13 48 12 10
37 0 0 0 36 38 44 49 15 13
38 0 0 0 37 22 19 52 56 44
39 0 0 0 23 24 40 26 46
40 0 0 0 25 26 39 24 45
41 0 0 0 28 29 53 25 45
42 0 0 0 31 32 54 23 46
43 0 0 0 34 35 55 27 47
44 0 0 0 37 38 56 30 49
45 0 0 0 24 3 28 41 25 40
46 0 0 0 26 6 31 42 23 39
47 0 0 0 2 9 34 43 27 1
48 0 0 0 29 12 36 13 14 53
49 0 0 0 5 15 37 44 30 4
50 0 0 0 32 18 33 7 8 54
51 0 0 0 35 21 22 10 11 55
52 0 0 0 38 19 20 16 17 56
53 0 0 0 41 29 48 14 25
54 0 0 0 42 32 50 8 23
55 0 0 0 43 35 51 11 27
56 0 0 0 44 38 52 17 30
0
