>>writegraph3d planar <<
1 0 0 0 3 2 75 14 80 60
2 0 0 0 1 3 65 26 88 75
3 0 0 0 2 1 60 77 85 61
4 0 0 0 6 5 19 20 65 61
5 0 0 0 4 6 74 73 22 19
6 0 0 0 5 4 61 78 92 74
7 0 0 0 9 8 11 10 76 17
8 0 0 0 7 9 86 79 11
9 0 0 0 8 7 17 63 86
10 0 0 0 7 11 66 36 89 76
11 0 0 0 10 7 8 79 84 62
12 0 0 0 14 13 30 31 66 62
13 0 0 0 12 14 75 54 33 30
14 0 0 0 13 12 62 80 1 75
15 0 0 0 17 16 40 41 67 63
16 0 0 0 15 17 76 58 43 40
17 0 0 0 16 15 63 9 7 76
18 0 0 0 20 19 22 21 35 28
19 0 0 0 18 20 4 5 22
20 0 0 0 19 18 28 65 4
21 0 0 0 18 22 68 51 90 35
22 0 0 0 21 18 19 5 73 64
23 0 0 0 25 24 49 50 68 64
24 0 0 0 23 25 47 39 42 49
25 0 0 0 24 23 64 81 46 47
26 0 0 0 28 27 69 88 2 65
27 0 0 0 26 28 35 34 55 69
28 0 0 0 27 26 65 20 18 35
29 0 0 0 31 30 33 32 45 38
30 0 0 0 29 31 12 13 33
31 0 0 0 30 29 38 66 12
32 0 0 0 29 33 70 56 91 45
33 0 0 0 32 29 30 13 54 55
34 0 0 0 27 35 90 82 70 55
35 0 0 0 34 27 28 18 21 90
36 0 0 0 38 37 71 89 10 66
37 0 0 0 36 38 45 44 59 71
38 0 0 0 37 36 66 31 29 45
39 0 0 0 41 40 43 42 24 47
40 0 0 0 39 41 15 16 43
41 0 0 0 40 39 47 67 15
42 0 0 0 39 43 72 48 49 24
43 0 0 0 42 39 40 16 58 59
44 0 0 0 37 45 91 83 72 59
45 0 0 0 44 37 38 29 32 91
46 0 0 0 47 25 81 87 95 67
47 0 0 0 25 46 67 41 39 24
48 0 0 0 50 49 42 72 57 53
49 0 0 0 48 50 23 24 42
50 0 0 0 49 48 53 68 23
51 0 0 0 53 52 82 90 21 68
52 0 0 0 51 53 57 56 70 82
53 0 0 0 52 51 68 50 48 57
54 0 0 0 55 33 13 75 88 69
55 0 0 0 33 54 69 27 34 70
56 0 0 0 52 57 83 91 32 70
57 0 0 0 56 52 53 48 72 83
58 0 0 0 59 43 16 76 89 71
59 0 0 0 43 58 71 37 44 72
60 0 0 0 3 1 80 84 77
61 0 0 0 6 4 65 3 85 78
62 0 0 0 14 12 66 11 84 80
63 0 0 0 17 15 67 96 86 9
64 0 0 0 25 23 68 22 73 81
65 0 0 0 28 26 2 61 4 20
66 0 0 0 38 36 10 62 12 31
67 0 0 0 47 46 95 63 15 41
68 0 0 0 53 51 21 64 23 50
69 0 0 0 55 54 88 26 27
70 0 0 0 52 56 32 55 34 82
71 0 0 0 59 58 89 36 37
72 0 0 0 57 48 42 59 44 83
73 0 0 0 5 74 87 81 64 22
74 0 0 0 73 5 6 92 95 87
75 0 0 0 54 13 14 1 2 88
76 0 0 0 58 16 17 7 10 89
77 0 0 0 3 60 84 79 94 85
78 0 0 0 6 61 85 93 92
79 0 0 0 11 8 86 94 77 84
80 0 0 0 14 62 84 60 1
81 0 0 0 25 64 73 87 46
82 0 0 0 52 70 34 90 51
83 0 0 0 57 72 44 91 56
84 0 0 0 77 60 80 62 11 79
85 0 0 0 78 61 3 77 94 93
86 0 0 0 79 8 9 63 96 94
87 0 0 0 73 74 95 46 81
88 0 0 0 54 75 2 26 69
89 0 0 0 58 76 10 36 71
90 0 0 0 34 35 21 51 82
91 0 0 0 44 45 32 56 83
92 0 0 0 74 6 78 93 96 95
93 0 0 0 78 85 94 96 92
94 0 0 0 79 86 96 93 85 77
95 0 0 0 67 46 87 74 92 96
96 0 0 0 86 63 95 92 93 94
0
