>>writegraph3d planar <<
1 0 0 0 3 2 199 183 207 25
2 0 0 0 1 3 50 49 109 199
3 0 0 0 2 1 25 63 79 50
4 0 0 0 6 5 201 185 208 26
5 0 0 0 4 6 52 51 111 201
6 0 0 0 5 4 26 64 80 52
7 0 0 0 9 8 134 102 48 27
8 0 0 0 7 9 54 53 113 134
9 0 0 0 8 7 27 46 76 54
10 0 0 0 12 11 135 103 65 28
11 0 0 0 10 12 56 55 115 135
12 0 0 0 11 10 28 47 77 56
13 0 0 0 15 14 132 100 47 29
14 0 0 0 13 15 58 57 117 132
15 0 0 0 14 13 29 44 74 58
16 0 0 0 18 17 136 104 66 30
17 0 0 0 16 18 60 59 119 136
18 0 0 0 17 16 30 48 78 60
19 0 0 0 21 20 128 180 45 31
20 0 0 0 19 21 62 61 82 128
21 0 0 0 20 19 31 65 81 62
22 0 0 0 24 23 127 179 43 32
23 0 0 0 22 24 61 62 81 127
24 0 0 0 23 22 32 66 82 61
25 0 0 0 3 1 207 34 35 63
26 0 0 0 6 4 208 37 38 64
27 0 0 0 9 7 48 30 39 46
28 0 0 0 12 10 65 31 29 47
29 0 0 0 15 13 47 28 40 44
30 0 0 0 18 16 66 32 27 48
31 0 0 0 21 19 45 40 28 65
32 0 0 0 24 22 43 39 30 66
33 0 0 0 35 34 144 116 150 41
34 0 0 0 33 25 207 191 211 144
35 0 0 0 25 33 41 67 83 63
36 0 0 0 38 37 146 120 152 42
37 0 0 0 36 26 208 192 212 146
38 0 0 0 26 36 42 68 84 64
39 0 0 0 27 32 43 69 85 46
40 0 0 0 29 31 45 70 86 44
41 0 0 0 35 33 150 176 71 67
42 0 0 0 38 36 152 178 72 68
43 0 0 0 39 32 22 179 73 69
44 0 0 0 29 40 86 101 74 15
45 0 0 0 40 31 19 180 75 70
46 0 0 0 27 39 85 99 76 9
47 0 0 0 28 29 13 100 77 12
48 0 0 0 30 27 7 102 78 18
49 0 0 0 2 50 91 110 109
50 0 0 0 49 2 3 79 91
51 0 0 0 5 52 92 112 111
52 0 0 0 51 5 6 80 92
53 0 0 0 8 54 93 114 113
54 0 0 0 53 8 9 76 93
55 0 0 0 11 56 94 116 115
56 0 0 0 55 11 12 77 94
57 0 0 0 14 58 95 118 117
58 0 0 0 57 14 15 74 95
59 0 0 0 17 60 96 120 119
60 0 0 0 59 17 18 78 96
61 0 0 0 20 62 23 24 82
62 0 0 0 61 20 21 81 23
63 0 0 0 3 25 35 83 97 79
64 0 0 0 6 26 38 84 98 80
65 0 0 0 21 31 28 10 103 81
66 0 0 0 24 32 30 16 104 82
67 0 0 0 35 41 71 87 105 83
68 0 0 0 38 42 72 88 106 84
69 0 0 0 39 43 73 89 107 85
70 0 0 0 40 45 75 90 108 86
71 0 0 0 67 41 176 200 165 87
72 0 0 0 68 42 178 202 166 88
73 0 0 0 69 43 179 203 167 89
74 0 0 0 15 44 101 125 95 58
75 0 0 0 70 45 180 204 168 90
76 0 0 0 9 46 99 123 93 54
77 0 0 0 12 47 100 124 94 56
78 0 0 0 18 48 102 126 96 60
79 0 0 0 50 3 63 97 121 91
80 0 0 0 52 6 64 98 122 92
81 0 0 0 62 21 65 103 127 23
82 0 0 0 61 24 66 104 128 20
83 0 0 0 63 35 67 105 129 97
84 0 0 0 64 38 68 106 130 98
85 0 0 0 46 39 69 107 131 99
86 0 0 0 44 40 70 108 133 101
87 0 0 0 67 71 165 137 105
88 0 0 0 68 72 166 138 106
89 0 0 0 69 73 167 139 107
90 0 0 0 70 75 168 140 108
91 0 0 0 49 50 79 121 147 110
92 0 0 0 51 52 80 122 148 112
93 0 0 0 53 54 76 123 149 114
94 0 0 0 55 56 77 124 150 116
95 0 0 0 57 58 74 125 151 118
96 0 0 0 59 60 78 126 152 120
97 0 0 0 79 63 83 129 153 121
98 0 0 0 80 64 84 130 154 122
99 0 0 0 76 46 85 131 155 123
100 0 0 0 77 47 13 132 156 124
101 0 0 0 74 44 86 133 157 125
102 0 0 0 78 48 7 134 158 126
103 0 0 0 81 65 10 135 159 127
104 0 0 0 82 66 16 136 160 128
105 0 0 0 83 67 87 137 161 129
106 0 0 0 84 68 88 138 162 130
107 0 0 0 85 69 89 139 163 131
108 0 0 0 86 70 90 140 164 133
109 0 0 0 49 110 141 175 199 2
110 0 0 0 109 49 91 147 169 141
111 0 0 0 51 112 142 177 201 5
112 0 0 0 111 51 92 148 170 142
113 0 0 0 53 114 143 186 134 8
114 0 0 0 113 53 93 149 171 143
115 0 0 0 55 116 144 187 135 11
116 0 0 0 115 55 94 150 33 144
117 0 0 0 57 118 145 184 132 14
118 0 0 0 117 57 95 151 172 145
119 0 0 0 59 120 146 188 136 17
120 0 0 0 119 59 96 152 36 146
121 0 0 0 91 79 97 153 173 147
122 0 0 0 92 80 98 154 174 148
123 0 0 0 93 76 99 155 175 149
124 0 0 0 94 77 100 156 176 150
125 0 0 0 95 74 101 157 177 151
126 0 0 0 96 78 102 158 178 152
127 0 0 0 23 81 103 159 179 22
128 0 0 0 20 82 104 160 180 19
129 0 0 0 97 83 105 161 181 153
130 0 0 0 98 84 106 162 182 154
131 0 0 0 99 85 107 163 183 155
132 0 0 0 100 13 14 117 184 156
133 0 0 0 101 86 108 164 185 157
134 0 0 0 102 7 8 113 186 158
135 0 0 0 103 10 11 115 187 159
136 0 0 0 104 16 17 119 188 160
137 0 0 0 105 87 165 189 161
138 0 0 0 106 88 166 190 162
139 0 0 0 107 89 167 191 163
140 0 0 0 108 90 168 192 164
141 0 0 0 109 110 169 171 149 175
142 0 0 0 111 112 170 172 151 177
143 0 0 0 113 114 171 193 210 186
144 0 0 0 115 116 33 34 211 187
145 0 0 0 117 118 172 194 209 184
146 0 0 0 119 120 36 37 212 188
147 0 0 0 110 91 121 173 195 169
148 0 0 0 112 92 122 174 196 170
149 0 0 0 114 93 123 175 141 171
150 0 0 0 116 94 124 176 41 33
151 0 0 0 118 95 125 177 142 172
152 0 0 0 120 96 126 178 42 36
153 0 0 0 121 97 129 181 197 173
154 0 0 0 122 98 130 182 198 174
155 0 0 0 123 99 131 183 199 175
156 0 0 0 124 100 132 184 200 176
157 0 0 0 125 101 133 185 201 177
158 0 0 0 126 102 134 186 202 178
159 0 0 0 127 103 135 187 203 179
160 0 0 0 128 104 136 188 204 180
161 0 0 0 129 105 137 189 205 181
162 0 0 0 130 106 138 190 206 182
163 0 0 0 131 107 139 191 207 183
164 0 0 0 133 108 140 192 208 185
165 0 0 0 137 87 71 200 209 189
166 0 0 0 138 88 72 202 210 190
167 0 0 0 139 89 73 203 211 191
168 0 0 0 140 90 75 204 212 192
169 0 0 0 141 110 147 195 213 171
170 0 0 0 142 112 148 196 214 172
171 0 0 0 143 114 149 141 169 193
172 0 0 0 145 118 151 142 170 194
173 0 0 0 147 121 153 197 215 195
174 0 0 0 148 122 154 198 216 196
175 0 0 0 149 123 155 199 109 141
176 0 0 0 150 124 156 200 71 41
177 0 0 0 151 125 157 201 111 142
178 0 0 0 152 126 158 202 72 42
179 0 0 0 22 127 159 203 73 43
180 0 0 0 19 128 160 204 75 45
181 0 0 0 153 129 161 205 217 197
182 0 0 0 154 130 162 206 218 198
183 0 0 0 155 131 163 207 1 199
184 0 0 0 156 132 117 145 209 200
185 0 0 0 157 133 164 208 4 201
186 0 0 0 158 134 113 143 210 202
187 0 0 0 159 135 115 144 211 203
188 0 0 0 160 136 119 146 212 204
189 0 0 0 161 137 165 209 194 205
190 0 0 0 162 138 166 210 193 206
191 0 0 0 163 139 167 211 34 207
192 0 0 0 164 140 168 212 37 208
193 0 0 0 143 171 213 206 190 210
194 0 0 0 145 172 214 205 189 209
195 0 0 0 169 147 173 215 219 213
196 0 0 0 170 148 174 216 220 214
197 0 0 0 173 153 181 217 221 215
198 0 0 0 174 154 182 218 222 216
199 0 0 0 175 155 183 1 2 109
200 0 0 0 176 156 184 209 165 71
201 0 0 0 177 157 185 4 5 111
202 0 0 0 178 158 186 210 166 72
203 0 0 0 179 159 187 211 167 73
204 0 0 0 180 160 188 212 168 75
205 0 0 0 181 161 189 194 214 217
206 0 0 0 182 162 190 193 213 218
207 0 0 0 183 163 191 34 25 1
208 0 0 0 185 164 192 37 26 4
209 0 0 0 189 165 200 184 145 194
210 0 0 0 190 166 202 186 143 193
211 0 0 0 191 167 203 187 144 34
212 0 0 0 192 168 204 188 146 37
213 0 0 0 193 169 195 219 218 206
214 0 0 0 194 170 196 220 217 205
215 0 0 0 195 173 197 221 223 219
216 0 0 0 196 174 198 222 224 220
217 0 0 0 197 181 205 214 220 221
218 0 0 0 198 182 206 213 219 222
219 0 0 0 213 195 215 223 222 218
220 0 0 0 214 196 216 224 221 217
221 0 0 0 215 197 217 220 224 223
222 0 0 0 216 198 218 219 223 224
223 0 0 0 219 215 221 224 222
224 0 0 0 220 216 222 223 221
0
