>>writegraph3d planar <<
1 0 0 0 2 4 6 10 3
2 0 0 0 3 8 12 5 4 1
3 0 0 0 1 10 9 7 8 2
4 0 0 0 5 21 17 6 1 2
5 0 0 0 2 12 15 38 40 4
6 0 0 0 4 17 16 10 1
7 0 0 0 3 9 11 14 8
8 0 0 0 7 14 13 12 2 3
9 0 0 0 10 32 28 11 7 3
10 0 0 0 3 1 6 16 18 9
11 0 0 0 9 28 27 14 7
12 0 0 0 8 13 15 5 2
13 0 0 0 14 43 39 15 12 8
14 0 0 0 8 7 11 27 29 13
15 0 0 0 13 39 38 5 12
16 0 0 0 17 20 23 18 10 6
17 0 0 0 6 4 21 19 20 16
18 0 0 0 16 23 26 56 32 10
19 0 0 0 17 21 22 25 20
20 0 0 0 19 25 24 23 16 17
21 0 0 0 4 40 50 22 19 17
22 0 0 0 21 50 49 25 19
23 0 0 0 20 24 26 18 16
24 0 0 0 25 60 57 26 23 20
25 0 0 0 20 19 22 49 51 24
26 0 0 0 24 57 56 18 23
27 0 0 0 28 31 34 29 14 11
28 0 0 0 11 9 32 30 31 27
29 0 0 0 27 34 37 63 43 14
30 0 0 0 28 32 33 36 31
31 0 0 0 30 36 35 34 27 28
32 0 0 0 9 18 56 33 30 28
33 0 0 0 32 56 59 36 30
34 0 0 0 31 35 37 29 27
35 0 0 0 36 67 64 37 34 31
36 0 0 0 31 30 33 59 62 35
37 0 0 0 35 64 63 29 34
38 0 0 0 39 42 45 40 5 15
39 0 0 0 15 13 43 41 42 38
40 0 0 0 38 45 48 50 21 5
41 0 0 0 39 43 44 47 42
42 0 0 0 41 47 46 45 38 39
43 0 0 0 13 29 63 44 41 39
44 0 0 0 43 63 66 47 41
45 0 0 0 42 46 48 40 38
46 0 0 0 47 54 52 48 45 42
47 0 0 0 42 41 44 66 69 46
48 0 0 0 46 52 50 40 45
49 0 0 0 50 52 53 51 25 22
50 0 0 0 22 21 40 48 52 49
51 0 0 0 49 53 55 70 60 25
52 0 0 0 48 46 54 53 49 50
53 0 0 0 52 54 55 51 49
54 0 0 0 46 69 71 55 53 52
55 0 0 0 54 71 70 51 53
56 0 0 0 57 59 33 32 18 26
57 0 0 0 26 24 60 58 59 56
58 0 0 0 57 60 61 62 59
59 0 0 0 58 62 36 33 56 57
60 0 0 0 24 51 70 61 58 57
61 0 0 0 60 70 72 62 58
62 0 0 0 59 58 61 72 67 36
63 0 0 0 64 66 44 43 29 37
64 0 0 0 37 35 67 65 66 63
65 0 0 0 64 67 68 69 66
66 0 0 0 65 69 47 44 63 64
67 0 0 0 35 62 72 68 65 64
68 0 0 0 67 72 71 69 65
69 0 0 0 66 65 68 71 54 47
70 0 0 0 71 72 61 60 51 55
71 0 0 0 55 54 69 68 72 70
72 0 0 0 68 67 62 61 70 71
0
