>>writegraph3d planar <<
1 0 0 0 3 2 69 111 81 25
2 0 0 0 1 3 34 8 9 69
3 0 0 0 2 1 25 49 59 34
4 0 0 0 6 5 71 113 82 26
5 0 0 0 4 6 36 14 15 71
6 0 0 0 5 4 26 50 62 36
7 0 0 0 9 8 118 114 83 27
8 0 0 0 7 9 2 33 122 118
9 0 0 0 8 7 27 51 69 2
10 0 0 0 12 11 119 115 84 28
11 0 0 0 10 12 39 37 123 119
12 0 0 0 11 10 28 52 70 39
13 0 0 0 15 14 117 112 85 29
14 0 0 0 13 15 5 35 121 117
15 0 0 0 14 13 29 53 71 5
16 0 0 0 18 17 120 116 86 30
17 0 0 0 16 18 42 40 124 120
18 0 0 0 17 16 30 54 72 42
19 0 0 0 21 20 86 116 74 31
20 0 0 0 19 21 45 43 80 86
21 0 0 0 20 19 31 32 73 45
22 0 0 0 24 23 84 115 73 32
23 0 0 0 22 24 48 46 78 84
24 0 0 0 23 22 32 31 74 48
25 0 0 0 3 1 81 75 49
26 0 0 0 6 4 82 76 50
27 0 0 0 9 7 83 77 51
28 0 0 0 12 10 84 78 52
29 0 0 0 15 13 85 79 53
30 0 0 0 18 16 86 80 54
31 0 0 0 21 19 74 24 32
32 0 0 0 24 22 73 21 31
33 0 0 0 8 34 56 55 126 122
34 0 0 0 33 2 3 59 93 56
35 0 0 0 14 36 58 57 125 121
36 0 0 0 35 5 6 62 94 58
37 0 0 0 11 38 75 81 127 123
38 0 0 0 37 39 61 60 99 75
39 0 0 0 38 11 12 70 95 61
40 0 0 0 17 41 76 82 128 124
41 0 0 0 40 42 64 63 100 76
42 0 0 0 41 17 18 72 96 64
43 0 0 0 20 44 77 83 104 80
44 0 0 0 43 45 66 65 101 77
45 0 0 0 44 20 21 73 97 66
46 0 0 0 23 47 79 85 102 78
47 0 0 0 46 48 68 67 103 79
48 0 0 0 47 23 24 74 98 68
49 0 0 0 3 25 75 99 59
50 0 0 0 6 26 76 100 62
51 0 0 0 9 27 77 101 69
52 0 0 0 12 28 78 102 70
53 0 0 0 15 29 79 103 71
54 0 0 0 18 30 80 104 72
55 0 0 0 33 56 87 94 110 126
56 0 0 0 55 33 34 93 88 87
57 0 0 0 35 58 88 93 109 125
58 0 0 0 57 35 36 94 87 88
59 0 0 0 34 3 49 99 109 93
60 0 0 0 38 61 89 125 109 99
61 0 0 0 60 38 39 95 105 89
62 0 0 0 36 6 50 100 110 94
63 0 0 0 41 64 90 126 110 100
64 0 0 0 63 41 42 96 106 90
65 0 0 0 44 66 91 127 111 101
66 0 0 0 65 44 45 97 107 91
67 0 0 0 47 68 92 128 113 103
68 0 0 0 67 47 48 98 108 92
69 0 0 0 2 9 51 101 111 1
70 0 0 0 39 12 52 102 112 95
71 0 0 0 5 15 53 103 113 4
72 0 0 0 42 18 54 104 114 96
73 0 0 0 45 21 32 22 115 97
74 0 0 0 48 24 31 19 116 98
75 0 0 0 49 25 81 37 38 99
76 0 0 0 50 26 82 40 41 100
77 0 0 0 51 27 83 43 44 101
78 0 0 0 52 28 84 23 46 102
79 0 0 0 53 29 85 46 47 103
80 0 0 0 54 30 86 20 43 104
81 0 0 0 75 25 1 111 127 37
82 0 0 0 76 26 4 113 128 40
83 0 0 0 77 27 7 114 104 43
84 0 0 0 78 28 10 115 22 23
85 0 0 0 79 29 13 112 102 46
86 0 0 0 80 30 16 116 19 20
87 0 0 0 55 56 88 58 94
88 0 0 0 57 58 87 56 93
89 0 0 0 60 61 105 121 125
90 0 0 0 63 64 106 122 126
91 0 0 0 65 66 107 123 127
92 0 0 0 67 68 108 124 128
93 0 0 0 56 34 59 109 57 88
94 0 0 0 58 36 62 110 55 87
95 0 0 0 61 39 70 112 117 105
96 0 0 0 64 42 72 114 118 106
97 0 0 0 66 45 73 115 119 107
98 0 0 0 68 48 74 116 120 108
99 0 0 0 59 49 75 38 60 109
100 0 0 0 62 50 76 41 63 110
101 0 0 0 69 51 77 44 65 111
102 0 0 0 70 52 78 46 85 112
103 0 0 0 71 53 79 47 67 113
104 0 0 0 72 54 80 43 83 114
105 0 0 0 89 61 95 117 121
106 0 0 0 90 64 96 118 122
107 0 0 0 91 66 97 119 123
108 0 0 0 92 68 98 120 124
109 0 0 0 93 59 99 60 125 57
110 0 0 0 94 62 100 63 126 55
111 0 0 0 1 69 101 65 127 81
112 0 0 0 95 70 102 85 13 117
113 0 0 0 4 71 103 67 128 82
114 0 0 0 96 72 104 83 7 118
115 0 0 0 97 73 22 84 10 119
116 0 0 0 98 74 19 86 16 120
117 0 0 0 105 95 112 13 14 121
118 0 0 0 106 96 114 7 8 122
119 0 0 0 107 97 115 10 11 123
120 0 0 0 108 98 116 16 17 124
121 0 0 0 89 105 117 14 35 125
122 0 0 0 90 106 118 8 33 126
123 0 0 0 91 107 119 11 37 127
124 0 0 0 92 108 120 17 40 128
125 0 0 0 57 109 60 89 121 35
126 0 0 0 55 110 63 90 122 33
127 0 0 0 81 111 65 91 123 37
128 0 0 0 82 113 67 92 124 40
0
