>>writegraph3d planar <<
1 0 0 0 3 2 65 77 93 23
2 0 0 0 1 3 55 66 65
3 0 0 0 2 1 23 47 55
4 0 0 0 6 5 67 79 94 24
5 0 0 0 4 6 56 68 67
6 0 0 0 5 4 24 48 56
7 0 0 0 9 8 69 80 46 25
8 0 0 0 7 9 57 70 69
9 0 0 0 8 7 25 44 57
10 0 0 0 12 11 71 81 49 26
11 0 0 0 10 12 58 31 71
12 0 0 0 11 10 26 45 58
13 0 0 0 15 14 72 78 45 27
14 0 0 0 13 15 59 73 72
15 0 0 0 14 13 27 42 59
16 0 0 0 18 17 74 82 50 28
17 0 0 0 16 18 60 34 74
18 0 0 0 17 16 28 46 60
19 0 0 0 21 20 50 82 43 29
20 0 0 0 19 21 22 30 50
21 0 0 0 20 19 29 49 22
22 0 0 0 20 21 49 81 41 30
23 0 0 0 3 1 93 32 33 47
24 0 0 0 6 4 94 35 36 48
25 0 0 0 9 7 46 28 37 44
26 0 0 0 12 10 49 29 27 45
27 0 0 0 15 13 45 26 38 42
28 0 0 0 18 16 50 30 25 46
29 0 0 0 21 19 43 38 26 49
30 0 0 0 20 22 41 37 28 50
31 0 0 0 33 32 71 11 58 39
32 0 0 0 31 23 93 85 97 71
33 0 0 0 23 31 39 51 61 47
34 0 0 0 36 35 74 17 60 40
35 0 0 0 34 24 94 86 98 74
36 0 0 0 24 34 40 52 62 48
37 0 0 0 25 30 41 53 63 44
38 0 0 0 27 29 43 54 64 42
39 0 0 0 33 31 58 78 95 51
40 0 0 0 36 34 60 80 96 52
41 0 0 0 37 30 22 81 97 53
42 0 0 0 27 38 64 79 59 15
43 0 0 0 38 29 19 82 98 54
44 0 0 0 25 37 63 77 57 9
45 0 0 0 26 27 13 78 58 12
46 0 0 0 28 25 7 80 60 18
47 0 0 0 3 23 33 61 75 55
48 0 0 0 6 24 36 62 76 56
49 0 0 0 21 29 26 10 81 22
50 0 0 0 20 30 28 16 82 19
51 0 0 0 33 39 95 83 61
52 0 0 0 36 40 96 84 62
53 0 0 0 37 41 97 85 63
54 0 0 0 38 43 98 86 64
55 0 0 0 2 3 47 75 89 66
56 0 0 0 5 6 48 76 90 68
57 0 0 0 8 9 44 77 65 70
58 0 0 0 11 12 45 78 39 31
59 0 0 0 14 15 42 79 67 73
60 0 0 0 17 18 46 80 40 34
61 0 0 0 47 33 51 83 91 75
62 0 0 0 48 36 52 84 92 76
63 0 0 0 44 37 53 85 93 77
64 0 0 0 42 38 54 86 94 79
65 0 0 0 2 66 70 57 77 1
66 0 0 0 65 2 55 89 99 70
67 0 0 0 5 68 73 59 79 4
68 0 0 0 67 5 56 90 100 73
69 0 0 0 8 70 87 96 80 7
70 0 0 0 69 8 57 65 66 87
71 0 0 0 11 31 32 97 81 10
72 0 0 0 14 73 88 95 78 13
73 0 0 0 72 14 59 67 68 88
74 0 0 0 17 34 35 98 82 16
75 0 0 0 55 47 61 91 101 89
76 0 0 0 56 48 62 92 102 90
77 0 0 0 57 44 63 93 1 65
78 0 0 0 58 45 13 72 95 39
79 0 0 0 59 42 64 94 4 67
80 0 0 0 60 46 7 69 96 40
81 0 0 0 22 49 10 71 97 41
82 0 0 0 19 50 16 74 98 43
83 0 0 0 61 51 95 88 91
84 0 0 0 62 52 96 87 92
85 0 0 0 63 53 97 32 93
86 0 0 0 64 54 98 35 94
87 0 0 0 69 70 99 92 84 96
88 0 0 0 72 73 100 91 83 95
89 0 0 0 66 55 75 101 103 99
90 0 0 0 68 56 76 102 104 100
91 0 0 0 75 61 83 88 100 101
92 0 0 0 76 62 84 87 99 102
93 0 0 0 77 63 85 32 23 1
94 0 0 0 79 64 86 35 24 4
95 0 0 0 83 51 39 78 72 88
96 0 0 0 84 52 40 80 69 87
97 0 0 0 85 53 41 81 71 32
98 0 0 0 86 54 43 82 74 35
99 0 0 0 87 66 89 103 102 92
100 0 0 0 88 68 90 104 101 91
101 0 0 0 89 75 91 100 104 103
102 0 0 0 90 76 92 99 103 104
103 0 0 0 99 89 101 104 102
104 0 0 0 100 90 102 103 101
0
