>>writegraph3d planar <<
1 0 0 0 3 2 8 9 24 21
2 0 0 0 1 3 29 31 8
3 0 0 0 2 1 21 25 29
4 0 0 0 6 5 14 15 23 22
5 0 0 0 4 6 30 32 14
6 0 0 0 5 4 22 26 30
7 0 0 0 9 8 27 26 17 18
8 0 0 0 7 9 1 2 27
9 0 0 0 8 7 18 24 1
10 0 0 0 12 11 21 24 19 20
11 0 0 0 10 12 13 25 21
12 0 0 0 11 10 20 15 13
13 0 0 0 15 14 28 25 11 12
14 0 0 0 13 15 4 5 28
15 0 0 0 14 13 12 23 4
16 0 0 0 18 17 22 23 20 19
17 0 0 0 16 18 7 26 22
18 0 0 0 17 16 19 9 7
19 0 0 0 16 20 10 24 18
20 0 0 0 19 16 23 12 10
21 0 0 0 3 1 24 10 11
22 0 0 0 6 4 23 16 17
23 0 0 0 20 16 22 4 15
24 0 0 0 19 10 21 1 9
25 0 0 0 3 11 13 28 29
26 0 0 0 6 17 7 27 30
27 0 0 0 7 8 31 30 26
28 0 0 0 13 14 32 29 25
29 0 0 0 2 3 25 28 32 31
30 0 0 0 5 6 26 27 31 32
31 0 0 0 27 2 29 32 30
32 0 0 0 28 5 30 31 29
0
