return [[2,25,26],
[3,1,163],
[2,4,143],
[3,162,5],
[4,6,142],
[5,31,7],
[6,156,8],
[7,9,142],
[8,157,10],
[9,11,141],
[10,36,12],
[13,11,151],
[141,12,14],
[15,13,152],
[145,14,16],
[17,15,41],
[18,16,146],
[17,19,145],
[20,18,147],
[19,21,144],
[22,20,46],
[23,21,171],
[24,144,22],
[25,23,170],
[143,24,1],
[1,170,27],
[26,28,163],
[27,174,29],
[28,30,164],
[29,59,60],
[6,162,32],
[156,31,33],
[32,161,34],
[160,33,35],
[69,34,68],
[11,157,37],
[36,38,151],
[39,37,158],
[155,38,40],
[78,39,77],
[16,152,42],
[146,41,43],
[44,42,153],
[150,43,45],
[87,44,86],
[21,147,47],
[46,48,171],
[47,148,49],
[48,50,172],
[49,95,51],
[50,195,52],
[172,51,53],
[52,194,54],
[173,53,55],
[54,101,56],
[57,55,168],
[173,56,58],
[59,57,167],
[174,58,30],
[30,167,61],
[164,60,62],
[63,61,166],
[165,62,64],
[65,63,106],
[66,64,177],
[67,165,65],
[68,66,176],
[35,161,67],
[70,35,176],
[71,160,69],
[72,70,180],
[73,159,71],
[111,74,72],
[182,75,73],
[76,159,74],
[183,77,75],
[40,158,76],
[79,40,183],
[155,78,80],
[184,81,79],
[82,154,80],
[116,83,81],
[82,186,84],
[83,85,154],
[84,190,86],
[85,45,153],
[45,190,88],
[87,89,150],
[88,189,90],
[89,91,149],
[90,96,92],
[91,191,93],
[149,92,94],
[93,195,95],
[148,94,50],
[91,189,97],
[191,96,98],
[188,99,97],
[98,100,192],
[124,125,99],
[55,194,102],
[101,103,168],
[102,193,104],
[169,103,105],
[104,128,129],
[64,166,107],
[106,108,177],
[107,175,109],
[108,110,178],
[109,132,133],
[73,180,112],
[182,111,113],
[114,112,179],
[181,113,115],
[137,114,136],
[184,117,82],
[186,116,118],
[119,117,185],
[118,120,187],
[119,140,121],
[120,200,122],
[121,123,187],
[122,196,124],
[123,100,188],
[100,196,126],
[125,127,192],
[126,197,128],
[193,127,105],
[105,197,130],
[169,129,131],
[130,198,132],
[175,131,110],
[134,110,198],
[178,133,135],
[199,136,134],
[179,135,115],
[138,115,199],
[139,181,137],
[140,138,200],
[185,139,120],
[145,142,10,13],
[141,143,5,8],
[142,144,25,3],
[143,145,20,23],
[144,141,15,18],
[150,147,17,42],
[146,148,46,19],
[147,149,95,48],
[148,150,90,93],
[149,146,44,88],
[155,152,12,37],
[151,153,41,14],
[152,154,86,43],
[153,155,81,84],
[154,151,39,79],
[160,157,7,32],
[156,158,36,9],
[157,159,77,38],
[158,160,72,75],
[159,156,34,70],
[162,165,68,33],
[163,161,31,4],
[164,162,2,27],
[165,163,29,61],
[161,164,63,66],
[62,167,175,106],
[166,60,58,168],
[167,56,102,169],
[168,104,130,175],
[171,174,26,24],
[172,170,22,47],
[173,171,49,52],
[174,172,54,57],
[170,173,59,28],
[166,169,132,108],
[177,180,69,67],
[178,176,65,107],
[179,177,109,134],
[180,178,136,113],
[176,179,111,71],
[185,182,114,138],
[181,183,74,112],
[182,184,78,76],
[183,185,116,80],
[184,181,140,118],
[187,190,83,117],
[188,186,119,122],
[189,187,124,98],
[190,188,96,89],
[186,189,87,85],
[192,195,92,97],
[193,191,99,126],
[194,192,128,103],
[195,193,101,53],
[191,194,51,94],
[125,123,200,197],
[198,129,127,196],
[199,133,131,197],
[200,137,135,198],
[196,121,139,199]];