>>writegraph3d planar <<
1 0 0 0 3 26 21 16 2
2 0 0 0 1 16 29 12 3
3 0 0 0 2 31 8 26 1
4 0 0 0 6 27 22 17 5
5 0 0 0 4 17 30 15 6
6 0 0 0 5 31 11 27 4
7 0 0 0 9 28 23 18 8
8 0 0 0 7 18 26 3 9
9 0 0 0 8 31 14 28 7
10 0 0 0 12 29 24 19 11
11 0 0 0 10 19 27 6 12
12 0 0 0 11 31 2 29 10
13 0 0 0 15 30 25 20 14
14 0 0 0 13 20 28 9 15
15 0 0 0 14 31 5 30 13
16 0 0 0 1 21 37 32 2
17 0 0 0 4 22 38 33 5
18 0 0 0 7 23 39 34 8
19 0 0 0 10 24 40 35 11
20 0 0 0 13 25 41 36 14
21 0 0 0 1 26 34 37 16
22 0 0 0 4 27 35 38 17
23 0 0 0 7 28 36 39 18
24 0 0 0 10 29 32 40 19
25 0 0 0 13 30 33 41 20
26 0 0 0 1 3 8 34 21
27 0 0 0 4 6 11 35 22
28 0 0 0 7 9 14 36 23
29 0 0 0 10 12 2 32 24
30 0 0 0 13 15 5 33 25
31 0 0 0 3 12 6 15 9
32 0 0 0 16 37 40 24 29
33 0 0 0 17 38 41 25 30
34 0 0 0 18 39 37 21 26
35 0 0 0 19 40 38 22 27
36 0 0 0 20 41 39 23 28
37 0 0 0 16 21 34 32
38 0 0 0 17 22 35 33
39 0 0 0 18 23 36 34
40 0 0 0 19 24 32 35
41 0 0 0 20 25 33 36
0
