>>writegraph3d planar <<
1 0 0 0 3 17 11 16 2
2 0 0 0 1 7 19 27 3
3 0 0 0 2 27 22 17 1
4 0 0 0 6 18 14 16 5
5 0 0 0 4 10 20 29 6
6 0 0 0 5 29 23 18 4
7 0 0 0 9 19 2 16 8
8 0 0 0 7 13 21 31 9
9 0 0 0 8 31 24 19 7
10 0 0 0 12 20 5 16 11
11 0 0 0 10 1 17 33 12
12 0 0 0 11 33 25 20 10
13 0 0 0 15 21 8 16 14
14 0 0 0 13 4 18 35 15
15 0 0 0 14 35 26 21 13
16 0 0 0 1 10 4 13 7
17 0 0 0 1 3 22 33 11
18 0 0 0 4 6 23 35 14
19 0 0 0 7 9 24 27 2
20 0 0 0 10 12 25 29 5
21 0 0 0 13 15 26 31 8
22 0 0 0 3 28 42 37 17
23 0 0 0 6 30 43 38 18
24 0 0 0 9 32 44 39 19
25 0 0 0 12 34 45 40 20
26 0 0 0 15 36 46 41 21
27 0 0 0 3 2 19 39 28
28 0 0 0 27 47 57 42 22
29 0 0 0 6 5 20 40 30
30 0 0 0 29 48 59 43 23
31 0 0 0 9 8 21 41 32
32 0 0 0 31 49 61 44 24
33 0 0 0 12 11 17 37 34
34 0 0 0 33 50 63 45 25
35 0 0 0 15 14 18 38 36
36 0 0 0 35 51 65 46 26
37 0 0 0 22 42 52 50 33
38 0 0 0 23 43 53 51 35
39 0 0 0 24 44 54 47 27
40 0 0 0 25 45 55 48 29
41 0 0 0 26 46 56 49 31
42 0 0 0 22 28 57 52 37
43 0 0 0 23 30 59 53 38
44 0 0 0 24 32 61 54 39
45 0 0 0 25 34 63 55 40
46 0 0 0 26 36 65 56 41
47 0 0 0 39 54 69 57 28
48 0 0 0 40 55 70 59 30
49 0 0 0 41 56 71 61 32
50 0 0 0 37 52 67 63 34
51 0 0 0 38 53 68 65 36
52 0 0 0 37 42 58 67 50
53 0 0 0 38 43 60 68 51
54 0 0 0 39 44 62 69 47
55 0 0 0 40 45 64 70 48
56 0 0 0 41 46 66 71 49
57 0 0 0 42 28 47 69 58
58 0 0 0 57 69 67 52
59 0 0 0 43 30 48 70 60
60 0 0 0 59 70 68 53
61 0 0 0 44 32 49 71 62
62 0 0 0 61 71 69 54
63 0 0 0 45 34 50 67 64
64 0 0 0 63 67 70 55
65 0 0 0 46 36 51 68 66
66 0 0 0 65 68 71 56
67 0 0 0 50 52 58 64 63
68 0 0 0 51 53 60 66 65
69 0 0 0 47 54 62 58 57
70 0 0 0 48 55 64 60 59
71 0 0 0 49 56 66 62 61
0
