>>writegraph3d planar <<
1 0 0 0 4 31 26 21 2
2 0 0 0 1 21 33 38 3
3 0 0 0 2 38 49 41 4
4 0 0 0 3 41 36 31 1
5 0 0 0 8 32 27 22 6
6 0 0 0 5 22 34 39 7
7 0 0 0 6 39 50 42 8
8 0 0 0 7 42 37 32 5
9 0 0 0 12 33 28 23 10
10 0 0 0 9 23 35 40 11
11 0 0 0 10 40 51 43 12
12 0 0 0 11 43 38 33 9
13 0 0 0 16 34 29 24 14
14 0 0 0 13 24 31 36 15
15 0 0 0 14 36 47 44 16
16 0 0 0 15 44 39 34 13
17 0 0 0 20 35 30 25 18
18 0 0 0 17 25 32 37 19
19 0 0 0 18 37 48 45 20
20 0 0 0 19 45 40 35 17
21 0 0 0 1 26 28 33 2
22 0 0 0 5 27 29 34 6
23 0 0 0 9 28 30 35 10
24 0 0 0 13 29 26 31 14
25 0 0 0 17 30 27 32 18
26 0 0 0 1 31 24 46 21
27 0 0 0 5 32 25 46 22
28 0 0 0 9 33 21 46 23
29 0 0 0 13 34 22 46 24
30 0 0 0 17 35 23 46 25
31 0 0 0 1 4 14 24 26
32 0 0 0 5 8 18 25 27
33 0 0 0 9 12 2 21 28
34 0 0 0 13 16 6 22 29
35 0 0 0 17 20 10 23 30
36 0 0 0 4 41 47 15 14
37 0 0 0 8 42 48 19 18
38 0 0 0 12 43 49 3 2
39 0 0 0 16 44 50 7 6
40 0 0 0 20 45 51 11 10
41 0 0 0 4 3 49 47 36
42 0 0 0 8 7 50 48 37
43 0 0 0 12 11 51 49 38
44 0 0 0 16 15 47 50 39
45 0 0 0 20 19 48 51 40
46 0 0 0 26 29 27 30 28
47 0 0 0 36 41 44 15
48 0 0 0 37 42 45 19
49 0 0 0 38 43 41 3
50 0 0 0 39 44 42 7
51 0 0 0 40 45 43 11
0
