>>writegraph3d planar <<
1 0 0 0 3 16 11 2
2 0 0 0 1 7 18 26 3
3 0 0 0 2 26 21 16 1
4 0 0 0 6 17 14 5
5 0 0 0 4 10 19 28 6
6 0 0 0 5 28 22 17 4
7 0 0 0 9 18 2 8
8 0 0 0 7 13 20 30 9
9 0 0 0 8 30 23 18 7
10 0 0 0 12 19 5 11
11 0 0 0 10 1 16 32 12
12 0 0 0 11 32 24 19 10
13 0 0 0 15 20 8 14
14 0 0 0 13 4 17 34 15
15 0 0 0 14 34 25 20 13
16 0 0 0 1 3 21 32 11
17 0 0 0 4 6 22 34 14
18 0 0 0 7 9 23 26 2
19 0 0 0 10 12 24 28 5
20 0 0 0 13 15 25 30 8
21 0 0 0 3 27 41 36 16
22 0 0 0 6 29 42 37 17
23 0 0 0 9 31 43 38 18
24 0 0 0 12 33 44 39 19
25 0 0 0 15 35 45 40 20
26 0 0 0 3 2 18 38 27
27 0 0 0 26 46 56 41 21
28 0 0 0 6 5 19 39 29
29 0 0 0 28 47 58 42 22
30 0 0 0 9 8 20 40 31
31 0 0 0 30 48 60 43 23
32 0 0 0 12 11 16 36 33
33 0 0 0 32 49 62 44 24
34 0 0 0 15 14 17 37 35
35 0 0 0 34 50 64 45 25
36 0 0 0 21 41 51 49 32
37 0 0 0 22 42 52 50 34
38 0 0 0 23 43 53 46 26
39 0 0 0 24 44 54 47 28
40 0 0 0 25 45 55 48 30
41 0 0 0 21 27 56 51 36
42 0 0 0 22 29 58 52 37
43 0 0 0 23 31 60 53 38
44 0 0 0 24 33 62 54 39
45 0 0 0 25 35 64 55 40
46 0 0 0 38 53 68 56 27
47 0 0 0 39 54 69 58 29
48 0 0 0 40 55 70 60 31
49 0 0 0 36 51 66 62 33
50 0 0 0 37 52 67 64 35
51 0 0 0 36 41 57 66 49
52 0 0 0 37 42 59 67 50
53 0 0 0 38 43 61 68 46
54 0 0 0 39 44 63 69 47
55 0 0 0 40 45 65 70 48
56 0 0 0 41 27 46 68 57
57 0 0 0 56 68 71 66 51
58 0 0 0 42 29 47 69 59
59 0 0 0 58 69 71 67 52
60 0 0 0 43 31 48 70 61
61 0 0 0 60 70 71 68 53
62 0 0 0 44 33 49 66 63
63 0 0 0 62 66 71 69 54
64 0 0 0 45 35 50 67 65
65 0 0 0 64 67 71 70 55
66 0 0 0 49 51 57 63 62
67 0 0 0 50 52 59 65 64
68 0 0 0 46 53 61 57 56
69 0 0 0 47 54 63 59 58
70 0 0 0 48 55 65 61 60
71 0 0 0 57 61 65 59 63
0
