>>writegraph3d planar <<
1 0 0 0 4 24 26 21 2
2 0 0 0 1 21 29 42 3
3 0 0 0 2 42 57 32 4
4 0 0 0 3 32 27 24 1
5 0 0 0 8 25 26 22 6
6 0 0 0 5 22 30 43 7
7 0 0 0 6 43 58 34 8
8 0 0 0 7 34 28 25 5
9 0 0 0 12 21 26 23 10
10 0 0 0 9 23 31 44 11
11 0 0 0 10 44 59 36 12
12 0 0 0 11 36 29 21 9
13 0 0 0 16 22 26 24 14
14 0 0 0 13 24 27 45 15
15 0 0 0 14 45 60 38 16
16 0 0 0 15 38 30 22 13
17 0 0 0 20 23 26 25 18
18 0 0 0 17 25 28 46 19
19 0 0 0 18 46 61 40 20
20 0 0 0 19 40 31 23 17
21 0 0 0 1 9 12 29 2
22 0 0 0 5 13 16 30 6
23 0 0 0 9 17 20 31 10
24 0 0 0 13 1 4 27 14
25 0 0 0 17 5 8 28 18
26 0 0 0 1 13 5 17 9
27 0 0 0 4 33 45 14 24
28 0 0 0 8 35 46 18 25
29 0 0 0 12 37 42 2 21
30 0 0 0 16 39 43 6 22
31 0 0 0 20 41 44 10 23
32 0 0 0 4 3 52 47 33
33 0 0 0 32 47 60 45 27
34 0 0 0 8 7 53 48 35
35 0 0 0 34 48 61 46 28
36 0 0 0 12 11 54 49 37
37 0 0 0 36 49 57 42 29
38 0 0 0 16 15 55 50 39
39 0 0 0 38 50 58 43 30
40 0 0 0 20 19 56 51 41
41 0 0 0 40 51 59 44 31
42 0 0 0 2 29 37 57 3
43 0 0 0 6 30 39 58 7
44 0 0 0 10 31 41 59 11
45 0 0 0 14 27 33 60 15
46 0 0 0 18 28 35 61 19
47 0 0 0 32 52 55 60 33
48 0 0 0 34 53 56 61 35
49 0 0 0 36 54 52 57 37
50 0 0 0 38 55 53 58 39
51 0 0 0 40 56 54 59 41
52 0 0 0 32 57 49 47
53 0 0 0 34 58 50 48
54 0 0 0 36 59 51 49
55 0 0 0 38 60 47 50
56 0 0 0 40 61 48 51
57 0 0 0 3 42 37 49 52
58 0 0 0 7 43 39 50 53
59 0 0 0 11 44 41 51 54
60 0 0 0 15 45 33 47 55
61 0 0 0 19 46 35 48 56
0
