>>writegraph3d planar <<
1 0 0 0 4 26 12 21 2
2 0 0 0 1 21 37 32 3
3 0 0 0 2 32 47 27 4
4 0 0 0 3 27 24 13 1
5 0 0 0 8 26 16 22 6
6 0 0 0 5 22 38 33 7
7 0 0 0 6 33 48 28 8
8 0 0 0 7 28 25 17 5
9 0 0 0 12 26 20 23 10
10 0 0 0 9 23 39 34 11
11 0 0 0 10 34 49 29 12
12 0 0 0 11 29 21 1 9
13 0 0 0 16 26 4 24 14
14 0 0 0 13 24 40 35 15
15 0 0 0 14 35 50 30 16
16 0 0 0 15 30 22 5 13
17 0 0 0 20 26 8 25 18
18 0 0 0 17 25 41 36 19
19 0 0 0 18 36 51 31 20
20 0 0 0 19 31 23 9 17
21 0 0 0 1 12 29 37 2
22 0 0 0 5 16 30 38 6
23 0 0 0 9 20 31 39 10
24 0 0 0 13 4 27 40 14
25 0 0 0 17 8 28 41 18
26 0 0 0 1 13 5 17 9
27 0 0 0 4 3 42 40 24
28 0 0 0 8 7 43 41 25
29 0 0 0 12 11 44 37 21
30 0 0 0 16 15 45 38 22
31 0 0 0 20 19 46 39 23
32 0 0 0 2 37 44 47 3
33 0 0 0 6 38 45 48 7
34 0 0 0 10 39 46 49 11
35 0 0 0 14 40 42 50 15
36 0 0 0 18 41 43 51 19
37 0 0 0 2 21 29 44 32
38 0 0 0 6 22 30 45 33
39 0 0 0 10 23 31 46 34
40 0 0 0 14 24 27 42 35
41 0 0 0 18 25 28 43 36
42 0 0 0 27 47 50 35 40
43 0 0 0 28 48 51 36 41
44 0 0 0 29 49 47 32 37
45 0 0 0 30 50 48 33 38
46 0 0 0 31 51 49 34 39
47 0 0 0 3 32 44 42
48 0 0 0 7 33 45 43
49 0 0 0 11 34 46 44
50 0 0 0 15 35 42 45
51 0 0 0 19 36 43 46
0
