>>writegraph3d planar <<
1 0 0 0 3 31 26 16 2
2 0 0 0 1 17 56 46 3
3 0 0 0 2 46 41 36 1
4 0 0 0 6 32 27 18 5
5 0 0 0 4 19 57 48 6
6 0 0 0 5 48 42 37 4
7 0 0 0 9 33 28 20 8
8 0 0 0 7 21 58 50 9
9 0 0 0 8 50 43 38 7
10 0 0 0 12 34 29 22 11
11 0 0 0 10 23 59 52 12
12 0 0 0 11 52 44 39 10
13 0 0 0 15 35 30 24 14
14 0 0 0 13 25 60 54 15
15 0 0 0 14 54 45 40 13
16 0 0 0 1 26 38 43 17
17 0 0 0 16 43 51 56 2
18 0 0 0 4 27 39 44 19
19 0 0 0 18 44 53 57 5
20 0 0 0 7 28 40 45 21
21 0 0 0 20 45 55 58 8
22 0 0 0 10 29 36 41 23
23 0 0 0 22 41 47 59 11
24 0 0 0 13 30 37 42 25
25 0 0 0 24 42 49 60 14
26 0 0 0 1 31 33 38 16
27 0 0 0 4 32 34 39 18
28 0 0 0 7 33 35 40 20
29 0 0 0 10 34 31 36 22
30 0 0 0 13 35 32 37 24
31 0 0 0 1 36 29 61 26
32 0 0 0 4 37 30 61 27
33 0 0 0 7 38 26 61 28
34 0 0 0 10 39 27 61 29
35 0 0 0 13 40 28 61 30
36 0 0 0 3 41 22 29 31
37 0 0 0 6 42 24 30 32
38 0 0 0 9 43 16 26 33
39 0 0 0 12 44 18 27 34
40 0 0 0 15 45 20 28 35
41 0 0 0 3 47 23 22 36
42 0 0 0 6 49 25 24 37
43 0 0 0 9 51 17 16 38
44 0 0 0 12 53 19 18 39
45 0 0 0 15 55 21 20 40
46 0 0 0 3 2 56 62 47
47 0 0 0 46 62 70 23 41
48 0 0 0 6 5 57 63 49
49 0 0 0 48 63 71 25 42
50 0 0 0 9 8 58 64 51
51 0 0 0 50 64 67 17 43
52 0 0 0 12 11 59 65 53
53 0 0 0 52 65 68 19 44
54 0 0 0 15 14 60 66 55
55 0 0 0 54 66 69 21 45
56 0 0 0 2 17 67 62 46
57 0 0 0 5 19 68 63 48
58 0 0 0 8 21 69 64 50
59 0 0 0 11 23 70 65 52
60 0 0 0 14 25 71 66 54
61 0 0 0 31 34 32 35 33
62 0 0 0 46 56 67 70 47
63 0 0 0 48 57 68 71 49
64 0 0 0 50 58 69 67 51
65 0 0 0 52 59 70 68 53
66 0 0 0 54 60 71 69 55
67 0 0 0 56 51 64 62
68 0 0 0 57 53 65 63
69 0 0 0 58 55 66 64
70 0 0 0 59 47 62 65
71 0 0 0 60 49 63 66
0
