return [ [ 2, 8, 10 ], [ 3, 1, 11 ], [ 4, 2, 14 ], [ 5, 8, 3, 16 ], 
  [ 4, 18, 6 ], [ 5, 20, 23, 7 ], [ 8, 6, 9 ], [ 1, 4, 7 ], [ 10, 7, 24 ], 
  [ 1, 9, 26, 12 ], [ 2, 12, 13 ], [ 11, 10, 28 ], [ 14, 11, 29, 32 ], 
  [ 3, 13, 15 ], [ 16, 14, 33 ], [ 4, 15, 17 ], [ 18, 16, 34, 37 ], 
  [ 5, 17, 19 ], [ 20, 18, 38, 41 ], [ 19, 21, 6 ], [ 42, 22, 20 ], 
  [ 44, 47, 23, 21 ], [ 6, 22, 24 ], [ 9, 23, 48, 25 ], [ 26, 24, 50 ], 
  [ 10, 25, 27 ], [ 28, 26, 51, 54 ], [ 12, 27, 29 ], [ 13, 28, 30 ], 
  [ 29, 54, 56, 31 ], [ 30, 58, 32 ], [ 31, 33, 13 ], [ 59, 34, 15, 32 ], 
  [ 35, 17, 33 ], [ 36, 34, 60, 63 ], [ 65, 37, 35 ], [ 36, 38, 17 ], 
  [ 37, 39, 19 ], [ 40, 38, 65 ], [ 67, 41, 39 ], [ 40, 42, 19 ], 
  [ 41, 43, 21 ], [ 42, 67, 69, 44 ], [ 43, 45, 22 ], [ 44, 70, 46 ], 
  [ 47, 45, 72, 75 ], [ 22, 46, 48 ], [ 24, 47, 49 ], [ 48, 75, 50 ], 
  [ 25, 49, 76, 51 ], [ 27, 50, 52 ], [ 53, 51, 77 ], [ 54, 52, 81, 55 ], 
  [ 27, 53, 30 ], [ 56, 53, 83 ], [ 30, 55, 57 ], [ 58, 56, 88 ], 
  [ 31, 57, 92, 59 ], [ 33, 58, 60 ], [ 35, 59, 61 ], [ 60, 92, 62 ], 
  [ 63, 61, 86, 89 ], [ 64, 35, 62 ], [ 65, 63, 90 ], [ 39, 36, 64, 66 ], 
  [ 67, 65, 68 ], [ 40, 66, 43 ], [ 66, 90, 69 ], [ 43, 68, 70 ], 
  [ 71, 45, 69, 91 ], [ 70, 79, 72 ], [ 73, 46, 71 ], [ 74, 72, 78 ], 
  [ 75, 73, 76 ], [ 46, 74, 49 ], [ 50, 74, 77 ], [ 52, 76, 78 ], 
  [ 77, 73, 79, 81 ], [ 78, 71, 80 ], [ 85, 82, 79, 91 ], [ 53, 78, 82 ], 
  [ 83, 81, 80 ], [ 55, 82, 84, 88 ], [ 86, 83, 85 ], [ 89, 84, 80 ], 
  [ 62, 87, 84 ], [ 92, 88, 86 ], [ 57, 83, 87 ], [ 90, 62, 85 ], 
  [ 68, 64, 89, 91 ], [ 90, 80, 70 ], [ 61, 58, 87 ] ];
