return [ [ 2, 3, 4, 5, 6 ], [ 1, 6, 7, 8, 9 ], [ 1, 9, 10, 11, 4 ], 
  [ 1, 3, 12, 13, 14 ], [ 1, 14, 15, 16, 6 ], [ 1, 5, 16, 7, 2 ], 
  [ 2, 6, 16, 17, 8 ], [ 2, 7, 17, 18, 19 ], [ 2, 19, 20, 10, 3 ], 
  [ 3, 9, 20, 21, 11 ], [ 3, 10, 21, 22, 12 ], [ 4, 11, 23, 24, 13 ], 
  [ 4, 12, 24, 25, 14 ], [ 4, 13, 25, 26, 5 ], [ 5, 26, 27, 17, 16 ], 
  [ 5, 15, 17, 7, 6 ], [ 7, 16, 15, 18, 8 ], [ 8, 17, 27, 28, 19 ], 
  [ 8, 18, 29, 20, 9 ], [ 9, 19, 29, 21, 10 ], [ 10, 20, 29, 22, 11 ], 
  [ 11, 21, 29, 28, 23 ], [ 12, 22, 28, 30, 24 ], [ 12, 23, 30, 25, 13 ], 
  [ 13, 24, 30, 26, 14 ], [ 14, 25, 30, 27, 15 ], [ 15, 26, 30, 28, 18 ], 
  [ 18, 27, 23, 22, 29 ], [ 19, 28, 22, 21, 20 ], [ 23, 27, 26, 25, 24 ] ];
