>>writegraph3d planar <<
1 0 0 0 2 3 4 5
2 0 0 0 1 5 6 7 8
3 0 0 0 1 8 9 10 4
4 0 0 0 1 3 11 12
5 0 0 0 1 13 14 2
6 0 0 0 2 14 15 16 7
7 0 0 0 2 6 16 17 8
8 0 0 0 2 7 17 9 3
9 0 0 0 3 8 17 18 10
10 0 0 0 3 9 18 19 11
11 0 0 0 4 10 19 20 12
12 0 0 0 4 11 21 13
13 0 0 0 12 21 14 5
14 0 0 0 5 13 22 15 6
15 0 0 0 6 14 22 23 16
16 0 0 0 6 15 24 25 7
17 0 0 0 7 25 26 9 8
18 0 0 0 9 26 27 19 10
19 0 0 0 10 18 28 20 11
20 0 0 0 11 19 28 29 21
21 0 0 0 12 20 29 22 13
22 0 0 0 14 21 29 23 15
23 0 0 0 15 22 29 30 24
24 0 0 0 16 23 30 31 25
25 0 0 0 16 24 31 26 17
26 0 0 0 17 25 31 27 18
27 0 0 0 18 26 31 30 28
28 0 0 0 19 27 30 29 20
29 0 0 0 20 28 23 22 21
30 0 0 0 23 28 27 31 24
31 0 0 0 24 30 27 26 25
0
