return [ [ 5, 9, 13, 17, 21 ], [ 6, 10, 14, 18, 22 ], [ 7, 11, 15, 19, 23 ], 
  [ 8, 12, 16, 20, 24 ], [ 1, 21, 25, 29, 9 ], [ 2, 22, 26, 30, 10 ], 
  [ 3, 23, 27, 31, 11 ], [ 4, 24, 28, 32, 12 ], [ 1, 5, 29, 26, 13 ], 
  [ 2, 6, 30, 27, 14 ], [ 3, 7, 31, 28, 15 ], [ 4, 8, 32, 25, 16 ], 
  [ 1, 9, 26, 33, 17 ], [ 2, 10, 27, 34, 18 ], [ 3, 11, 28, 35, 19 ], 
  [ 4, 12, 25, 36, 20 ], [ 1, 13, 33, 37, 21 ], [ 2, 14, 34, 38, 22 ], 
  [ 3, 15, 35, 39, 23 ], [ 4, 16, 36, 40, 24 ], [ 1, 17, 37, 36, 5 ], 
  [ 2, 18, 38, 33, 6 ], [ 3, 19, 39, 34, 7 ], [ 4, 20, 40, 35, 8 ], 
  [ 5, 36, 16, 12, 32 ], [ 6, 33, 13, 9, 29 ], [ 7, 34, 14, 10, 30 ], 
  [ 8, 35, 15, 11, 31 ], [ 5, 32, 30, 26, 9 ], [ 6, 29, 31, 27, 10 ], 
  [ 7, 30, 32, 28, 11 ], [ 8, 31, 29, 25, 12 ], [ 13, 26, 22, 37, 17 ], 
  [ 14, 27, 23, 38, 18 ], [ 15, 28, 24, 39, 19 ], [ 16, 25, 21, 40, 20 ], 
  [ 17, 33, 38, 40, 21 ], [ 18, 34, 39, 37, 22 ], [ 19, 35, 40, 38, 23 ], 
  [ 20, 36, 37, 39, 24 ] ];
