return [ [ 2, 3, 4, 5, 6 ], [ 1, 6, 7, 8, 9 ], [ 1, 9, 10, 11, 4 ], 
  [ 1, 3, 11, 12, 5 ], [ 1, 4, 13, 14, 6 ], [ 1, 5, 14, 15, 2 ], 
  [ 2, 15, 16, 17, 8 ], [ 2, 7, 17, 18, 9 ], [ 2, 8, 18, 19, 3 ], 
  [ 3, 19, 20, 21, 11 ], [ 3, 10, 21, 12, 4 ], [ 4, 11, 21, 22, 13 ], 
  [ 5, 12, 22, 23, 14 ], [ 5, 13, 23, 15, 6 ], [ 6, 14, 24, 16, 7 ], 
  [ 7, 15, 24, 25, 17 ], [ 7, 16, 25, 18, 8 ], [ 8, 17, 26, 19, 9 ], 
  [ 9, 18, 26, 20, 10 ], [ 10, 19, 26, 27, 28 ], [ 10, 28, 22, 12, 11 ], 
  [ 12, 21, 28, 23, 13 ], [ 13, 22, 28, 24, 14 ], [ 15, 23, 27, 25, 16 ], 
  [ 16, 24, 27, 26, 17 ], [ 18, 25, 27, 20, 19 ], [ 20, 26, 25, 24, 28 ], 
  [ 20, 27, 23, 22, 21 ] ];
