return [ [ 2, 3, 4, 5, 6 ], [ 1, 7, 8, 9, 3 ], [ 1, 2, 9, 10, 11 ], 
  [ 1, 11, 12, 13, 5 ], [ 1, 4, 13, 14, 6 ], [ 1, 5, 14, 15, 7 ], 
  [ 2, 6, 15, 16, 8 ], [ 2, 7, 16, 17, 18 ], [ 2, 18, 19, 10, 3 ], 
  [ 3, 9, 19, 20, 11 ], [ 3, 10, 21, 12, 4 ], [ 4, 11, 21, 22, 13 ], 
  [ 4, 12, 22, 14, 5 ], [ 5, 13, 23, 15, 6 ], [ 6, 14, 23, 16, 7 ], 
  [ 7, 15, 23, 17, 8 ], [ 8, 16, 24, 25, 18 ], [ 8, 17, 26, 19, 9 ], 
  [ 9, 18, 26, 20, 10 ], [ 10, 19, 26, 27, 21 ], [ 11, 20, 27, 28, 12 ], 
  [ 12, 28, 24, 23, 13 ], [ 14, 22, 24, 16, 15 ], [ 17, 23, 22, 28, 25 ], 
  [ 17, 24, 28, 27, 26 ], [ 18, 25, 27, 20, 19 ], [ 20, 26, 25, 28, 21 ], 
  [ 21, 27, 25, 24, 22 ] ];
