>>writegraph3d planar <<
1 0 0 0 2 3 4 5 6
2 0 0 0 1 6 7 8 9
3 0 0 0 1 9 10 4
4 0 0 0 1 3 11 12 5
5 0 0 0 1 4 12 13 6
6 0 0 0 1 5 13 7 2
7 0 0 0 2 6 14 15 8
8 0 0 0 2 7 15 16 9
9 0 0 0 2 8 17 3
10 0 0 0 3 18 19 11
11 0 0 0 4 10 19 20 12
12 0 0 0 4 11 20 21 5
13 0 0 0 5 21 22 14 6
14 0 0 0 7 13 22 23 15
15 0 0 0 7 14 24 16 8
16 0 0 0 8 15 24 25 17
17 0 0 0 9 16 25 18
18 0 0 0 17 26 27 10
19 0 0 0 10 27 28 20 11
20 0 0 0 11 19 28 21 12
21 0 0 0 12 20 29 22 13
22 0 0 0 13 21 29 23 14
23 0 0 0 14 22 29 30 24
24 0 0 0 15 23 30 25 16
25 0 0 0 16 24 30 26 17
26 0 0 0 18 25 30 31 27
27 0 0 0 18 26 31 28 19
28 0 0 0 19 27 31 29 20
29 0 0 0 21 28 31 23 22
30 0 0 0 23 31 26 25 24
31 0 0 0 26 30 29 28 27
0
