>>writegraph3d planar <<
1 0 0 0 2 3 4 5 6
2 0 0 0 1 6 7 8 3
3 0 0 0 1 2 9 10 4
4 0 0 0 1 3 10 11 5
5 0 0 0 1 4 11 12 6
6 0 0 0 1 5 12 7 2
7 0 0 0 2 6 12 13 8
8 0 0 0 2 7 13 14 9
9 0 0 0 3 8 14 15 16
10 0 0 0 3 16 17 11 4
11 0 0 0 4 10 18 19 5
12 0 0 0 5 19 20 7 6
13 0 0 0 7 20 21 14 8
14 0 0 0 8 13 22 15 9
15 0 0 0 9 14 22 23 16
16 0 0 0 9 15 23 17 10
17 0 0 0 10 16 24 25 18
18 0 0 0 11 17 25 26 19
19 0 0 0 11 18 26 20 12
20 0 0 0 12 19 26 21 13
21 0 0 0 13 20 27 28 22
22 0 0 0 14 21 28 29 15
23 0 0 0 15 29 30 24 16
24 0 0 0 17 23 30 31 25
25 0 0 0 17 24 31 26 18
26 0 0 0 18 25 27 20 19
27 0 0 0 21 26 31 32 28
28 0 0 0 21 27 32 29 22
29 0 0 0 22 28 32 30 23
30 0 0 0 23 29 32 31 24
31 0 0 0 24 30 32 27 25
32 0 0 0 27 31 30 29 28
0
