return [ [ 2, 3, 4, 5, 6 ], [ 1, 7, 8, 9, 3 ], [ 1, 2, 9, 10, 4 ], 
  [ 1, 3, 10, 11, 5 ], [ 1, 4, 11, 12, 6 ], [ 1, 5, 12, 13, 7 ], 
  [ 2, 6, 13, 14, 8 ], [ 2, 7, 15, 13, 16 ], [ 2, 16, 17, 10, 3 ], 
  [ 3, 9, 17, 11, 4 ], [ 4, 10, 17, 12, 5 ], [ 5, 11, 17, 16, 6 ], 
  [ 6, 16, 8, 18, 7 ], [ 7, 18, 19, 20, 15 ], [ 8, 14, 20, 21, 18 ], 
  [ 8, 13, 12, 17, 9 ], [ 9, 16, 12, 11, 10 ], [ 13, 15, 21, 19, 14 ], 
  [ 14, 18, 22, 23, 24 ], [ 14, 24, 25, 26, 15 ], [ 15, 26, 27, 22, 18 ], 
  [ 19, 21, 27, 28, 23 ], [ 19, 22, 28, 29, 24 ], [ 19, 23, 29, 25, 20 ], 
  [ 20, 24, 29, 30, 26 ], [ 20, 25, 30, 27, 21 ], [ 21, 26, 30, 28, 22 ], 
  [ 22, 27, 30, 29, 23 ], [ 23, 28, 30, 25, 24 ], [ 25, 29, 28, 27, 26 ] ];
