>>writegraph3d planar <<
1 0 0 0 2 3 4 5 6
2 0 0 0 1 6 7 8 3
3 0 0 0 1 2 8 9 4
4 0 0 0 1 3 9 10 5
5 0 0 0 1 4 10 11 6
6 0 0 0 1 5 11 12 2
7 0 0 0 2 12 13 14 15
8 0 0 0 2 15 16 9 3
9 0 0 0 3 8 17 10 4
10 0 0 0 4 9 18 11 5
11 0 0 0 5 10 19 20 6
12 0 0 0 6 20 21 13 7
13 0 0 0 7 12 21 22 14
14 0 0 0 7 13 22 23 15
15 0 0 0 7 14 23 16 8
16 0 0 0 8 15 24 25 17
17 0 0 0 9 16 25 26 18
18 0 0 0 10 17 26 27 19
19 0 0 0 11 18 27 28 20
20 0 0 0 11 19 29 21 12
21 0 0 0 12 20 29 22 13
22 0 0 0 13 21 29 23 14
23 0 0 0 14 22 29 24 15
24 0 0 0 16 23 28 30 25
25 0 0 0 16 24 30 26 17
26 0 0 0 17 25 30 27 18
27 0 0 0 18 26 30 28 19
28 0 0 0 19 27 30 24 29
29 0 0 0 20 28 23 22 21
30 0 0 0 24 28 27 26 25
0
