return [ [ 2, 3, 4, 5, 6 ], [ 1, 6, 7, 8, 3 ], [ 1, 2, 8, 9, 4 ], 
  [ 1, 3, 10, 11, 5 ], [ 1, 4, 12, 13, 6 ], [ 1, 5, 13, 7, 2 ], 
  [ 2, 6, 13, 14, 8 ], [ 2, 7, 15, 16, 3 ], [ 3, 16, 17, 18, 10 ], 
  [ 4, 9, 18, 19, 11 ], [ 4, 10, 19, 20, 12 ], [ 5, 11, 20, 21, 22 ], 
  [ 5, 22, 23, 7, 6 ], [ 7, 23, 24, 25, 15 ], [ 8, 14, 25, 26, 16 ], 
  [ 8, 15, 26, 17, 9 ], [ 9, 16, 26, 27, 18 ], [ 9, 17, 28, 19, 10 ], 
  [ 10, 18, 28, 20, 11 ], [ 11, 19, 28, 21, 12 ], [ 12, 20, 29, 30, 22 ], 
  [ 12, 21, 30, 23, 13 ], [ 13, 22, 30, 24, 14 ], [ 14, 23, 30, 29, 25 ], 
  [ 14, 24, 27, 26, 15 ], [ 15, 25, 27, 17, 16 ], [ 17, 26, 25, 29, 28 ], 
  [ 18, 27, 29, 20, 19 ], [ 21, 28, 27, 24, 30 ], [ 21, 29, 24, 23, 22 ] ];
