>>writegraph3d planar <<
1 0 0 0 2 4 7
2 0 0 0 3 1 10
3 0 0 0 5 2
4 0 0 0 1 5 6
5 0 0 0 4 3 15
6 0 0 0 8 4 17
7 0 0 0 1 8 9
8 0 0 0 7 6 20
9 0 0 0 11 7 22
10 0 0 0 2 11 12
11 0 0 0 10 9 25
12 0 0 0 27 13 10
13 0 0 0 12 29
14 0 0 0 31 16
15 0 0 0 5 16 18
16 0 0 0 14 33 15
17 0 0 0 6 18 19
18 0 0 0 17 15 35
19 0 0 0 37 21 17
20 0 0 0 8 21 23
21 0 0 0 19 39 20
22 0 0 0 23 24 9
23 0 0 0 41 22 20
24 0 0 0 22 42 26
25 0 0 0 11 26 28
26 0 0 0 24 44 25
27 0 0 0 30 12 28
28 0 0 0 46 27 25
29 0 0 0 13 30 32
30 0 0 0 29 27 47
31 0 0 0 34 14 32
32 0 0 0 31 29 49
33 0 0 0 16 34 36
34 0 0 0 33 31 51
35 0 0 0 18 36 38
36 0 0 0 33 52 35
37 0 0 0 40 19 38
38 0 0 0 54 37 35
39 0 0 0 21 40 43
40 0 0 0 39 37 55
41 0 0 0 42 23 43
42 0 0 0 24 41 45
43 0 0 0 41 39 57
44 0 0 0 26 45 48
45 0 0 0 44 42 58
46 0 0 0 47 28 48
47 0 0 0 30 46 50
48 0 0 0 46 44 60
49 0 0 0 32 50 53
50 0 0 0 49 47 61
51 0 0 0 52 34 53
52 0 0 0 36 51 56
53 0 0 0 51 49 63
54 0 0 0 55 38 56
55 0 0 0 40 54 59
56 0 0 0 54 52 64
57 0 0 0 43 59 58
58 0 0 0 45 57 62
59 0 0 0 57 55 65
60 0 0 0 62 61 48
61 0 0 0 60 66 50
62 0 0 0 67 60 58
63 0 0 0 66 64 53
64 0 0 0 63 65 56
65 0 0 0 64 67 59
66 0 0 0 61 67 63
67 0 0 0 66 62 65
0
