>>writegraph3d planar <<
1 0 0 0 2 4 8
2 0 0 0 3 1 11
3 0 0 0 5 2 14
4 0 0 0 1 5 6
5 0 0 0 4 3 17
6 0 0 0 19 7 4
7 0 0 0 6 21 9
8 0 0 0 10 1 9
9 0 0 0 8 7 24
10 0 0 0 26 12 8
11 0 0 0 2 12 13
12 0 0 0 10 28 11
13 0 0 0 30 15 11
14 0 0 0 3 15 16
15 0 0 0 13 32 14
16 0 0 0 34 18 14
17 0 0 0 5 18 20
18 0 0 0 16 36 17
19 0 0 0 22 6 20
20 0 0 0 19 17 38
21 0 0 0 7 22 23
22 0 0 0 21 19 40
23 0 0 0 25 21 42
24 0 0 0 25 27 9
25 0 0 0 45 24 23
26 0 0 0 29 10 27
27 0 0 0 24 46 26
28 0 0 0 12 29 31
29 0 0 0 28 26 48
30 0 0 0 33 13 31
31 0 0 0 30 28 50
32 0 0 0 15 33 35
33 0 0 0 32 30 52
34 0 0 0 37 16 35
35 0 0 0 34 32 54
36 0 0 0 18 37 39
37 0 0 0 36 34 56
38 0 0 0 39 41 20
39 0 0 0 58 38 36
40 0 0 0 22 41 43
41 0 0 0 38 59 40
42 0 0 0 43 44 23
43 0 0 0 61 42 40
44 0 0 0 42 62 47
45 0 0 0 46 25 47
46 0 0 0 27 45 49
47 0 0 0 45 44 65
48 0 0 0 29 49 51
49 0 0 0 48 46 66
50 0 0 0 51 53 31
51 0 0 0 68 50 48
52 0 0 0 33 53 55
53 0 0 0 50 69 52
54 0 0 0 55 57 35
55 0 0 0 72 54 52
56 0 0 0 37 57 60
57 0 0 0 54 73 56
58 0 0 0 59 39 60
59 0 0 0 41 58 63
60 0 0 0 58 56 76
61 0 0 0 62 43 63
62 0 0 0 44 61 64
63 0 0 0 61 59 77
64 0 0 0 67 62 78
65 0 0 0 67 66 47
66 0 0 0 65 70 49
67 0 0 0 71 65 64
68 0 0 0 69 51 70
69 0 0 0 53 68 74
70 0 0 0 66 71 68
71 0 0 0 70 67 75
72 0 0 0 73 55 74
73 0 0 0 57 72 79
74 0 0 0 72 69 75
75 0 0 0 71 80 74
76 0 0 0 79 77 60
77 0 0 0 76 78 63
78 0 0 0 77 80 64
79 0 0 0 80 76 73
80 0 0 0 78 79 75
0
