>>writegraph3d planar <<
1 0 0 0 4 2 7
2 0 0 0 9 1 3
3 0 0 0 2 5 12
4 0 0 0 6 5 1
5 0 0 0 3 4 15
6 0 0 0 17 4 8
7 0 0 0 8 1 10
8 0 0 0 6 7 20
9 0 0 0 11 10 2
10 0 0 0 7 9 22
11 0 0 0 23 9 13
12 0 0 0 13 3 14
13 0 0 0 11 12 26
14 0 0 0 28 12 16
15 0 0 0 16 5 18
16 0 0 0 14 15 30
17 0 0 0 19 18 6
18 0 0 0 15 17 32
19 0 0 0 34 17 21
20 0 0 0 21 8
21 0 0 0 19 20 36
22 0 0 0 10 24
23 0 0 0 25 24 11
24 0 0 0 22 23 40
25 0 0 0 41 23 27
26 0 0 0 27 13 29
27 0 0 0 25 26 43
28 0 0 0 31 29 14
29 0 0 0 26 28 46
30 0 0 0 31 16 33
31 0 0 0 47 28 30
32 0 0 0 33 18 35
33 0 0 0 30 32 48
34 0 0 0 37 35 19
35 0 0 0 32 34 50
36 0 0 0 37 21 39
37 0 0 0 51 34 36
38 0 0 0 42 39
39 0 0 0 36 38 52
40 0 0 0 42 24 41
41 0 0 0 40 25 44
42 0 0 0 45 38 40
43 0 0 0 44 27 49
44 0 0 0 45 41 43
45 0 0 0 53 42 44
46 0 0 0 49 29 47
47 0 0 0 46 31 48
48 0 0 0 47 33 54
49 0 0 0 55 43 46
50 0 0 0 54 35 51
51 0 0 0 50 37 52
52 0 0 0 51 39 53
53 0 0 0 52 45 55
54 0 0 0 48 50 55
55 0 0 0 54 53 49
0
