>>writegraph3d planar <<
1 0 0 0 4 2 8
2 0 0 0 11 1 3
3 0 0 0 2 5 14
4 0 0 0 6 5 1
5 0 0 0 3 4 17
6 0 0 0 19 4 7
7 0 0 0 6 9 21
8 0 0 0 9 1 10
9 0 0 0 24 7 8
10 0 0 0 8 12 25
11 0 0 0 13 12 2
12 0 0 0 10 11 28
13 0 0 0 29 11 15
14 0 0 0 15 3 16
15 0 0 0 13 14 32
16 0 0 0 33 14 18
17 0 0 0 18 5 20
18 0 0 0 16 17 36
19 0 0 0 22 20 6
20 0 0 0 17 19 37
21 0 0 0 22 7 23
22 0 0 0 39 19 21
23 0 0 0 21 26 41
24 0 0 0 26 9 25
25 0 0 0 24 10 27
26 0 0 0 43 23 24
27 0 0 0 25 30 44
28 0 0 0 30 12 29
29 0 0 0 31 28 13
30 0 0 0 27 28 46
31 0 0 0 47 29 34
32 0 0 0 34 15 33
33 0 0 0 35 32 16
34 0 0 0 31 32 49
35 0 0 0 50 33 38
36 0 0 0 38 18 37
37 0 0 0 36 20 40
38 0 0 0 35 36 52
39 0 0 0 42 40 22
40 0 0 0 53 37 39
41 0 0 0 42 23 45
42 0 0 0 54 39 41
43 0 0 0 45 26 44
44 0 0 0 43 27 48
45 0 0 0 41 43 56
46 0 0 0 48 30 47
47 0 0 0 51 46 31
48 0 0 0 44 46 57
49 0 0 0 51 34 50
50 0 0 0 49 35 55
51 0 0 0 58 47 49
52 0 0 0 55 38 53
53 0 0 0 52 40 54
54 0 0 0 59 53 42
55 0 0 0 50 52 60
56 0 0 0 59 45 57
57 0 0 0 56 48 58
58 0 0 0 60 57 51
59 0 0 0 60 54 56
60 0 0 0 55 59 58
0
