>>writegraph3d planar <<
1 0 0 0 2 8
2 0 0 0 4 1 11
3 0 0 0 4 5
4 0 0 0 3 2 14
5 0 0 0 7 3 16
6 0 0 0 9 7
7 0 0 0 6 5 19
8 0 0 0 1 9 10
9 0 0 0 8 6 21
10 0 0 0 12 8 23
11 0 0 0 2 12 13
12 0 0 0 11 10 26
13 0 0 0 28 15 11
14 0 0 0 4 15 17
15 0 0 0 13 30 14
16 0 0 0 5 17 18
17 0 0 0 16 14 32
18 0 0 0 34 20 16
19 0 0 0 7 20 22
20 0 0 0 18 36 19
21 0 0 0 9 22 24
22 0 0 0 21 19 38
23 0 0 0 24 25 10
24 0 0 0 40 23 21
25 0 0 0 23 41 27
26 0 0 0 27 29 12
27 0 0 0 44 26 25
28 0 0 0 31 13 29
29 0 0 0 26 45 28
30 0 0 0 15 31 33
31 0 0 0 30 28 47
32 0 0 0 33 35 17
33 0 0 0 49 32 30
34 0 0 0 37 18 35
35 0 0 0 32 50 34
36 0 0 0 20 37 39
37 0 0 0 36 34 52
38 0 0 0 39 42 22
39 0 0 0 54 38 36
40 0 0 0 41 24 42
41 0 0 0 25 40 43
42 0 0 0 38 55 40
43 0 0 0 46 41 56
44 0 0 0 45 27 46
45 0 0 0 29 44 48
46 0 0 0 44 43 60
47 0 0 0 31 48 51
48 0 0 0 47 45 61
49 0 0 0 50 33 51
50 0 0 0 35 49 53
51 0 0 0 49 47 63
52 0 0 0 37 53 57
53 0 0 0 52 50 64
54 0 0 0 55 39 57
55 0 0 0 42 54 56
56 0 0 0 43 55 58
57 0 0 0 54 52 59
58 0 0 0 59 62 56
59 0 0 0 65 58 57
60 0 0 0 62 61 46
61 0 0 0 60 66 48
62 0 0 0 58 67 60
63 0 0 0 66 64 51
64 0 0 0 63 65 53
65 0 0 0 67 59 64
66 0 0 0 61 67 63
67 0 0 0 62 65 66
0
