>>writegraph3d planar <<
1 0 0 0 2 4 7
2 0 0 0 3 1 10
3 0 0 0 5 2 13
4 0 0 0 1 5 6
5 0 0 0 4 3 16
6 0 0 0 8 4 18
7 0 0 0 1 8 9
8 0 0 0 7 6 21
9 0 0 0 11 7 23
10 0 0 0 2 11 12
11 0 0 0 10 9 26
12 0 0 0 28 14 10
13 0 0 0 3 14 15
14 0 0 0 12 30 13
15 0 0 0 32 17 13
16 0 0 0 5 17 19
17 0 0 0 15 34 16
18 0 0 0 6 19 20
19 0 0 0 18 16 36
20 0 0 0 22 18 38
21 0 0 0 22 24 8
22 0 0 0 41 21 20
23 0 0 0 9 24 25
24 0 0 0 21 42 23
25 0 0 0 44 27 23
26 0 0 0 27 29 11
27 0 0 0 25 46 26
28 0 0 0 31 12 29
29 0 0 0 26 47 28
30 0 0 0 14 31 33
31 0 0 0 30 28 49
32 0 0 0 35 15 33
33 0 0 0 32 30 51
34 0 0 0 17 35 37
35 0 0 0 34 32 53
36 0 0 0 37 39 19
37 0 0 0 55 36 34
38 0 0 0 39 40 20
39 0 0 0 36 56 38
40 0 0 0 38 57 43
41 0 0 0 42 22 43
42 0 0 0 24 41 45
43 0 0 0 41 40 61
44 0 0 0 48 25 45
45 0 0 0 44 42 62
46 0 0 0 27 48 47
47 0 0 0 29 46 50
48 0 0 0 46 44 64
49 0 0 0 31 50 52
50 0 0 0 49 47 65
51 0 0 0 52 54 33
52 0 0 0 68 51 49
53 0 0 0 35 54 58
54 0 0 0 51 69 53
55 0 0 0 56 37 58
56 0 0 0 39 55 57
57 0 0 0 40 56 59
58 0 0 0 55 53 60
59 0 0 0 63 57 60
60 0 0 0 58 70 59
61 0 0 0 63 62 43
62 0 0 0 61 66 45
63 0 0 0 67 61 59
64 0 0 0 48 66 65
65 0 0 0 50 64 71
66 0 0 0 62 67 64
67 0 0 0 66 63 72
68 0 0 0 69 52 71
69 0 0 0 54 68 70
70 0 0 0 69 72 60
71 0 0 0 72 68 65
72 0 0 0 70 71 67
0
