>>writegraph3d planar <<
1 0 0 0 4 2 7
2 0 0 0 10 1 3
3 0 0 0 2 5 13
4 0 0 0 6 5 1
5 0 0 0 3 4 16
6 0 0 0 18 4 8
7 0 0 0 8 1 9
8 0 0 0 6 7 21
9 0 0 0 23 7 11
10 0 0 0 12 11 2
11 0 0 0 9 10 25
12 0 0 0 27 10 14
13 0 0 0 14 3 15
14 0 0 0 12 13 29
15 0 0 0 30 13 17
16 0 0 0 17 5 19
17 0 0 0 15 16 33
18 0 0 0 20 19 6
19 0 0 0 16 18 34
20 0 0 0 36 18 22
21 0 0 0 22 8 24
22 0 0 0 20 21 39
23 0 0 0 26 24 9
24 0 0 0 21 23 40
25 0 0 0 26 11 28
26 0 0 0 42 23 25
27 0 0 0 31 28 12
28 0 0 0 25 27 43
29 0 0 0 31 14 30
30 0 0 0 29 15 32
31 0 0 0 45 27 29
32 0 0 0 30 35 46
33 0 0 0 35 17 34
34 0 0 0 33 19 37
35 0 0 0 38 32 33
36 0 0 0 37 20 41
37 0 0 0 38 34 36
38 0 0 0 48 35 37
39 0 0 0 41 22 40
40 0 0 0 39 24 44
41 0 0 0 36 39 49
42 0 0 0 44 26 43
43 0 0 0 42 28 47
44 0 0 0 50 40 42
45 0 0 0 47 31 46
46 0 0 0 45 32 51
47 0 0 0 52 43 45
48 0 0 0 51 38 49
49 0 0 0 48 41 50
50 0 0 0 49 44 52
51 0 0 0 52 46 48
52 0 0 0 50 47 51
0
