>>writegraph3d planar <<
1 0 0 0 4 2 7
2 0 0 0 10 1 3
3 0 0 0 2 5 12
4 0 0 0 6 5 1
5 0 0 0 3 4 15
6 0 0 0 17 4 8
7 0 0 0 8 1 9
8 0 0 0 6 7 19
9 0 0 0 21 7 11
10 0 0 0 13 11 2
11 0 0 0 9 10 24
12 0 0 0 13 3 14
13 0 0 0 26 10 12
14 0 0 0 12 16 28
15 0 0 0 16 5 18
16 0 0 0 30 14 15
17 0 0 0 20 18 6
18 0 0 0 15 17 32
19 0 0 0 20 8 22
20 0 0 0 34 17 19
21 0 0 0 23 22 9
22 0 0 0 19 21 36
23 0 0 0 37 21 25
24 0 0 0 25 11 27
25 0 0 0 23 24 39
26 0 0 0 29 27 13
27 0 0 0 24 26 40
28 0 0 0 29 14 31
29 0 0 0 41 26 28
30 0 0 0 33 31 16
31 0 0 0 28 30 43
32 0 0 0 33 18 35
33 0 0 0 44 30 32
34 0 0 0 38 35 20
35 0 0 0 32 34 45
36 0 0 0 38 22 37
37 0 0 0 36 23 42
38 0 0 0 46 34 36
39 0 0 0 42 25 40
40 0 0 0 39 27 41
41 0 0 0 47 40 29
42 0 0 0 37 39 48
43 0 0 0 47 31 44
44 0 0 0 43 33 45
45 0 0 0 44 35 46
46 0 0 0 48 45 38
47 0 0 0 48 41 43
48 0 0 0 42 47 46
0
