>>writegraph3d planar <<
1 0 0 0 4 7
2 0 0 0 9 3
3 0 0 0 2 5 11
4 0 0 0 6 5 1
5 0 0 0 3 4 13
6 0 0 0 15 4 8
7 0 0 0 8 1 10
8 0 0 0 6 7 18
9 0 0 0 12 10 2
10 0 0 0 7 9 19
11 0 0 0 12 3 14
12 0 0 0 21 9 11
13 0 0 0 14 5 16
14 0 0 0 11 13 23
15 0 0 0 17 16 6
16 0 0 0 13 15 25
17 0 0 0 27 15 20
18 0 0 0 20 8 19
19 0 0 0 18 10 22
20 0 0 0 17 18 29
21 0 0 0 24 22 12
22 0 0 0 19 21 30
23 0 0 0 24 14 26
24 0 0 0 32 21 23
25 0 0 0 26 16 28
26 0 0 0 23 25 33
27 0 0 0 31 28 17
28 0 0 0 25 27 34
29 0 0 0 31 20 30
30 0 0 0 29 22 35
31 0 0 0 36 27 29
32 0 0 0 35 24 33
33 0 0 0 32 26 34
34 0 0 0 33 28 36
35 0 0 0 30 32 36
36 0 0 0 35 34 31
0
