>>writegraph3d planar <<
1 0 0 0 4 6 25 2
2 0 0 0 1 22 21 3
3 0 0 0 2 13 9 4
4 0 0 0 3 9 5 1
5 0 0 0 4 10 7 6
6 0 0 0 5 7 8 1
7 0 0 0 5 11 6
8 0 0 0 26 25 6
9 0 0 0 3 14 10 4
10 0 0 0 9 15 11 5
11 0 0 0 10 16 12 7
12 0 0 0 11 16 20
13 0 0 0 3 21 17 14
14 0 0 0 13 18 15 9
15 0 0 0 14 18 16 10
16 0 0 0 15 19 12 11
17 0 0 0 13 24 28 18
18 0 0 0 17 19 15 14
19 0 0 0 18 28 20 16
20 0 0 0 19 29 27 12
21 0 0 0 2 22 24 13
22 0 0 0 2 25 23 21
23 0 0 0 22 26 29 24
24 0 0 0 23 28 17 21
25 0 0 0 1 8 26 22
26 0 0 0 25 8 27 23
27 0 0 0 20 29 26
28 0 0 0 17 24 29 19
29 0 0 0 23 27 20 28
0
