>>writegraph3d planar <<
1 0 0 0 2 3 4 5
2 0 0 0 1 5 6
3 0 0 0 1 7 8
4 0 0 0 1 8 9 10
5 0 0 0 1 10 11 2
6 0 0 0 2 11 12 13
7 0 0 0 3 14 15 8
8 0 0 0 3 7 16 4
9 0 0 0 4 16 17 18
10 0 0 0 4 18 19 5
11 0 0 0 5 19 20 6
12 0 0 0 6 20 21 13
13 0 0 0 6 12 22
14 0 0 0 22 23 7
15 0 0 0 7 23 24 16
16 0 0 0 8 15 17 9
17 0 0 0 9 16 24 25
18 0 0 0 9 25 19 10
19 0 0 0 10 18 26 11
20 0 0 0 11 26 27 12
21 0 0 0 12 27 28 22
22 0 0 0 13 21 23 14
23 0 0 0 14 22 28 15
24 0 0 0 15 28 29 17
25 0 0 0 17 29 26 18
26 0 0 0 19 25 27 20
27 0 0 0 20 26 29 21
28 0 0 0 21 29 24 23
29 0 0 0 24 28 27 25
0
