>>writegraph3d planar <<
1 0 0 0 21 5 2 23 22
2 0 0 0 1 5 3 24 23
3 0 0 0 2 5 6 4 24
4 0 0 0 24 3 6 7 8
5 0 0 0 1 9 6 3 2
6 0 0 0 5 9 7 4 3
7 0 0 0 6 9 10 8 4
8 0 0 0 4 7 10 11 12
9 0 0 0 5 13 10 7 6
10 0 0 0 9 13 11 8 7
11 0 0 0 10 13 14 12 8
12 0 0 0 8 11 14 15 16
13 0 0 0 9 17 14 11 10
14 0 0 0 13 17 15 12 11
15 0 0 0 14 17 18 16 12
16 0 0 0 12 15 18 19 20
17 0 0 0 13 21 18 15 14
18 0 0 0 17 21 19 16 15
19 0 0 0 18 21 22 20 16
20 0 0 0 16 19 22 23 24
21 0 0 0 17 1 22 19 18
22 0 0 0 21 1 23 20 19
23 0 0 0 22 1 2 24 20
24 0 0 0 20 23 2 3 4
0
