>>writegraph3d planar <<
1 0 0 0 2 24 3
2 0 0 0 1 4 31
3 0 0 0 1 52 5
4 0 0 0 2 6 59
5 0 0 0 3 80 9
6 0 0 0 4 10 87
7 0 0 0 42 11 8
8 0 0 0 47 7 12
9 0 0 0 5 108 13
10 0 0 0 6 14 115
11 0 0 0 70 15 7
12 0 0 0 8 16 75
13 0 0 0 9 136 17
14 0 0 0 10 17 143
15 0 0 0 98 18 11
16 0 0 0 12 19 103
17 0 0 0 13 164 14
18 0 0 0 126 20 15
19 0 0 0 16 21 131
20 0 0 0 154 22 18
21 0 0 0 19 22 159
22 0 0 0 175 21 20
23 0 0 0 25 27 29
24 0 0 0 1 25 29
25 0 0 0 23 24 26
26 0 0 0 38 27 25
27 0 0 0 23 26 28
28 0 0 0 45 29 27
29 0 0 0 23 28 24
30 0 0 0 32 34 36
31 0 0 0 2 32 36
32 0 0 0 30 31 33
33 0 0 0 66 34 32
34 0 0 0 30 33 35
35 0 0 0 40 36 34
36 0 0 0 30 35 31
37 0 0 0 39 41 43
38 0 0 0 26 39 43
39 0 0 0 37 38 40
40 0 0 0 35 41 39
41 0 0 0 37 40 42
42 0 0 0 7 43 41
43 0 0 0 37 42 38
44 0 0 0 46 48 50
45 0 0 0 28 46 50
46 0 0 0 44 45 47
47 0 0 0 8 48 46
48 0 0 0 44 47 49
49 0 0 0 54 50 48
50 0 0 0 44 49 45
51 0 0 0 53 55 57
52 0 0 0 3 53 57
53 0 0 0 51 52 54
54 0 0 0 49 55 53
55 0 0 0 51 54 56
56 0 0 0 73 57 55
57 0 0 0 51 56 52
58 0 0 0 60 62 64
59 0 0 0 4 60 64
60 0 0 0 58 59 61
61 0 0 0 94 62 60
62 0 0 0 58 61 63
63 0 0 0 68 64 62
64 0 0 0 58 63 59
65 0 0 0 67 69 71
66 0 0 0 33 67 71
67 0 0 0 65 66 68
68 0 0 0 63 69 67
69 0 0 0 65 68 70
70 0 0 0 11 71 69
71 0 0 0 65 70 66
72 0 0 0 74 76 78
73 0 0 0 56 74 78
74 0 0 0 72 73 75
75 0 0 0 12 76 74
76 0 0 0 72 75 77
77 0 0 0 82 78 76
78 0 0 0 72 77 73
79 0 0 0 81 83 85
80 0 0 0 5 81 85
81 0 0 0 79 80 82
82 0 0 0 77 83 81
83 0 0 0 79 82 84
84 0 0 0 101 85 83
85 0 0 0 79 84 80
86 0 0 0 88 90 92
87 0 0 0 6 88 92
88 0 0 0 86 87 89
89 0 0 0 122 90 88
90 0 0 0 86 89 91
91 0 0 0 96 92 90
92 0 0 0 86 91 87
93 0 0 0 95 97 99
94 0 0 0 61 95 99
95 0 0 0 93 94 96
96 0 0 0 91 97 95
97 0 0 0 93 96 98
98 0 0 0 15 99 97
99 0 0 0 93 98 94
100 0 0 0 102 104 106
101 0 0 0 84 102 106
102 0 0 0 100 101 103
103 0 0 0 16 104 102
104 0 0 0 100 103 105
105 0 0 0 110 106 104
106 0 0 0 100 105 101
107 0 0 0 109 111 113
108 0 0 0 9 109 113
109 0 0 0 107 108 110
110 0 0 0 105 111 109
111 0 0 0 107 110 112
112 0 0 0 129 113 111
113 0 0 0 107 112 108
114 0 0 0 116 118 120
115 0 0 0 10 116 120
116 0 0 0 114 115 117
117 0 0 0 150 118 116
118 0 0 0 114 117 119
119 0 0 0 124 120 118
120 0 0 0 114 119 115
121 0 0 0 123 125 127
122 0 0 0 89 123 127
123 0 0 0 121 122 124
124 0 0 0 119 125 123
125 0 0 0 121 124 126
126 0 0 0 18 127 125
127 0 0 0 121 126 122
128 0 0 0 130 132 134
129 0 0 0 112 130 134
130 0 0 0 128 129 131
131 0 0 0 19 132 130
132 0 0 0 128 131 133
133 0 0 0 138 134 132
134 0 0 0 128 133 129
135 0 0 0 137 139 141
136 0 0 0 13 137 141
137 0 0 0 135 136 138
138 0 0 0 133 139 137
139 0 0 0 135 138 140
140 0 0 0 157 141 139
141 0 0 0 135 140 136
142 0 0 0 144 146 148
143 0 0 0 14 144 148
144 0 0 0 142 143 145
145 0 0 0 171 146 144
146 0 0 0 142 145 147
147 0 0 0 152 148 146
148 0 0 0 142 147 143
149 0 0 0 151 153 155
150 0 0 0 117 151 155
151 0 0 0 149 150 152
152 0 0 0 147 153 151
153 0 0 0 149 152 154
154 0 0 0 20 155 153
155 0 0 0 149 154 150
156 0 0 0 158 160 162
157 0 0 0 140 158 162
158 0 0 0 156 157 159
159 0 0 0 21 160 158
160 0 0 0 156 159 161
161 0 0 0 166 162 160
162 0 0 0 156 161 157
163 0 0 0 165 167 169
164 0 0 0 17 165 169
165 0 0 0 163 164 166
166 0 0 0 161 167 165
167 0 0 0 163 166 168
168 0 0 0 173 169 167
169 0 0 0 163 168 164
170 0 0 0 172 174 176
171 0 0 0 145 172 176
172 0 0 0 170 171 173
173 0 0 0 168 174 172
174 0 0 0 170 173 175
175 0 0 0 22 176 174
176 0 0 0 170 175 171
0
