>>writegraph3d planar <<
1 0 0 0 15 5
2 0 0 0 29 5 6
3 0 0 0 43 6 4
4 0 0 0 3 64
5 0 0 0 1 92 2
6 0 0 0 2 78 3
7 0 0 0 9 11 13
8 0 0 0 22 9 13
9 0 0 0 7 8 10
10 0 0 0 36 11 9
11 0 0 0 7 10 12
12 0 0 0 50 13 11
13 0 0 0 7 12 8
14 0 0 0 16 18 20
15 0 0 0 1 16 20
16 0 0 0 14 15 17
17 0 0 0 24 18 16
18 0 0 0 14 17 19
19 0 0 0 54 20 18
20 0 0 0 14 19 15
21 0 0 0 23 25 27
22 0 0 0 8 23 27
23 0 0 0 21 22 24
24 0 0 0 17 25 23
25 0 0 0 21 24 26
26 0 0 0 33 27 25
27 0 0 0 21 26 22
28 0 0 0 30 32 34
29 0 0 0 2 30 34
30 0 0 0 28 29 31
31 0 0 0 38 32 30
32 0 0 0 28 31 33
33 0 0 0 26 34 32
34 0 0 0 28 33 29
35 0 0 0 37 39 41
36 0 0 0 10 37 41
37 0 0 0 35 36 38
38 0 0 0 31 39 37
39 0 0 0 35 38 40
40 0 0 0 47 41 39
41 0 0 0 35 40 36
42 0 0 0 44 46 48
43 0 0 0 3 44 48
44 0 0 0 42 43 45
45 0 0 0 52 46 44
46 0 0 0 42 45 47
47 0 0 0 40 48 46
48 0 0 0 42 47 43
49 0 0 0 51 53 55
50 0 0 0 12 51 55
51 0 0 0 49 50 52
52 0 0 0 45 53 51
53 0 0 0 49 52 54
54 0 0 0 19 55 53
55 0 0 0 49 54 50
56 0 0 0 58 60 62
57 0 0 0 71 58 62
58 0 0 0 56 57 59
59 0 0 0 85 60 58
60 0 0 0 56 59 61
61 0 0 0 99 62 60
62 0 0 0 56 61 57
63 0 0 0 65 67 69
64 0 0 0 4 65 69
65 0 0 0 63 64 66
66 0 0 0 73 67 65
67 0 0 0 63 66 68
68 0 0 0 103 69 67
69 0 0 0 63 68 64
70 0 0 0 72 74 76
71 0 0 0 57 72 76
72 0 0 0 70 71 73
73 0 0 0 66 74 72
74 0 0 0 70 73 75
75 0 0 0 82 76 74
76 0 0 0 70 75 71
77 0 0 0 79 81 83
78 0 0 0 6 79 83
79 0 0 0 77 78 80
80 0 0 0 87 81 79
81 0 0 0 77 80 82
82 0 0 0 75 83 81
83 0 0 0 77 82 78
84 0 0 0 86 88 90
85 0 0 0 59 86 90
86 0 0 0 84 85 87
87 0 0 0 80 88 86
88 0 0 0 84 87 89
89 0 0 0 96 90 88
90 0 0 0 84 89 85
91 0 0 0 93 95 97
92 0 0 0 5 93 97
93 0 0 0 91 92 94
94 0 0 0 101 95 93
95 0 0 0 91 94 96
96 0 0 0 89 97 95
97 0 0 0 91 96 92
98 0 0 0 100 102 104
99 0 0 0 61 100 104
100 0 0 0 98 99 101
101 0 0 0 94 102 100
102 0 0 0 98 101 103
103 0 0 0 68 104 102
104 0 0 0 98 103 99
0
