return [ [ 16, 17, 2 ], [ 45, 1, 3 ], [ 4, 2, 29 ], [ 46, 3, 5 ], 
  [ 6, 4, 27 ], [ 47, 5, 7 ], [ 25, 8, 6 ], [ 7, 9, 39 ], [ 8, 24, 10 ], 
  [ 40, 9, 11 ], [ 12, 10, 22 ], [ 41, 11, 13 ], [ 14, 12, 20 ], 
  [ 42, 13, 15 ], [ 18, 16, 14 ], [ 15, 1, 44 ], [ 1, 18, 30 ], 
  [ 17, 15, 19 ], [ 20, 32, 18 ], [ 21, 19, 13 ], [ 33, 20, 22 ], 
  [ 11, 23, 21 ], [ 22, 24, 35 ], [ 9, 25, 23 ], [ 24, 7, 26 ], 
  [ 27, 36, 25 ], [ 28, 26, 5 ], [ 37, 27, 29 ], [ 3, 30, 28 ], 
  [ 29, 17, 31 ], [ 32, 38, 30 ], [ 19, 33, 31 ], [ 32, 21, 34 ], 
  [ 38, 33, 35 ], [ 36, 34, 23 ], [ 26, 37, 35 ], [ 36, 28, 38 ], 
  [ 31, 34, 37 ], [ 8, 40, 48 ], [ 39, 10, 41 ], [ 40, 12, 42 ], 
  [ 41, 14, 43 ], [ 42, 44, 48 ], [ 16, 45, 43 ], [ 44, 2, 46 ], 
  [ 45, 4, 47 ], [ 46, 6, 48 ], [ 47, 39, 43 ] ];
