return [ [ 18, 19, 2 ], [ 3, 40, 1 ], [ 4, 2, 32 ], [ 41, 3, 5 ], 
  [ 30, 6, 4 ], [ 5, 7, 43 ], [ 6, 29, 8 ], [ 9, 45, 7 ], [ 10, 8, 27 ], 
  [ 46, 9, 11 ], [ 25, 12, 10 ], [ 11, 13, 48 ], [ 12, 24, 14 ], 
  [ 15, 50, 13 ], [ 16, 14, 22 ], [ 51, 15, 17 ], [ 20, 18, 16 ], 
  [ 17, 1, 53 ], [ 1, 20, 33 ], [ 19, 17, 21 ], [ 22, 35, 20 ], 
  [ 23, 21, 15 ], [ 36, 22, 24 ], [ 13, 25, 23 ], [ 24, 11, 26 ], 
  [ 27, 37, 25 ], [ 28, 26, 9 ], [ 38, 27, 29 ], [ 7, 30, 28 ], 
  [ 29, 5, 31 ], [ 32, 39, 30 ], [ 33, 31, 3 ], [ 34, 32, 19 ], 
  [ 39, 33, 35 ], [ 21, 36, 34 ], [ 35, 23, 37 ], [ 26, 38, 36 ], 
  [ 37, 28, 39 ], [ 31, 34, 38 ], [ 2, 41, 54 ], [ 40, 4, 42 ], 
  [ 43, 56, 41 ], [ 44, 42, 6 ], [ 57, 43, 45 ], [ 8, 46, 44 ], 
  [ 45, 10, 47 ], [ 48, 58, 46 ], [ 49, 47, 12 ], [ 59, 48, 50 ], 
  [ 14, 51, 49 ], [ 50, 16, 52 ], [ 53, 60, 51 ], [ 54, 52, 18 ], 
  [ 55, 53, 40 ], [ 60, 54, 56 ], [ 42, 57, 55 ], [ 56, 44, 58 ], 
  [ 47, 59, 57 ], [ 58, 49, 60 ], [ 52, 55, 59 ] ];
