return [ [ 18, 19, 2 ], [ 3, 50, 1 ], [ 4, 2, 33 ], [ 51, 3, 5 ], 
  [ 4, 31, 6 ], [ 7, 53, 5 ], [ 8, 6, 29 ], [ 54, 7, 9 ], [ 27, 10, 8 ], 
  [ 9, 11, 56 ], [ 10, 26, 12 ], [ 13, 44, 11 ], [ 14, 12, 24 ], 
  [ 45, 13, 15 ], [ 16, 14, 22 ], [ 46, 15, 17 ], [ 20, 18, 16 ], 
  [ 17, 1, 48 ], [ 1, 20, 34 ], [ 19, 17, 21 ], [ 20, 22, 36 ], 
  [ 15, 23, 21 ], [ 24, 38, 22 ], [ 25, 23, 13 ], [ 39, 24, 26 ], 
  [ 11, 27, 25 ], [ 26, 9, 28 ], [ 29, 40, 27 ], [ 30, 28, 7 ], 
  [ 41, 29, 31 ], [ 5, 32, 30 ], [ 33, 43, 31 ], [ 34, 32, 3 ], 
  [ 35, 33, 19 ], [ 43, 34, 36 ], [ 37, 35, 21 ], [ 42, 36, 38 ], 
  [ 23, 39, 37 ], [ 38, 25, 40 ], [ 28, 41, 39 ], [ 40, 30, 42 ], 
  [ 43, 37, 41 ], [ 32, 35, 42 ], [ 12, 45, 57 ], [ 44, 14, 46 ], 
  [ 45, 16, 47 ], [ 48, 58, 46 ], [ 49, 47, 18 ], [ 59, 48, 50 ], 
  [ 2, 51, 49 ], [ 50, 4, 52 ], [ 53, 60, 51 ], [ 6, 54, 52 ], [ 53, 8, 55 ], 
  [ 60, 54, 56 ], [ 55, 10, 57 ], [ 56, 44, 58 ], [ 47, 59, 57 ], 
  [ 58, 49, 60 ], [ 52, 55, 59 ] ];
