return [ [ 2, 20, 21 ], [ 64, 1, 3 ], [ 2, 37, 4 ], [ 66, 3, 5 ], 
  [ 4, 35, 6 ], [ 68, 5, 7 ], [ 6, 33, 8 ], [ 9, 53, 7 ], [ 10, 8, 31 ], 
  [ 54, 9, 11 ], [ 10, 30, 12 ], [ 56, 11, 13 ], [ 12, 28, 14 ], 
  [ 15, 58, 13 ], [ 16, 14, 26 ], [ 59, 15, 17 ], [ 16, 24, 18 ], 
  [ 61, 17, 19 ], [ 22, 20, 18 ], [ 1, 63, 19 ], [ 1, 22, 38 ], 
  [ 21, 19, 23 ], [ 22, 24, 40 ], [ 17, 25, 23 ], [ 26, 42, 24 ], 
  [ 27, 25, 15 ], [ 43, 26, 28 ], [ 13, 29, 27 ], [ 28, 30, 45 ], 
  [ 11, 31, 29 ], [ 30, 9, 32 ], [ 31, 33, 46 ], [ 7, 34, 32 ], 
  [ 35, 48, 33 ], [ 36, 34, 5 ], [ 49, 35, 37 ], [ 3, 38, 36 ], 
  [ 37, 21, 39 ], [ 38, 40, 50 ], [ 39, 23, 41 ], [ 42, 52, 40 ], 
  [ 25, 43, 41 ], [ 42, 27, 44 ], [ 52, 43, 45 ], [ 44, 29, 46 ], 
  [ 45, 32, 47 ], [ 48, 51, 46 ], [ 34, 49, 47 ], [ 48, 36, 50 ], 
  [ 51, 49, 39 ], [ 47, 50, 52 ], [ 41, 44, 51 ], [ 8, 54, 69 ], 
  [ 53, 10, 55 ], [ 54, 56, 71 ], [ 55, 12, 57 ], [ 58, 73, 56 ], 
  [ 14, 59, 57 ], [ 58, 16, 60 ], [ 73, 59, 61 ], [ 60, 18, 62 ], 
  [ 61, 63, 74 ], [ 20, 64, 62 ], [ 63, 2, 65 ], [ 66, 75, 64 ], 
  [ 67, 65, 4 ], [ 76, 66, 68 ], [ 69, 67, 6 ], [ 70, 68, 53 ], 
  [ 76, 69, 71 ], [ 70, 55, 72 ], [ 71, 73, 74 ], [ 57, 60, 72 ], 
  [ 72, 62, 75 ], [ 65, 76, 74 ], [ 75, 67, 70 ] ];
