return [ [ 2, 22, 23 ], [ 59, 1, 3 ], [ 2, 41, 4 ], [ 61, 3, 5 ], 
  [ 4, 39, 6 ], [ 63, 5, 7 ], [ 6, 37, 8 ], [ 65, 7, 9 ], [ 8, 35, 10 ], 
  [ 11, 67, 9 ], [ 12, 10, 33 ], [ 68, 11, 13 ], [ 12, 32, 14 ], 
  [ 70, 13, 15 ], [ 14, 30, 16 ], [ 72, 15, 17 ], [ 16, 28, 18 ], 
  [ 74, 17, 19 ], [ 18, 26, 20 ], [ 76, 19, 21 ], [ 24, 22, 20 ], 
  [ 1, 58, 21 ], [ 1, 24, 42 ], [ 23, 21, 25 ], [ 24, 26, 44 ], 
  [ 19, 27, 25 ], [ 28, 46, 26 ], [ 29, 27, 17 ], [ 47, 28, 30 ], 
  [ 15, 31, 29 ], [ 30, 32, 49 ], [ 13, 33, 31 ], [ 32, 11, 34 ], 
  [ 33, 35, 50 ], [ 9, 36, 34 ], [ 37, 52, 35 ], [ 38, 36, 7 ], 
  [ 53, 37, 39 ], [ 40, 38, 5 ], [ 54, 39, 41 ], [ 3, 42, 40 ], 
  [ 41, 23, 43 ], [ 42, 44, 55 ], [ 43, 25, 45 ], [ 46, 57, 44 ], 
  [ 27, 47, 45 ], [ 46, 29, 48 ], [ 57, 47, 49 ], [ 48, 31, 50 ], 
  [ 49, 34, 51 ], [ 50, 52, 56 ], [ 36, 53, 51 ], [ 52, 38, 54 ], 
  [ 53, 40, 55 ], [ 54, 43, 56 ], [ 55, 57, 51 ], [ 45, 48, 56 ], 
  [ 22, 59, 77 ], [ 58, 2, 60 ], [ 59, 61, 79 ], [ 60, 4, 62 ], 
  [ 63, 81, 61 ], [ 64, 62, 6 ], [ 82, 63, 65 ], [ 64, 8, 66 ], 
  [ 65, 67, 84 ], [ 10, 68, 66 ], [ 67, 12, 69 ], [ 68, 70, 85 ], 
  [ 69, 14, 71 ], [ 72, 87, 70 ], [ 73, 71, 16 ], [ 88, 72, 74 ], 
  [ 75, 73, 18 ], [ 89, 74, 76 ], [ 75, 20, 77 ], [ 76, 58, 78 ], 
  [ 77, 79, 90 ], [ 78, 60, 80 ], [ 81, 92, 79 ], [ 62, 82, 80 ], 
  [ 81, 64, 83 ], [ 92, 82, 84 ], [ 83, 66, 85 ], [ 84, 69, 86 ], 
  [ 85, 87, 91 ], [ 71, 88, 86 ], [ 87, 73, 89 ], [ 88, 75, 90 ], 
  [ 89, 78, 91 ], [ 90, 92, 86 ], [ 80, 83, 91 ] ];
