return [ [ 28, 29, 2 ], [ 109, 1, 3 ], [ 2, 53, 4 ], [ 5, 85, 3 ], 
  [ 6, 4, 51 ], [ 86, 5, 7 ], [ 6, 49, 8 ], [ 88, 7, 9 ], [ 8, 47, 10 ], 
  [ 90, 9, 11 ], [ 10, 45, 12 ], [ 92, 11, 13 ], [ 43, 14, 12 ], 
  [ 13, 15, 94 ], [ 14, 42, 16 ], [ 96, 15, 17 ], [ 16, 40, 18 ], 
  [ 19, 98, 17 ], [ 20, 18, 38 ], [ 99, 19, 21 ], [ 20, 36, 22 ], 
  [ 101, 21, 23 ], [ 22, 34, 24 ], [ 103, 23, 25 ], [ 24, 32, 26 ], 
  [ 105, 25, 27 ], [ 30, 28, 26 ], [ 27, 1, 107 ], [ 1, 30, 54 ], 
  [ 29, 27, 31 ], [ 30, 32, 56 ], [ 25, 33, 31 ], [ 34, 58, 32 ], 
  [ 35, 33, 23 ], [ 59, 34, 36 ], [ 21, 37, 35 ], [ 36, 38, 61 ], 
  [ 19, 39, 37 ], [ 38, 40, 63 ], [ 17, 41, 39 ], [ 40, 42, 65 ], 
  [ 15, 43, 41 ], [ 42, 13, 44 ], [ 43, 45, 66 ], [ 11, 46, 44 ], 
  [ 47, 68, 45 ], [ 48, 46, 9 ], [ 69, 47, 49 ], [ 7, 50, 48 ], 
  [ 49, 51, 71 ], [ 5, 52, 50 ], [ 51, 53, 73 ], [ 3, 54, 52 ], 
  [ 53, 29, 55 ], [ 54, 56, 74 ], [ 55, 31, 57 ], [ 56, 58, 76 ], 
  [ 33, 59, 57 ], [ 58, 35, 60 ], [ 59, 61, 77 ], [ 60, 37, 62 ], 
  [ 63, 79, 61 ], [ 64, 62, 39 ], [ 80, 63, 65 ], [ 64, 41, 66 ], 
  [ 65, 44, 67 ], [ 66, 68, 81 ], [ 46, 69, 67 ], [ 68, 48, 70 ], 
  [ 69, 71, 82 ], [ 70, 50, 72 ], [ 73, 84, 71 ], [ 74, 72, 52 ], 
  [ 75, 73, 55 ], [ 84, 74, 76 ], [ 75, 57, 77 ], [ 76, 60, 78 ], 
  [ 77, 79, 83 ], [ 62, 80, 78 ], [ 79, 64, 81 ], [ 80, 67, 82 ], 
  [ 81, 70, 83 ], [ 82, 84, 78 ], [ 72, 75, 83 ], [ 4, 86, 110 ], 
  [ 85, 6, 87 ], [ 86, 88, 112 ], [ 87, 8, 89 ], [ 90, 114, 88 ], 
  [ 91, 89, 10 ], [ 115, 90, 92 ], [ 91, 12, 93 ], [ 92, 94, 117 ], 
  [ 93, 14, 95 ], [ 94, 96, 119 ], [ 95, 16, 97 ], [ 96, 98, 121 ], 
  [ 18, 99, 97 ], [ 98, 20, 100 ], [ 99, 101, 122 ], [ 100, 22, 102 ], 
  [ 103, 124, 101 ], [ 104, 102, 24 ], [ 125, 103, 105 ], [ 104, 26, 106 ], 
  [ 105, 107, 127 ], [ 28, 108, 106 ], [ 107, 109, 129 ], [ 108, 2, 110 ], 
  [ 109, 85, 111 ], [ 110, 112, 130 ], [ 111, 87, 113 ], [ 112, 114, 132 ], 
  [ 89, 115, 113 ], [ 114, 91, 116 ], [ 115, 117, 133 ], [ 116, 93, 118 ], 
  [ 119, 135, 117 ], [ 120, 118, 95 ], [ 136, 119, 121 ], [ 120, 97, 122 ], 
  [ 121, 100, 123 ], [ 122, 124, 137 ], [ 102, 125, 123 ], [ 124, 104, 126 ], 
  [ 125, 127, 138 ], [ 126, 106, 128 ], [ 129, 140, 127 ], [ 130, 128, 108 ], 
  [ 131, 129, 111 ], [ 140, 130, 132 ], [ 131, 113, 133 ], [ 132, 116, 134 ], 
  [ 133, 135, 139 ], [ 118, 136, 134 ], [ 135, 120, 137 ], [ 136, 123, 138 ], 
  [ 137, 126, 139 ], [ 138, 140, 134 ], [ 128, 131, 139 ] ];
