return [ [ 22, 23, 2 ], [ 68, 1, 3 ], [ 2, 41, 4 ], [ 5, 70, 3 ], 
  [ 6, 4, 39 ], [ 71, 5, 7 ], [ 6, 37, 8 ], [ 73, 7, 9 ], [ 8, 35, 10 ], 
  [ 75, 9, 11 ], [ 33, 12, 10 ], [ 11, 13, 77 ], [ 12, 32, 14 ], 
  [ 15, 60, 13 ], [ 16, 14, 30 ], [ 61, 15, 17 ], [ 16, 28, 18 ], 
  [ 19, 63, 17 ], [ 20, 18, 26 ], [ 64, 19, 21 ], [ 24, 22, 20 ], 
  [ 21, 1, 66 ], [ 1, 24, 42 ], [ 23, 21, 25 ], [ 26, 44, 24 ], 
  [ 27, 25, 19 ], [ 45, 26, 28 ], [ 17, 29, 27 ], [ 28, 30, 47 ], 
  [ 15, 31, 29 ], [ 30, 32, 49 ], [ 13, 33, 31 ], [ 32, 11, 34 ], 
  [ 33, 35, 50 ], [ 9, 36, 34 ], [ 37, 52, 35 ], [ 38, 36, 7 ], 
  [ 53, 37, 39 ], [ 5, 40, 38 ], [ 39, 41, 55 ], [ 3, 42, 40 ], 
  [ 41, 23, 43 ], [ 42, 44, 56 ], [ 25, 45, 43 ], [ 44, 27, 46 ], 
  [ 45, 47, 57 ], [ 46, 29, 48 ], [ 49, 59, 47 ], [ 50, 48, 31 ], 
  [ 51, 49, 34 ], [ 59, 50, 52 ], [ 36, 53, 51 ], [ 52, 38, 54 ], 
  [ 55, 58, 53 ], [ 56, 54, 40 ], [ 57, 55, 43 ], [ 58, 56, 46 ], 
  [ 54, 57, 59 ], [ 48, 51, 58 ], [ 14, 61, 78 ], [ 60, 16, 62 ], 
  [ 61, 63, 80 ], [ 18, 64, 62 ], [ 63, 20, 65 ], [ 64, 66, 81 ], 
  [ 22, 67, 65 ], [ 68, 83, 66 ], [ 69, 67, 2 ], [ 84, 68, 70 ], 
  [ 4, 71, 69 ], [ 70, 6, 72 ], [ 73, 85, 71 ], [ 74, 72, 8 ], 
  [ 86, 73, 75 ], [ 74, 10, 76 ], [ 77, 88, 75 ], [ 78, 76, 12 ], 
  [ 79, 77, 60 ], [ 88, 78, 80 ], [ 79, 62, 81 ], [ 80, 65, 82 ], 
  [ 81, 83, 87 ], [ 67, 84, 82 ], [ 83, 69, 85 ], [ 72, 86, 84 ], 
  [ 85, 74, 87 ], [ 86, 88, 82 ], [ 76, 79, 87 ] ];
