>>writegraph3d planar <<
1 0 0 0 3 8 7 6 2
2 0 0 0 1 6 5 4 3
3 0 0 0 2 4 9 8 1
4 0 0 0 2 5 10 9 3
5 0 0 0 2 6 11 10 4
6 0 0 0 2 1 7 11 5
7 0 0 0 1 8 12 11 6
8 0 0 0 1 3 13 12 7
9 0 0 0 4 10 16 17 3
10 0 0 0 4 5 11 16 9
11 0 0 0 5 6 7 12 10
12 0 0 0 7 8 13 14 11
13 0 0 0 8 23 18 14 12
14 0 0 0 13 18 19 15 12
15 0 0 0 14 19 20 21 16
16 0 0 0 15 21 17 9 10
17 0 0 0 16 21 22 23 9
18 0 0 0 13 23 24 19 14
19 0 0 0 18 24 20 15 14
20 0 0 0 19 24 22 21 15
21 0 0 0 20 22 17 16 15
22 0 0 0 21 20 24 23 17
23 0 0 0 22 24 18 13 17
24 0 0 0 22 20 19 18 23
0
