return [[78,2,81],
[1,75,3],
[2,4,76],
[3,5,6],
[75,7,4],
[4,8,14],
[5,10,8],
[7,12,6],
[75,15,10],
[7,9,11],
[10,16,12],
[8,11,13],
[12,17,14],
[6,13,76],
[9,18,16],
[11,15,17],
[16,19,13],
[15,20,19],
[18,76,17],
[75,21,18],
[20,23,76],
[75,27,23],
[21,22,24],
[23,28,25],
[24,26,76],
[25,29,53],
[22,30,28],
[27,29,24],
[28,31,26],
[32,31,27],
[30,74,29],
[75,33,30],
[32,34,74],
[35,38,33],
[75,36,34],
[35,40,37],
[36,42,38],
[37,44,34],
[75,45,40],
[39,41,36],
[40,46,42],
[41,43,37],
[42,47,44],
[43,74,38],
[39,48,46],
[45,47,41],
[46,49,43],
[45,50,49],
[48,74,47],
[75,52,48],
[77,80,52],
[50,51,74],
[26,74,54],
[53,55,76],
[54,56,59],
[55,74,57],
[56,60,58],
[57,62,59],
[55,58,64],
[57,65,61],
[62,60,67],
[58,61,63],
[64,62,68],
[59,63,76],
[60,74,66],
[65,69,67],
[61,66,68],
[63,67,70],
[66,71,70],
[68,69,76],
[69,74,72],
[71,73,76],
[72,79,82],
[31,33,44,49,52,79,71,65,56,53],
[2,77,50,39,35,32,22,20,9,5],
[3,14,19,21,25,54,64,70,72,81],
[78,51,75],
[77,1,83],
[74,80,73],
[79,51,83],
[82,1,76],
[83,81,73],
[80,78,82]];
