return [[71,3,2],
[1,5,72],
[1,6,4],
[3,8,5],
[2,4,10],
[3,11,7],
[6,13,8],
[4,7,9],
[8,14,10],
[5,9,16],
[6,71,12],
[11,17,13],
[7,12,14],
[9,13,15],
[14,17,16],
[15,72,10],
[12,18,15],
[17,71,72],
[71,21,20],
[72,19,23],
[19,24,22],
[21,26,23],
[20,22,28],
[21,34,25],
[24,32,26],
[22,25,27],
[26,31,28],
[23,27,29],
[28,30,72],
[31,73,29],
[27,32,30],
[25,33,31],
[34,73,32],
[71,33,24],
[71,36,73],
[35,45,37],
[36,38,39],
[44,41,37],
[37,40,73],
[41,52,39],
[38,42,40],
[43,49,41],
[47,42,44],
[45,43,38],
[46,44,36],
[71,47,45],
[46,48,43],
[47,50,49],
[48,52,42],
[71,51,48],
[50,73,52],
[49,51,40],
[73,54,72],
[53,61,55],
[54,58,56],
[55,57,72],
[56,59,67],
[55,60,59],
[58,65,57],
[61,64,58],
[54,62,60],
[61,73,63],
[64,62,69],
[60,63,65],
[59,64,66],
[65,69,67],
[57,66,68],
[67,70,72],
[66,63,70],
[69,73,68],
[74,50,46,35,34,19,18,11,1],
[18,20,29,53,56,68,74,2,16],
[35,39,51,74,70,62,53,30,33],
[71,72,73]];
