return [[51,3,2],
[70,1,5],
[1,7,4],
[3,9,5],
[2,4,11],
[51,12,7],
[3,6,8],
[7,13,9],
[4,8,10],
[9,14,11],
[5,10,71],
[6,16,13],
[8,12,14],
[10,13,17],
[51,18,16],
[12,15,17],
[14,16,71],
[15,20,71],
[51,22,20],
[18,19,21],
[20,23,24],
[19,25,23],
[21,22,26],
[21,27,71],
[22,30,28],
[23,28,27],
[24,26,29],
[26,25,31],
[27,31,72],
[25,51,32],
[28,32,29],
[31,30,33],
[32,34,72],
[33,51,35],
[34,36,38],
[35,40,37],
[36,42,39],
[35,39,72],
[38,37,43],
[36,51,41],
[40,46,42],
[37,41,45],
[39,45,44],
[43,48,72],
[43,42,47],
[41,49,47],
[45,46,48],
[44,47,50],
[46,51,50],
[48,49,73],
[74,49,40,34,30,19,15,6,1],
[53,72,55],
[54,52,57],
[71,53,59],
[56,52,60],
[57,55,61],
[53,56,58],
[59,57,62],
[54,58,63],
[66,55,65],
[62,56,66],
[58,61,67],
[59,67,64],
[63,69,71],
[69,60,72],
[68,61,60],
[63,62,68],
[67,66,69],
[64,68,65],
[74,2,71],
[70,11,17,18,24,72,54,64,72],
[71,65,52,71,29,33,38,44,73],
[72,50,74],
[73,51,70]];









