return [[74,69,2],
[1,3,71],
[2,19,4],
[3,17,5],
[71,4,6],
[5,16,7],
[6,12,8],
[7,9,71],
[8,11,10],
[9,69,20],
[12,15,9],
[7,13,11],
[16,14,12],
[13,18,15],
[14,69,11],
[6,17,13],
[4,18,16],
[17,19,14],
[3,69,18],
[71,10,21],
[20,27,22],
[21,26,23],
[71,22,24],
[23,25,31],
[24,26,30],
[22,28,25],
[21,69,28],
[26,27,29],
[28,49,30],
[25,29,70],
[24,70,32],
[71,31,33],
[32,48,34],
[35,33,45],
[71,34,36],
[35,44,37],
[38,36,42],
[71,37,39],
[38,40,72],
[39,42,41],
[40,47,70],
[37,43,40],
[42,44,47],
[36,45,43],
[44,34,46],
[45,48,47],
[43,46,41],
[46,33,70],
[29,69,50],
[49,51,70],
[50,63,52],
[51,62,53],
[52,54,70],
[53,60,55],
[54,59,56],
[55,57,70],
[58,67,56],
[59,66,57],
[61,58,55],
[62,61,54],
[60,65,59],
[52,64,60],
[51,69,64],
[63,65,62],
[64,66,61],
[65,69,58],
[69,68,57],
[67,74,70],
[10,15,19,1,67,66,63,49,27],
[30,50,53,56,68,72,41,48,31],
[2,5,8,20,23,32,35,38,73],
[39,70,73],
[71,72,74],
[68,1,73]];



