return [[73,6,2],
[1,8,3],
[74,2,4],
[3,9,5],
[4,11,53],
[1,12,7],
[6,13,8],
[2,7,9],
[8,10,4],
[9,13,11],
[10,14,5],
[6,16,15],
[7,15,10],
[15,17,11],
[12,14,13],
[12,73,17],
[16,53,14],
[73,19,53],
[29,20,18],
[19,31,21],
[20,22,53],
[32,23,21],
[25,24,22],
[23,54,53],
[26,23,33],
[27,54,25],
[28,26,34],
[73,27,29],
[28,30,19],
[34,31,29],
[30,32,20],
[31,33,22],
[34,25,32],
[30,27,33],
[54,37,36],
[35,39,53],
[35,40,38],
[37,42,39],
[36,38,44],
[37,45,41],
[40,47,42],
[38,41,43],
[42,48,44],
[39,43,50],
[40,54,46],
[45,51,47],
[41,46,48],
[47,49,43],
[48,51,50],
[49,53,44],
[46,52,49],
[53,51,54],
[74,5,17,18,21,24,36,50,52],
[52,45,35,24,26,73,55,58,73],
[56,54,64],
[57,55,66],
[68,58,56],
[59,54,57],
[60,58,69],
[73,59,61],
[60,70,62],
[61,72,63],
[62,64,73],
[63,65,55],
[72,66,64],
[67,56,65],
[71,68,66],
[69,57,67],
[59,68,70],
[61,69,71],
[70,67,72],
[62,71,65],
[54,60,63,54,28,18,16,1,74],
[73,3,53]];