>>writegraph3d planar <<
1 0 0 0 3 48 43 44 2
2 0 0 0 1 15 5 4 3
3 0 0 0 2 4 31 48 1
4 0 0 0 2 5 6 7 3
5 0 0 0 2 15 14 6 4
6 0 0 0 5 14 8 7 4
7 0 0 0 6 8 9 10 4
8 0 0 0 6 14 13 9 7
9 0 0 0 8 13 11 10 7
10 0 0 0 9 11 12 16 7
11 0 0 0 9 13 15 12 10
12 0 0 0 11 22 17 16 10
13 0 0 0 9 8 14 15 11
14 0 0 0 8 6 5 15 13
15 0 0 0 14 5 2 11 13
16 0 0 0 12 17 18 19 10
17 0 0 0 12 22 21 18 16
18 0 0 0 17 21 20 19 16
19 0 0 0 18 20 24 25 16
20 0 0 0 18 21 23 24 19
21 0 0 0 18 17 22 23 20
22 0 0 0 12 36 23 21 17
23 0 0 0 22 36 37 20 21
24 0 0 0 20 34 26 25 19
25 0 0 0 24 26 27 28 19
26 0 0 0 24 34 35 27 25
27 0 0 0 26 35 29 28 25
28 0 0 0 27 29 30 31 25
29 0 0 0 27 35 33 30 28
30 0 0 0 29 33 32 31 28
31 0 0 0 30 32 48 3 28
32 0 0 0 30 33 34 48 31
33 0 0 0 30 29 35 34 32
34 0 0 0 33 35 26 24 32
35 0 0 0 29 27 26 34 33
36 0 0 0 22 47 38 37 23
37 0 0 0 36 38 39 40 23
38 0 0 0 36 47 46 39 37
39 0 0 0 38 46 41 40 37
40 0 0 0 39 41 42 43 37
41 0 0 0 39 46 45 42 40
42 0 0 0 41 45 44 43 40
43 0 0 0 42 44 1 48 40
44 0 0 0 42 45 47 1 43
45 0 0 0 42 41 46 47 44
46 0 0 0 39 38 47 45 41
47 0 0 0 36 44 45 46 38
48 0 0 0 1 3 31 32 43
0
