>>writegraph3d planar <<
1 0 0 0 3 48 7 4 2
2 0 0 0 1 4 5 6 3
3 0 0 0 2 31 36 48 1
4 0 0 0 1 7 8 5 2
5 0 0 0 4 8 9 6 2
6 0 0 0 5 9 11 13 2
7 0 0 0 1 12 10 8 4
8 0 0 0 7 10 9 5 4
9 0 0 0 8 10 11 6 5
10 0 0 0 7 12 11 9 8
11 0 0 0 10 12 13 6 9
12 0 0 0 7 14 13 11 10
13 0 0 0 11 12 14 15 6
14 0 0 0 12 22 16 15 13
15 0 0 0 14 16 17 18 13
16 0 0 0 14 22 23 17 15
17 0 0 0 16 23 19 18 15
18 0 0 0 17 19 20 25 15
19 0 0 0 17 23 21 20 18
20 0 0 0 19 21 26 25 18
21 0 0 0 19 23 22 24 20
22 0 0 0 14 24 21 23 16
23 0 0 0 16 22 21 19 17
24 0 0 0 22 37 38 39 21
25 0 0 0 20 26 27 28 18
26 0 0 0 20 34 35 27 25
27 0 0 0 26 35 29 28 25
28 0 0 0 27 29 30 31 25
29 0 0 0 27 35 33 30 28
30 0 0 0 28 29 33 32 31
31 0 0 0 30 32 36 3 28
32 0 0 0 30 33 34 36 31
33 0 0 0 30 29 35 34 32
34 0 0 0 33 35 26 36 32
35 0 0 0 33 29 27 26 34
36 0 0 0 31 32 34 48 3
37 0 0 0 24 45 42 40 38
38 0 0 0 37 40 41 39 24
39 0 0 0 38 41 44 47 24
40 0 0 0 37 42 43 41 38
41 0 0 0 40 43 44 39 38
42 0 0 0 37 45 46 43 40
43 0 0 0 42 46 44 41 40
44 0 0 0 43 46 47 39 41
45 0 0 0 37 48 47 46 42
46 0 0 0 45 47 44 43 42
47 0 0 0 46 45 48 39 44
48 0 0 0 45 1 3 36 47
0
