>>writegraph3d planar <<
1 0 0 0 3 2 10 13 19
2 0 0 0 1 3 4 9 10
3 0 0 0 2 1 19 5 4
4 0 0 0 2 3 5 6 9
5 0 0 0 4 3 11 7 6
6 0 0 0 4 5 7 8 9
7 0 0 0 6 5 11 12 8
8 0 0 0 6 7 12 10 9
9 0 0 0 6 8 10 2 4
10 0 0 0 2 9 8 13 1
11 0 0 0 7 5 31 30 12
12 0 0 0 7 11 30 18 8
13 0 0 0 10 14 20 19 1
14 0 0 0 13 15 22 21 20
15 0 0 0 14 16 24 23 22
16 0 0 0 15 17 26 25 24
17 0 0 0 16 18 28 27 26
18 0 0 0 17 12 30 29 28
19 0 0 0 1 13 20 36 3
20 0 0 0 13 14 21 36 19
21 0 0 0 20 14 22 35 36
22 0 0 0 21 14 15 23 35
23 0 0 0 22 15 24 34 35
24 0 0 0 23 15 16 25 34
25 0 0 0 24 16 26 33 34
26 0 0 0 25 16 17 27 33
27 0 0 0 26 17 28 32 33
28 0 0 0 27 17 18 29 32
29 0 0 0 28 18 30 31 32
30 0 0 0 29 18 12 11 31
31 0 0 0 30 11 39 32 29
32 0 0 0 29 31 33 27 28
33 0 0 0 27 32 34 25 26
34 0 0 0 25 33 35 23 24
35 0 0 0 23 34 36 21 22
36 0 0 0 21 35 37 19 20
37 0 0 0 36 38 40 43 47
38 0 0 0 37 39 42 41 40
39 0 0 0 38 31 47 46 42
40 0 0 0 37 38 41 44 43
41 0 0 0 40 38 42 45 44
42 0 0 0 41 38 39 46 45
43 0 0 0 37 40 44 48 47
44 0 0 0 43 40 41 45 48
45 0 0 0 44 41 42 46 48
46 0 0 0 45 42 39 47 48
47 0 0 0 46 39 37 43 48
48 0 0 0 46 47 43 44 45
0
