>>writegraph3d planar <<
1 0 0 0 3 2 5 7 35
2 0 0 0 1 3 4 6 5
3 0 0 0 2 1 35 36 4
4 0 0 0 2 3 10 9 6
5 0 0 0 1 2 6 8 7
6 0 0 0 5 2 4 9 8
7 0 0 0 1 5 8 11 12
8 0 0 0 7 5 6 9 11
9 0 0 0 8 6 4 10 11
10 0 0 0 9 4 13 12 11
11 0 0 0 7 8 9 10 12
12 0 0 0 7 11 10 13 14
13 0 0 0 12 10 16 15 14
14 0 0 0 12 13 15 17 19
15 0 0 0 14 13 16 18 17
16 0 0 0 15 13 37 21 18
17 0 0 0 14 15 18 20 19
18 0 0 0 17 15 16 21 20
19 0 0 0 14 17 20 22 23
20 0 0 0 19 17 18 21 22
21 0 0 0 20 18 16 24 22
22 0 0 0 19 20 21 24 23
23 0 0 0 19 22 24 26 25
24 0 0 0 23 22 21 27 26
25 0 0 0 23 26 28 30 29
26 0 0 0 25 23 24 27 28
27 0 0 0 26 24 32 31 28
28 0 0 0 25 26 27 31 30
29 0 0 0 25 30 33 34 35
30 0 0 0 29 25 28 31 33
31 0 0 0 30 28 27 32 33
32 0 0 0 31 27 36 34 33
33 0 0 0 29 30 31 32 34
34 0 0 0 29 33 32 36 35
35 0 0 0 29 34 36 3 1
36 0 0 0 35 34 32 42 3
37 0 0 0 39 38 43 47 16
38 0 0 0 37 39 40 44 43
39 0 0 0 38 37 42 41 40
40 0 0 0 38 39 41 45 44
41 0 0 0 40 39 42 46 45
42 0 0 0 41 39 36 47 46
43 0 0 0 37 38 44 48 47
44 0 0 0 43 38 40 45 48
45 0 0 0 44 40 41 46 48
46 0 0 0 45 41 42 47 48
47 0 0 0 37 43 48 46 42
48 0 0 0 47 43 44 45 46
0
