>>writegraph3d planar <<
1 0 0 0 2 3 4
2 0 0 0 1 5 6
3 0 0 0 1 6 7
4 0 0 0 1 8 5
5 0 0 0 2 4 9
6 0 0 0 2 9 3
7 0 0 0 3 10 11
8 0 0 0 4 12 9
9 0 0 0 5 8 6
10 0 0 0 7 13 14
11 0 0 0 7 14 15
12 0 0 0 8 16 17
13 0 0 0 10 18 19
14 0 0 0 10 19 11
15 0 0 0 11 19 20
16 0 0 0 12 21 22
17 0 0 0 12 23 24
18 0 0 0 13 25 26
19 0 0 0 13 15 14
20 0 0 0 15 27 28
21 0 0 0 16 28 29
22 0 0 0 16 29 27
23 0 0 0 17 26 30
24 0 0 0 17 30 25
25 0 0 0 18 24 31
26 0 0 0 18 31 23
27 0 0 0 20 22 32
28 0 0 0 20 32 21
29 0 0 0 21 32 22
30 0 0 0 23 31 24
31 0 0 0 25 30 26
32 0 0 0 27 29 28
0
