>>writegraph3d planar <<
1 0 0 0 2 3 4
2 0 0 0 1 5 6
3 0 0 0 1 7 8
4 0 0 0 1 9 10
5 0 0 0 2 10 11
6 0 0 0 2 12 7
7 0 0 0 3 6 13
8 0 0 0 3 14 15
9 0 0 0 4 16 17
10 0 0 0 4 18 5
11 0 0 0 5 19 12
12 0 0 0 6 11 20
13 0 0 0 7 20 21
14 0 0 0 8 22 23
15 0 0 0 8 24 25
16 0 0 0 9 26 21
17 0 0 0 9 27 18
18 0 0 0 10 17 19
19 0 0 0 11 18 28
20 0 0 0 12 28 13
21 0 0 0 13 27 16
22 0 0 0 14 29 30
23 0 0 0 14 31 24
24 0 0 0 15 23 32
25 0 0 0 15 33 34
26 0 0 0 16 35 36
27 0 0 0 17 21 28
28 0 0 0 19 27 20
29 0 0 0 22 37 38
30 0 0 0 22 39 31
31 0 0 0 23 30 40
32 0 0 0 24 40 33
33 0 0 0 25 32 41
34 0 0 0 25 42 43
35 0 0 0 26 44 45
36 0 0 0 26 46 47
37 0 0 0 29 48 49
38 0 0 0 29 42 39
39 0 0 0 30 38 50
40 0 0 0 31 50 32
41 0 0 0 33 50 42
42 0 0 0 34 41 38
43 0 0 0 34 51 52
44 0 0 0 35 53 54
45 0 0 0 35 55 56
46 0 0 0 36 57 58
47 0 0 0 36 59 60
48 0 0 0 37 60 61
49 0 0 0 37 62 57
50 0 0 0 39 41 40
51 0 0 0 43 56 63
52 0 0 0 43 64 53
53 0 0 0 44 52 65
54 0 0 0 44 66 55
55 0 0 0 45 54 67
56 0 0 0 45 68 51
57 0 0 0 46 49 69
58 0 0 0 46 70 59
59 0 0 0 47 58 71
60 0 0 0 47 72 48
61 0 0 0 48 73 62
62 0 0 0 49 61 74
63 0 0 0 51 75 64
64 0 0 0 52 63 76
65 0 0 0 53 76 66
66 0 0 0 54 65 77
67 0 0 0 55 77 68
68 0 0 0 56 67 75
69 0 0 0 57 74 70
70 0 0 0 58 69 78
71 0 0 0 59 78 72
72 0 0 0 60 71 73
73 0 0 0 61 72 79
74 0 0 0 62 79 69
75 0 0 0 63 68 80
76 0 0 0 64 80 65
77 0 0 0 66 80 67
78 0 0 0 70 79 71
79 0 0 0 73 78 74
80 0 0 0 75 77 76
0
