>>writegraph3d planar <<
1 0 0 0 2 3 4 5
2 0 0 0 1 6 7 3
3 0 0 0 1 2 7 8
4 0 0 0 1 9 10 5
5 0 0 0 1 4 11 12
6 0 0 0 2 13 8 7
7 0 0 0 2 6 8 3
8 0 0 0 3 7 6 13
9 0 0 0 4 14 15 10
10 0 0 0 4 9 15 16
11 0 0 0 5 17 18 12
12 0 0 0 5 11 18 19
13 0 0 0 6 20 21 8
14 0 0 0 9 22 16 15
15 0 0 0 9 14 16 10
16 0 0 0 10 15 14 22
17 0 0 0 11 23 19 18
18 0 0 0 11 17 19 12
19 0 0 0 12 18 17 23
20 0 0 0 13 24 25 21
21 0 0 0 13 20 25 26
22 0 0 0 14 27 28 16
23 0 0 0 17 29 30 19
24 0 0 0 20 31 26 25
25 0 0 0 20 24 26 21
26 0 0 0 21 25 24 31
27 0 0 0 22 32 33 28
28 0 0 0 22 27 33 34
29 0 0 0 23 35 36 30
30 0 0 0 23 29 36 37
31 0 0 0 24 38 39 26
32 0 0 0 27 39 34 33
33 0 0 0 27 32 34 28
34 0 0 0 28 33 32 39
35 0 0 0 29 38 37 36
36 0 0 0 29 35 37 30
37 0 0 0 30 36 35 38
38 0 0 0 31 37 35 39
39 0 0 0 31 38 34 32
0
