>>writegraph3d planar <<
1 0 0 0 6 2 5
2 0 0 0 8 3 1
3 0 0 0 42 4 2
4 0 0 0 43 5 3
5 0 0 0 4 44 1
6 0 0 0 7 1 9
7 0 0 0 8 6 11
8 0 0 0 41 2 7
9 0 0 0 12 10 6
10 0 0 0 14 11 9
11 0 0 0 10 40 7
12 0 0 0 15 13 9
13 0 0 0 12 17 14
14 0 0 0 39 10 13
15 0 0 0 18 16 12
16 0 0 0 15 20 17
17 0 0 0 13 16 38
18 0 0 0 45 19 15
19 0 0 0 18 21 20
20 0 0 0 16 19 23
21 0 0 0 19 24 22
22 0 0 0 21 26 23
23 0 0 0 20 22 28
24 0 0 0 21 46 25
25 0 0 0 26 24 47
26 0 0 0 22 25 27
27 0 0 0 29 28 26
28 0 0 0 27 31 23
29 0 0 0 30 27 48
30 0 0 0 31 29 32
31 0 0 0 28 30 34
32 0 0 0 33 30 35
33 0 0 0 34 32 36
34 0 0 0 31 33 37
35 0 0 0 49 32 113
36 0 0 0 33 54 55
37 0 0 0 60 61 34
38 0 0 0 61 62 17
39 0 0 0 67 14 66
40 0 0 0 71 72 11
41 0 0 0 77 8 76
42 0 0 0 82 3 81
43 0 0 0 88 4 87
44 0 0 0 93 94 5
45 0 0 0 95 18 94
46 0 0 0 24 98 99
47 0 0 0 105 25 104
48 0 0 0 29 108 109
49 0 0 0 50 35 74
50 0 0 0 51 49 114
51 0 0 0 52 50 134
52 0 0 0 53 51 136
53 0 0 0 54 52 69
54 0 0 0 36 53 140
55 0 0 0 141 56 36
56 0 0 0 143 57 55
57 0 0 0 65 58 56
58 0 0 0 144 59 57
59 0 0 0 146 60 58
60 0 0 0 150 37 59
61 0 0 0 151 38 37
62 0 0 0 152 63 38
63 0 0 0 62 147 64
64 0 0 0 144 65 63
65 0 0 0 64 57 66
66 0 0 0 143 39 65
67 0 0 0 68 39 142
68 0 0 0 69 67 140
69 0 0 0 70 68 53
70 0 0 0 71 69 136
71 0 0 0 139 40 70
72 0 0 0 138 73 40
73 0 0 0 72 114 74
74 0 0 0 49 75 73
75 0 0 0 74 113 76
76 0 0 0 75 115 41
77 0 0 0 78 41 116
78 0 0 0 79 77 118
79 0 0 0 80 78 120
80 0 0 0 81 79 122
81 0 0 0 42 80 107
82 0 0 0 83 42 106
83 0 0 0 84 82 123
84 0 0 0 85 83 125
85 0 0 0 86 84 127
86 0 0 0 87 85 129
87 0 0 0 43 86 131
88 0 0 0 89 43 132
89 0 0 0 90 88 99
90 0 0 0 91 89 98
91 0 0 0 92 90 133
92 0 0 0 93 91 154
93 0 0 0 158 44 92
94 0 0 0 44 159 45
95 0 0 0 96 45 160
96 0 0 0 97 95 155
97 0 0 0 133 98 96
98 0 0 0 97 90 46
99 0 0 0 100 46 89
100 0 0 0 132 101 99
101 0 0 0 130 102 100
102 0 0 0 128 103 101
103 0 0 0 126 104 102
104 0 0 0 124 47 103
105 0 0 0 106 47 123
106 0 0 0 107 105 82
107 0 0 0 108 106 81
108 0 0 0 48 107 122
109 0 0 0 121 110 48
110 0 0 0 119 111 109
111 0 0 0 117 112 110
112 0 0 0 115 113 111
113 0 0 0 75 35 112
114 0 0 0 73 137 50
115 0 0 0 76 112 116
116 0 0 0 115 117 77
117 0 0 0 116 111 118
118 0 0 0 117 119 78
119 0 0 0 118 110 120
120 0 0 0 119 121 79
121 0 0 0 120 109 122
122 0 0 0 121 108 80
123 0 0 0 105 124 83
124 0 0 0 123 104 125
125 0 0 0 124 126 84
126 0 0 0 125 103 127
127 0 0 0 126 128 85
128 0 0 0 127 102 129
129 0 0 0 128 130 86
130 0 0 0 129 101 131
131 0 0 0 130 132 87
132 0 0 0 131 100 88
133 0 0 0 91 97 153
134 0 0 0 137 135 51
135 0 0 0 134 139 136
136 0 0 0 135 70 52
137 0 0 0 114 138 134
138 0 0 0 137 72 139
139 0 0 0 138 71 135
140 0 0 0 68 141 54
141 0 0 0 140 142 55
142 0 0 0 67 143 141
143 0 0 0 142 66 56
144 0 0 0 145 58 64
145 0 0 0 146 144 147
146 0 0 0 149 59 145
147 0 0 0 63 148 145
148 0 0 0 147 152 149
149 0 0 0 150 146 148
150 0 0 0 151 60 149
151 0 0 0 152 61 150
152 0 0 0 148 62 151
153 0 0 0 155 154 133
154 0 0 0 153 157 92
155 0 0 0 156 153 96
156 0 0 0 160 157 155
157 0 0 0 156 158 154
158 0 0 0 159 93 157
159 0 0 0 94 158 160
160 0 0 0 159 156 95
0
