>>writegraph3d planar <<
1 0 0 0 6 2 5
2 0 0 0 8 3 1
3 0 0 0 27 4 2
4 0 0 0 29 5 3
5 0 0 0 4 52 1
6 0 0 0 7 1 9
7 0 0 0 8 6 11
8 0 0 0 61 2 7
9 0 0 0 12 10 6
10 0 0 0 14 11 9
11 0 0 0 10 60 7
12 0 0 0 15 13 9
13 0 0 0 12 17 14
14 0 0 0 59 10 13
15 0 0 0 16 12 53
16 0 0 0 17 15 18
17 0 0 0 13 16 20
18 0 0 0 16 21 19
19 0 0 0 23 20 18
20 0 0 0 19 58 17
21 0 0 0 18 24 22
22 0 0 0 21 26 23
23 0 0 0 57 19 22
24 0 0 0 21 54 25
25 0 0 0 26 24 55
26 0 0 0 22 25 56
27 0 0 0 28 3 30
28 0 0 0 29 27 32
29 0 0 0 51 4 28
30 0 0 0 27 33 31
31 0 0 0 35 32 30
32 0 0 0 31 50 28
33 0 0 0 30 62 34
34 0 0 0 36 35 33
35 0 0 0 34 38 31
36 0 0 0 39 37 34
37 0 0 0 36 41 38
38 0 0 0 37 49 35
39 0 0 0 40 36 42
40 0 0 0 41 39 44
41 0 0 0 37 40 48
42 0 0 0 45 43 39
43 0 0 0 42 46 44
44 0 0 0 40 43 47
45 0 0 0 63 42 108
46 0 0 0 43 66 67
47 0 0 0 70 71 44
48 0 0 0 74 41 73
49 0 0 0 38 76 77
50 0 0 0 32 78 79
51 0 0 0 82 29 81
52 0 0 0 84 53 5
53 0 0 0 85 15 52
54 0 0 0 24 85 86
55 0 0 0 90 25 89
56 0 0 0 26 93 94
57 0 0 0 97 23 96
58 0 0 0 99 100 20
59 0 0 0 102 14 101
60 0 0 0 11 104 105
61 0 0 0 62 8 107
62 0 0 0 33 61 108
63 0 0 0 64 45 112
64 0 0 0 65 63 116
65 0 0 0 66 64 120
66 0 0 0 46 65 103
67 0 0 0 68 46 102
68 0 0 0 101 69 67
69 0 0 0 122 70 68
70 0 0 0 69 127 47
71 0 0 0 47 128 72
72 0 0 0 97 73 71
73 0 0 0 72 48
74 0 0 0 75 48 95
75 0 0 0 76 74 125
76 0 0 0 49 75 123
77 0 0 0 78 49 121
78 0 0 0 50 77 91
79 0 0 0 90 80 50
80 0 0 0 79 89 81
81 0 0 0 80 118 51
82 0 0 0 83 51 117
83 0 0 0 84 82 113
84 0 0 0 109 52 83
85 0 0 0 54 53 109
86 0 0 0 110 87 54
87 0 0 0 114 88 86
88 0 0 0 118 89 87
89 0 0 0 80 55 88
90 0 0 0 91 55 79
91 0 0 0 92 90 78
92 0 0 0 93 91 121
93 0 0 0 56 92 124
94 0 0 0 125 95 56
95 0 0 0 74 96 94
96 0 0 0 57 95
97 0 0 0 98 57 72
98 0 0 0 99 97 128
99 0 0 0 126 58 98
100 0 0 0 58 122 101
101 0 0 0 100 68 59
102 0 0 0 103 59 67
103 0 0 0 66 104 102
104 0 0 0 103 120 60
105 0 0 0 119 106 60
106 0 0 0 105 115 107
107 0 0 0 106 111 61
108 0 0 0 111 45 62
109 0 0 0 85 84 110
110 0 0 0 113 86 109
111 0 0 0 107 112 108
112 0 0 0 111 115 63
113 0 0 0 114 110 83
114 0 0 0 117 87 113
115 0 0 0 106 116 112
116 0 0 0 119 64 115
117 0 0 0 118 114 82
118 0 0 0 81 88 117
119 0 0 0 120 116 105
120 0 0 0 65 119 104
121 0 0 0 77 123 92
122 0 0 0 100 126 69
123 0 0 0 121 76 124
124 0 0 0 123 125 93
125 0 0 0 124 75 94
126 0 0 0 122 99 127
127 0 0 0 70 126 128
128 0 0 0 71 127 98
0
