>>writegraph3d planar <<
1 0 0 0 6 2 5
2 0 0 0 8 3 1
3 0 0 0 37 4 2
4 0 0 0 40 5 3
5 0 0 0 4 41 1
6 0 0 0 7 1 9
7 0 0 0 8 6 11
8 0 0 0 36 2 7
9 0 0 0 12 10 6
10 0 0 0 9 14 11
11 0 0 0 10 35 7
12 0 0 0 15 13 9
13 0 0 0 12 17 14
14 0 0 0 10 13 34
15 0 0 0 16 12 42
16 0 0 0 17 15 18
17 0 0 0 13 16 20
18 0 0 0 16 21 19
19 0 0 0 20 18 23
20 0 0 0 34 17 19
21 0 0 0 18 24 22
22 0 0 0 21 26 23
23 0 0 0 19 22 33
24 0 0 0 21 43 25
25 0 0 0 27 26 24
26 0 0 0 25 29 22
27 0 0 0 28 25 30
28 0 0 0 32 29 27
29 0 0 0 28 33 26
30 0 0 0 31 27 44
31 0 0 0 32 30 45
32 0 0 0 46 28 31
33 0 0 0 29 47 23
34 0 0 0 35 14 20
35 0 0 0 11 34 48
36 0 0 0 37 8 38
37 0 0 0 39 3 36
38 0 0 0 73 49 36
39 0 0 0 53 37 52
40 0 0 0 56 4 55
41 0 0 0 59 42 5
42 0 0 0 60 15 41
43 0 0 0 24 60 61
44 0 0 0 63 30 62
45 0 0 0 31 66 67
46 0 0 0 71 32 70
47 0 0 0 33 72 48
48 0 0 0 47 73 35
49 0 0 0 38 77 50
50 0 0 0 82 51 49
51 0 0 0 50 69 52
52 0 0 0 51 85 39
53 0 0 0 54 39 86
54 0 0 0 55 53 83
55 0 0 0 40 54 65
56 0 0 0 57 40 64
57 0 0 0 58 56 80
58 0 0 0 59 57 78
59 0 0 0 74 41 58
60 0 0 0 43 42 74
61 0 0 0 75 62 43
62 0 0 0 61 79 44
63 0 0 0 64 44 80
64 0 0 0 65 63 56
65 0 0 0 66 64 55
66 0 0 0 45 65 83
67 0 0 0 84 68 45
68 0 0 0 67 85 69
69 0 0 0 51 70 68
70 0 0 0 82 46 69
71 0 0 0 72 46 81
72 0 0 0 47 71 76
73 0 0 0 48 76 38
74 0 0 0 60 59 75
75 0 0 0 78 61 74
76 0 0 0 73 72 77
77 0 0 0 49 76 81
78 0 0 0 79 75 58
79 0 0 0 62 78 80
80 0 0 0 63 79 57
81 0 0 0 71 82 77
82 0 0 0 81 70 50
83 0 0 0 84 66 54
84 0 0 0 86 67 83
85 0 0 0 68 86 52
86 0 0 0 85 84 53
0
