>>writegraph3d planar <<
1 0 0 0 4 2 7
2 0 0 0 9 1 3
3 0 0 0 2 5 12
4 0 0 0 6 5 1
5 0 0 0 3 4 15
6 0 0 0 17 4 8
7 0 0 0 8 1 10
8 0 0 0 6 7 20
9 0 0 0 11 10 2
10 0 0 0 7 9 22
11 0 0 0 24 9 13
12 0 0 0 13 3 14
13 0 0 0 11 12 26
14 0 0 0 27 12 16
15 0 0 0 16 5 18
16 0 0 0 14 15 29
17 0 0 0 19 18 6
18 0 0 0 15 17 30
19 0 0 0 31 17 21
20 0 0 0 21 8 23
21 0 0 0 19 20 33
22 0 0 0 23 10 25
23 0 0 0 34 20 22
24 0 0 0 28 25 11
25 0 0 0 22 24 35
26 0 0 0 28 13 27
27 0 0 0 26 14 32
28 0 0 0 36 24 26
29 0 0 0 32 16 30
30 0 0 0 29 18 31
31 0 0 0 37 30 19
32 0 0 0 27 29 38
33 0 0 0 37 21 34
34 0 0 0 33 23 35
35 0 0 0 34 25 36
36 0 0 0 38 35 28
37 0 0 0 38 31 33
38 0 0 0 32 37 36
0
