>>writegraph3d planar <<
1 0 0 0 4 2 7
2 0 0 0 9 1 3
3 0 0 0 2 5 11
4 0 0 0 6 5 1
5 0 0 0 3 4
6 0 0 0 15 4 8
7 0 0 0 8 1 10
8 0 0 0 6 7 17
9 0 0 0 12 10 2
10 0 0 0 7 9 19
11 0 0 0 12 3 13
12 0 0 0 21 9 11
13 0 0 0 11 14 22
14 0 0 0 24 13
15 0 0 0 18 16 6
16 0 0 0 15 27
17 0 0 0 18 8 20
18 0 0 0 28 15 17
19 0 0 0 20 10 23
20 0 0 0 17 19 29
21 0 0 0 23 12 22
22 0 0 0 21 13 25
23 0 0 0 26 19 21
24 0 0 0 25 14 30
25 0 0 0 26 22 24
26 0 0 0 31 23 25
27 0 0 0 30 16 28
28 0 0 0 27 18 29
29 0 0 0 28 20 31
30 0 0 0 24 27 31
31 0 0 0 30 29 26
0
