>>writegraph3d planar <<
1 0 0 0 6 2 5
2 0 0 0 8 3 1
3 0 0 0 28 4 2
4 0 0 0 29 5 3
5 0 0 0 4 30 1
6 0 0 0 7 1 9
7 0 0 0 8 6 11
8 0 0 0 26 2 7
9 0 0 0 12 10 6
10 0 0 0 9 14 11
11 0 0 0 10 25 7
12 0 0 0 15 13 9
13 0 0 0 12 17 14
14 0 0 0 10 13 24
15 0 0 0 16 12 31
16 0 0 0 17 15 18
17 0 0 0 13 16 20
18 0 0 0 16 21 19
19 0 0 0 20 18 23
20 0 0 0 24 17 19
21 0 0 0 18 32 22
22 0 0 0 33 23 21
23 0 0 0 22 34 19
24 0 0 0 25 14 20
25 0 0 0 11 24 26
26 0 0 0 27 8 25
27 0 0 0 35 26 34
28 0 0 0 37 3 36
29 0 0 0 41 4 40
30 0 0 0 44 31 5
31 0 0 0 45 15 30
32 0 0 0 21 46 47
33 0 0 0 51 22 50
34 0 0 0 23 54 27
35 0 0 0 36 27 56
36 0 0 0 28 35 58
37 0 0 0 38 28 59
38 0 0 0 39 37 62
39 0 0 0 40 38 51
40 0 0 0 29 39
41 0 0 0 42 29 49
42 0 0 0 43 41 63
43 0 0 0 44 42 65
44 0 0 0 55 30 43
45 0 0 0 46 31 55
46 0 0 0 32 45 67
47 0 0 0 48 32 68
48 0 0 0 49 47 63
49 0 0 0 50 48 41
50 0 0 0 33 49
51 0 0 0 52 33 39
52 0 0 0 53 51 62
53 0 0 0 60 54 52
54 0 0 0 53 56 34
55 0 0 0 45 44 66
56 0 0 0 54 57 35
57 0 0 0 60 58 56
58 0 0 0 57 59 36
59 0 0 0 58 61 37
60 0 0 0 61 57 53
61 0 0 0 59 60 62
62 0 0 0 61 52 38
63 0 0 0 48 64 42
64 0 0 0 68 65 63
65 0 0 0 64 66 43
66 0 0 0 65 67 55
67 0 0 0 66 68 46
68 0 0 0 67 64 47
0
