>>writegraph3d planar <<
1 0 0 0 6 2 5
2 0 0 0 8 3 1
3 0 0 0 33 4 2
4 0 0 0 35 5 3
5 0 0 0 4 42 1
6 0 0 0 7 1 9
7 0 0 0 8 6 11
8 0 0 0 32 2 7
9 0 0 0 12 10 6
10 0 0 0 9 14 11
11 0 0 0 10 31 7
12 0 0 0 15 13 9
13 0 0 0 12 17 14
14 0 0 0 10 13 30
15 0 0 0 16 12 43
16 0 0 0 17 15 18
17 0 0 0 13 16 20
18 0 0 0 16 21 19
19 0 0 0 20 18 23
20 0 0 0 30 17 19
21 0 0 0 24 22 18
22 0 0 0 26 23 21
23 0 0 0 22 48 19
24 0 0 0 25 21 44
25 0 0 0 26 24 27
26 0 0 0 29 22 25
27 0 0 0 28 25 45
28 0 0 0 29 27 46
29 0 0 0 47 26 28
30 0 0 0 31 14 20
31 0 0 0 11 30 32
32 0 0 0 49 8 31
33 0 0 0 34 3 50
34 0 0 0 35 33 36
35 0 0 0 38 4 34
36 0 0 0 39 37 34
37 0 0 0 36 40 38
38 0 0 0 41 35 37
39 0 0 0 51 36 78
40 0 0 0 54 55 37
41 0 0 0 59 38 58
42 0 0 0 60 43 5
43 0 0 0 61 15 42
44 0 0 0 24 61 62
45 0 0 0 65 27 64
46 0 0 0 28 68 69
47 0 0 0 73 29 72
48 0 0 0 23 74 49
49 0 0 0 75 32 48
50 0 0 0 33 75 76
51 0 0 0 52 39 70
52 0 0 0 53 51 88
53 0 0 0 54 52 92
54 0 0 0 89 40 53
55 0 0 0 40 87 56
56 0 0 0 65 57 55
57 0 0 0 56 64 58
58 0 0 0 57 84 41
59 0 0 0 60 41 83
60 0 0 0 79 42 59
61 0 0 0 44 43 79
62 0 0 0 80 63 44
63 0 0 0 62 84 64
64 0 0 0 57 45 63
65 0 0 0 66 45 56
66 0 0 0 67 65 87
67 0 0 0 68 66 90
68 0 0 0 46 67 91
69 0 0 0 88 70 46
70 0 0 0 51 71 69
71 0 0 0 78 72 70
72 0 0 0 71 86 47
73 0 0 0 85 74 47
74 0 0 0 73 81 48
75 0 0 0 50 49 81
76 0 0 0 82 77 50
77 0 0 0 76 86 78
78 0 0 0 77 71 39
79 0 0 0 61 60 80
80 0 0 0 83 62 79
81 0 0 0 74 82 75
82 0 0 0 81 85 76
83 0 0 0 84 80 59
84 0 0 0 63 83 58
85 0 0 0 82 73 86
86 0 0 0 77 85 72
87 0 0 0 55 89 66
88 0 0 0 91 52 69
89 0 0 0 87 54 90
90 0 0 0 89 67
91 0 0 0 92 88 68
92 0 0 0 53 91
0
