>>writegraph3d planar <<
1 0 0 0 6 2 5
2 0 0 0 8 3 1
3 0 0 0 21 4 2
4 0 0 0 3 14 5
5 0 0 0 4 11 1
6 0 0 0 7 1
7 0 0 0 8 6 10
8 0 0 0 18 2 7
9 0 0 0 13 10
10 0 0 0 9 17 7
11 0 0 0 5 12
12 0 0 0 11 14 13
13 0 0 0 9 12 16
14 0 0 0 4 15 12
15 0 0 0 14 19 16
16 0 0 0 17 13 15
17 0 0 0 10 16 18
18 0 0 0 20 8 17
19 0 0 0 27 22 15
20 0 0 0 23 24 18
21 0 0 0 26 3 25
22 0 0 0 28 23 19
23 0 0 0 30 20 22
24 0 0 0 31 25 20
25 0 0 0 24 36 21
26 0 0 0 27 21 37
27 0 0 0 32 19 26
28 0 0 0 29 22 32
29 0 0 0 30 28 34
30 0 0 0 31 23 29
31 0 0 0 35 24 30
32 0 0 0 28 27 33
33 0 0 0 37 34 32
34 0 0 0 33 35 29
35 0 0 0 34 36 31
36 0 0 0 35 37 25
37 0 0 0 36 33 26
0
