>>writegraph3d planar <<
1 0 0 0 6 2 5
2 0 0 0 8 3 1
3 0 0 0 30 4 2
4 0 0 0 40 5 3
5 0 0 0 4 41 1
6 0 0 0 7 1 9
7 0 0 0 8 6 11
8 0 0 0 29 2 7
9 0 0 0 12 6
10 0 0 0 14 11
11 0 0 0 10 49 7
12 0 0 0 42 13 9
13 0 0 0 12 15 14
14 0 0 0 17 10 13
15 0 0 0 13 18 16
16 0 0 0 20 17 15
17 0 0 0 28 14 16
18 0 0 0 15 21 19
19 0 0 0 23 20 18
20 0 0 0 19 27 16
21 0 0 0 18 43 22
22 0 0 0 21 24 23
23 0 0 0 26 19 22
24 0 0 0 22 44 25
25 0 0 0 45 26 24
26 0 0 0 25 46 23
27 0 0 0 20 47 28
28 0 0 0 48 17 27
29 0 0 0 30 8 31
30 0 0 0 33 3 29
31 0 0 0 50 32 29
32 0 0 0 31 34 33
33 0 0 0 36 30 32
34 0 0 0 37 35 32
35 0 0 0 34 38 36
36 0 0 0 39 33 35
37 0 0 0 51 34 86
38 0 0 0 35 54 55
39 0 0 0 59 36 58
40 0 0 0 60 4 59
41 0 0 0 63 64 5
42 0 0 0 65 12 64
43 0 0 0 21 65 66
44 0 0 0 24 68 69
45 0 0 0 73 25 72
46 0 0 0 26 76 77
47 0 0 0 27 77 78
48 0 0 0 82 28 81
49 0 0 0 82 83 11
50 0 0 0 84 31 83
51 0 0 0 52 37 78
52 0 0 0 53 51 77
53 0 0 0 54 52 76
54 0 0 0 38 53 88
55 0 0 0 38 89 56
56 0 0 0 91 57 55
57 0 0 0 56 93 58
58 0 0 0 57 71 39
59 0 0 0 40 39 70
60 0 0 0 61 40 69
61 0 0 0 62 60 68
62 0 0 0 63 61 94
63 0 0 0 96 41 62
64 0 0 0 97 42 41
65 0 0 0 43 42 98
66 0 0 0 67 43 99
67 0 0 0 68 66 94
68 0 0 0 44 67 61
69 0 0 0 70 44 60
70 0 0 0 71 69 59
71 0 0 0 58 72 70
72 0 0 0 71 93 45
73 0 0 0 74 45 92
74 0 0 0 75 73 90
75 0 0 0 88 76 74
76 0 0 0 75 53 46
77 0 0 0 47 46 52
78 0 0 0 47 51 79
79 0 0 0 86 80 78
80 0 0 0 79 87 81
81 0 0 0 80 101 48
82 0 0 0 102 49 48
83 0 0 0 103 50 49
84 0 0 0 85 50 104
85 0 0 0 87 86 84
86 0 0 0 85 79 37
87 0 0 0 80 85 100
88 0 0 0 54 75 89
89 0 0 0 55 88 90
90 0 0 0 74 91 89
91 0 0 0 90 92 56
92 0 0 0 91 73 93
93 0 0 0 57 92 72
94 0 0 0 67 95 62
95 0 0 0 94 99 96
96 0 0 0 97 63 95
97 0 0 0 98 64 96
98 0 0 0 65 97 99
99 0 0 0 95 66 98
100 0 0 0 101 87 104
101 0 0 0 81 100 102
102 0 0 0 103 82 101
103 0 0 0 104 83 102
104 0 0 0 84 103 100
0
