>>writegraph3d planar <<
1 0 0 0 8 2
2 0 0 0 1 4 11
3 0 0 0 5 4
4 0 0 0 2 3 14
5 0 0 0 16 3 7
6 0 0 0 7 9
7 0 0 0 5 6 19
8 0 0 0 10 9 1
9 0 0 0 6 8 21
10 0 0 0 23 8 12
11 0 0 0 12 2 13
12 0 0 0 10 11 25
13 0 0 0 26 11 15
14 0 0 0 15 4 17
15 0 0 0 13 14 28
16 0 0 0 18 17 5
17 0 0 0 14 16 29
18 0 0 0 30 16 20
19 0 0 0 20 7 22
20 0 0 0 18 19 32
21 0 0 0 22 9 24
22 0 0 0 33 19 21
23 0 0 0 27 24 10
24 0 0 0 21 23 34
25 0 0 0 27 12 26
26 0 0 0 25 13 31
27 0 0 0 35 23 25
28 0 0 0 31 15 29
29 0 0 0 28 17 30
30 0 0 0 36 29 18
31 0 0 0 26 28 37
32 0 0 0 36 20 33
33 0 0 0 32 22 34
34 0 0 0 33 24 35
35 0 0 0 37 34 27
36 0 0 0 37 30 32
37 0 0 0 31 36 35
0
