>>writegraph3d planar <<
1 0 0 0 2 3 4
2 0 0 0 1 5 6
3 0 0 0 1 7 8
4 0 0 0 1 9 10
5 0 0 0 2 11 12
6 0 0 0 2 13 7
7 0 0 0 3 6 14
8 0 0 0 3 15 16
9 0 0 0 4 17 18
10 0 0 0 4 19 20
11 0 0 0 5 20 21
12 0 0 0 5 22 13
13 0 0 0 6 12 23
14 0 0 0 7 23 15
15 0 0 0 8 14 24
16 0 0 0 8 25 17
17 0 0 0 9 16 26
18 0 0 0 9 19
19 0 0 0 10 18 28
20 0 0 0 10 29 11
21 0 0 0 11 30 22
22 0 0 0 12 21 31
23 0 0 0 13 32 14
24 0 0 0 15 33 25
25 0 0 0 16 24 34
26 0 0 0 17 34 35
27 0 0 0 36 37
28 0 0 0 19 38 29
29 0 0 0 20 28 39
30 0 0 0 21 40 41
31 0 0 0 22 41 42
32 0 0 0 23 42 43
33 0 0 0 24 43 44
34 0 0 0 25 45 26
35 0 0 0 26 46 36
36 0 0 0 27 35 47
37 0 0 0 27 48 49
38 0 0 0 28 49 50
39 0 0 0 29 50 40
40 0 0 0 30 39 51
41 0 0 0 30 52 31
42 0 0 0 31 53 32
43 0 0 0 32 54 33
44 0 0 0 33 55 56
45 0 0 0 34 56 46
46 0 0 0 35 45 57
47 0 0 0 36 57 48
48 0 0 0 37 47 58
49 0 0 0 37 59 38
50 0 0 0 38 60 39
51 0 0 0 40 61 52
52 0 0 0 41 51 62
53 0 0 0 42 63 54
54 0 0 0 43 53 55
55 0 0 0 44 54 64
56 0 0 0 44 65 45
57 0 0 0 46 66 47
58 0 0 0 48 67 68
59 0 0 0 49 69 60
60 0 0 0 50 59 70
61 0 0 0 51 70 71
62 0 0 0 52 71 63
63 0 0 0 53 62 72
64 0 0 0 55 73 65
65 0 0 0 56 64 74
66 0 0 0 57 74 75
67 0 0 0 58 75 76
68 0 0 0 58 77 69
69 0 0 0 59 68 78
70 0 0 0 60 78 61
71 0 0 0 61 79 62
72 0 0 0 63 79 73
73 0 0 0 64 72 80
74 0 0 0 65 80 66
75 0 0 0 66 81 67
76 0 0 0 67 82 77
77 0 0 0 68 76 83
78 0 0 0 69 83 70
79 0 0 0 71 84 72
80 0 0 0 73 81 74
81 0 0 0 75 80 82
82 0 0 0 76 81 84
83 0 0 0 77 84 78
84 0 0 0 79 83 82
0
