>>writegraph3d planar <<
1 0 0 0 6 2 5
2 0 0 0 8 3 1
3 0 0 0 38 4 2
4 0 0 0 41 5 3
5 0 0 0 4 42 1
6 0 0 0 7 1 9
7 0 0 0 8 6 11
8 0 0 0 37 2 7
9 0 0 0 12 10 6
10 0 0 0 14 11 9
11 0 0 0 10 50 7
12 0 0 0 15 13 9
13 0 0 0 12 17 14
14 0 0 0 36 10 13
15 0 0 0 16 12 43
16 0 0 0 17 15 18
17 0 0 0 13 16 20
18 0 0 0 16 21 19
19 0 0 0 23 20 18
20 0 0 0 19 36 17
21 0 0 0 18 24 22
22 0 0 0 21 26 23
23 0 0 0 35 19 22
24 0 0 0 21 44 25
25 0 0 0 27 26 24
26 0 0 0 25 29 22
27 0 0 0 30 28 25
28 0 0 0 27 32 29
29 0 0 0 28 34 26
30 0 0 0 31 27 45
31 0 0 0 32 30 46
32 0 0 0 28 31 33
33 0 0 0 34 32 47
34 0 0 0 29 33 48
35 0 0 0 36 23 49
36 0 0 0 20 35 14
37 0 0 0 38 8 39
38 0 0 0 40 3 37
39 0 0 0 78 51 37
40 0 0 0 55 38 54
41 0 0 0 58 4 57
42 0 0 0 61 43 5
43 0 0 0 62 15 42
44 0 0 0 24 62 63
45 0 0 0 65 30 64
46 0 0 0 31 68 69
47 0 0 0 72 33 71
48 0 0 0 34 75 49
49 0 0 0 76 35 48
50 0 0 0 11 76 77
51 0 0 0 39 88 52
52 0 0 0 72 53 51
53 0 0 0 52 71 54
54 0 0 0 53 91 40
55 0 0 0 56 40 92
56 0 0 0 57 55 89
57 0 0 0 41 56 67
58 0 0 0 59 41 66
59 0 0 0 60 58 85
60 0 0 0 61 59 83
61 0 0 0 79 42 60
62 0 0 0 44 43 79
63 0 0 0 80 64 44
64 0 0 0 63 84 45
65 0 0 0 66 45 85
66 0 0 0 67 65 58
67 0 0 0 68 66 57
68 0 0 0 46 67 89
69 0 0 0 90 70 46
70 0 0 0 69 91 71
71 0 0 0 53 47 70
72 0 0 0 73 47 52
73 0 0 0 74 72 88
74 0 0 0 75 73 86
75 0 0 0 48 74 81
76 0 0 0 50 49 81
77 0 0 0 82 78 50
78 0 0 0 77 87 39
79 0 0 0 62 61 80
80 0 0 0 83 63 79
81 0 0 0 75 82 76
82 0 0 0 81 86 77
83 0 0 0 84 80 60
84 0 0 0 64 83 85
85 0 0 0 65 84 59
86 0 0 0 82 74 87
87 0 0 0 78 86 88
88 0 0 0 51 87 73
89 0 0 0 90 68 56
90 0 0 0 69 89
91 0 0 0 70 92 54
92 0 0 0 91 55
0
