>>writegraph3d planar <<
1 0 0 0 2 3 4
2 0 0 0 1 5 6
3 0 0 0 1 7 8
4 0 0 0 1 9 10
5 0 0 0 2 10 11
6 0 0 0 2 12 13
7 0 0 0 3 14 15
8 0 0 0 3 16 17
9 0 0 0 4 18 19
10 0 0 0 4 20 5
11 0 0 0 5 21 22
12 0 0 0 6 23 24
13 0 0 0 6 25 14
14 0 0 0 7 13 26
15 0 0 0 7 27 16
16 0 0 0 8 15 28
17 0 0 0 8 18
18 0 0 0 9 17 30
19 0 0 0 9 31 20
20 0 0 0 10 19 21
21 0 0 0 11 20 32
22 0 0 0 11 33 23
23 0 0 0 12 22 34
24 0 0 0 12 35 25
25 0 0 0 13 24 36
26 0 0 0 14 36 27
27 0 0 0 15 26 37
28 0 0 0 16 38 29
29 0 0 0 28 39
30 0 0 0 18 39 40
31 0 0 0 19 41 42
32 0 0 0 21 43 33
33 0 0 0 22 32 44
34 0 0 0 23 44 45
35 0 0 0 24 46 47
36 0 0 0 25 47 26
37 0 0 0 27 47 48
38 0 0 0 28 48 49
39 0 0 0 29 50 30
40 0 0 0 30 51 41
41 0 0 0 31 40 52
42 0 0 0 31 53 43
43 0 0 0 32 42 54
44 0 0 0 33 55 34
45 0 0 0 34 56 46
46 0 0 0 35 45 57
47 0 0 0 35 37 36
48 0 0 0 37 58 38
49 0 0 0 38 59 60
50 0 0 0 39 60 51
51 0 0 0 40 50 61
52 0 0 0 41 61 53
53 0 0 0 42 52 62
54 0 0 0 43 62 63
55 0 0 0 44 63 56
56 0 0 0 45 55 64
57 0 0 0 46 64 58
58 0 0 0 48 57 59
59 0 0 0 49 58 65
60 0 0 0 49 66 50
61 0 0 0 51 67 52
62 0 0 0 53 67 54
63 0 0 0 54 68 55
64 0 0 0 56 65 57
65 0 0 0 59 64 66
66 0 0 0 60 65 68
67 0 0 0 61 68 62
68 0 0 0 63 67 66
0
