>>writegraph3d planar <<
1 0 0 0 4 2 7
2 0 0 0 10 1 3
3 0 0 0 2 5 12
4 0 0 0 6 5 1
5 0 0 0 3 4 15
6 0 0 0 17 4 8
7 0 0 0 8 1 9
8 0 0 0 6 7 19
9 0 0 0 21 7 11
10 0 0 0 13 11 2
11 0 0 0 9 10 23
12 0 0 0 13 3 14
13 0 0 0 25 10 12
14 0 0 0 12 16 26
15 0 0 0 16 5 18
16 0 0 0 30 14 15
17 0 0 0 20 18 6
18 0 0 0 15 17 31
19 0 0 0 20 8 22
20 0 0 0 33 17 19
21 0 0 0 24 22 9
22 0 0 0 19 21 34
23 0 0 0 24 11 27
24 0 0 0 36 21 23
25 0 0 0 27 13 26
26 0 0 0 25 14 28
27 0 0 0 23 25 29
28 0 0 0 29 26 32
29 0 0 0 27 28 37
30 0 0 0 32 16 31
31 0 0 0 30 18 35
32 0 0 0 38 28 30
33 0 0 0 35 20 34
34 0 0 0 33 22 39
35 0 0 0 40 31 33
36 0 0 0 39 24 37
37 0 0 0 36 29 38
38 0 0 0 37 32 40
39 0 0 0 40 34 36
40 0 0 0 38 35 39
0
