>>writegraph3d planar <<
1 0 0 0 6 2 5
2 0 0 0 8 3 1
3 0 0 0 20 4 2
4 0 0 0 23 5 3
5 0 0 0 4 24 1
6 0 0 0 7 1 9
7 0 0 0 8 6 11
8 0 0 0 21 2 7
9 0 0 0 12 10 6
10 0 0 0 9 14 11
11 0 0 0 10 22 7
12 0 0 0 15 13 9
13 0 0 0 12 17 14
14 0 0 0 10 13 19
15 0 0 0 16 12 25
16 0 0 0 26 17 15
17 0 0 0 16 18 13
18 0 0 0 17 20 19
19 0 0 0 22 14 18
20 0 0 0 18 3 21
21 0 0 0 20 8 22
22 0 0 0 11 19 21
23 0 0 0 27 4 26
24 0 0 0 30 25 5
25 0 0 0 24 31 15
26 0 0 0 23 16 34
27 0 0 0 28 23 36
28 0 0 0 29 27 38
29 0 0 0 30 28 42
30 0 0 0 35 24 29
31 0 0 0 35 32 25
32 0 0 0 44 33 31
33 0 0 0 39 34 32
34 0 0 0 33 36 26
35 0 0 0 43 31 30
36 0 0 0 34 37 27
37 0 0 0 36 39 38
38 0 0 0 37 41 28
39 0 0 0 37 33 40
40 0 0 0 39 44
41 0 0 0 38 42
42 0 0 0 41 43 29
43 0 0 0 44 35 42
44 0 0 0 40 32 43
0
