>>writegraph3d planar <<
1 0 0 0 8 2 7
2 0 0 0 12 3 1
3 0 0 0 56 4 2
4 0 0 0 57 5 3
5 0 0 0 58 6 4
6 0 0 0 59 7 5
7 0 0 0 6 60 1
8 0 0 0 9 1 61
9 0 0 0 10 8 13
10 0 0 0 11 9 16
11 0 0 0 12 10 54
12 0 0 0 55 2 11
13 0 0 0 62 14 9
14 0 0 0 17 13
15 0 0 0 35 16
16 0 0 0 15 53 10
17 0 0 0 18 14 63
18 0 0 0 19 17 22
19 0 0 0 20 18 26
20 0 0 0 21 19 72
21 0 0 0 32 20
22 0 0 0 23 18 64
23 0 0 0 65 24 22
24 0 0 0 23 27 25
25 0 0 0 24 31 26
26 0 0 0 25 71 19
27 0 0 0 66 28 24
28 0 0 0 67 29 27
29 0 0 0 68 30 28
30 0 0 0 29 69 31
31 0 0 0 30 70 25
32 0 0 0 33 21 73
33 0 0 0 34 32 36
34 0 0 0 35 33 40
35 0 0 0 52 15 34
36 0 0 0 74 37 33
37 0 0 0 36 75 38
38 0 0 0 37 41 39
39 0 0 0 38 45 40
40 0 0 0 39 51 34
41 0 0 0 38 46 42
42 0 0 0 47 43 41
43 0 0 0 42 48 44
44 0 0 0 49 45 43
45 0 0 0 44 50 39
46 0 0 0 41 75 76
47 0 0 0 76 77 42
48 0 0 0 43 77 78
49 0 0 0 79 44 78
50 0 0 0 45 79 51
51 0 0 0 50 52 40
52 0 0 0 51 53 35
53 0 0 0 52 54 16
54 0 0 0 53 80 11
55 0 0 0 56 12 80
56 0 0 0 81 3 55
57 0 0 0 82 4 81
58 0 0 0 83 5 82
59 0 0 0 84 6 83
60 0 0 0 84 61 7
61 0 0 0 60 62 8
62 0 0 0 61 63 13
63 0 0 0 62 64 17
64 0 0 0 63 85 22
65 0 0 0 66 23 85
66 0 0 0 86 27 65
67 0 0 0 87 28 86
68 0 0 0 87 88 29
69 0 0 0 30 88 89
70 0 0 0 31 89 71
71 0 0 0 70 72 26
72 0 0 0 71 73 20
73 0 0 0 72 74 32
74 0 0 0 73 90 36
75 0 0 0 37 90 46
76 0 0 0 88 47 46
77 0 0 0 47 91 48
78 0 0 0 49 48 81
79 0 0 0 50 49 80
80 0 0 0 54 79 55
81 0 0 0 57 56 78
82 0 0 0 58 57 91
83 0 0 0 59 58 86
84 0 0 0 85 60 59
85 0 0 0 64 84 65
86 0 0 0 67 66 83
87 0 0 0 91 68 67
88 0 0 0 68 76 69
89 0 0 0 70 69 90
90 0 0 0 74 89 75
91 0 0 0 77 87 82
0
