>>writegraph3d planar <<
1 0 0 0 6 2 5
2 0 0 0 8 3 1
3 0 0 0 43 4 2
4 0 0 0 44 5 3
5 0 0 0 4 45 1
6 0 0 0 7 1 9
7 0 0 0 8 6 11
8 0 0 0 42 2 7
9 0 0 0 12 10 6
10 0 0 0 9 14 11
11 0 0 0 10 40 7
12 0 0 0 15 13 9
13 0 0 0 12 17 14
14 0 0 0 10 13 39
15 0 0 0 16 12 46
16 0 0 0 17 15 18
17 0 0 0 13 16 20
18 0 0 0 16 21 19
19 0 0 0 20 18 23
20 0 0 0 39 17 19
21 0 0 0 18 24 22
22 0 0 0 21 26 23
23 0 0 0 19 22 38
24 0 0 0 21 47 25
25 0 0 0 27 26 24
26 0 0 0 25 29 22
27 0 0 0 28 25 30
28 0 0 0 32 29 27
29 0 0 0 28 38 26
30 0 0 0 33 31 27
31 0 0 0 35 32 30
32 0 0 0 37 28 31
33 0 0 0 34 30 48
34 0 0 0 35 33 49
35 0 0 0 36 31 34
36 0 0 0 37 35 50
37 0 0 0 51 32 36
38 0 0 0 29 52 23
39 0 0 0 40 14 20
40 0 0 0 11 39 41
41 0 0 0 52 53 40
42 0 0 0 55 8 54
43 0 0 0 58 3 57
44 0 0 0 62 4 61
45 0 0 0 65 46 5
46 0 0 0 66 15 45
47 0 0 0 24 66 67
48 0 0 0 68 33 67
49 0 0 0 34 71 72
50 0 0 0 75 36 74
51 0 0 0 79 37 78
52 0 0 0 38 79 41
53 0 0 0 41 83 54
54 0 0 0 53 86 42
55 0 0 0 56 42 87
56 0 0 0 57 55 76
57 0 0 0 43 56 91
58 0 0 0 59 43 92
59 0 0 0 60 58 73
60 0 0 0 61 59 90
61 0 0 0 44 60 88
62 0 0 0 63 44 84
63 0 0 0 64 62 69
64 0 0 0 65 63 82
65 0 0 0 80 45 64
66 0 0 0 47 46 80
67 0 0 0 81 48 47
68 0 0 0 69 48 82
69 0 0 0 70 68 63
70 0 0 0 71 69 84
71 0 0 0 49 70 89
72 0 0 0 73 49 90
73 0 0 0 74 72 59
74 0 0 0 92 50 73
75 0 0 0 76 50 91
76 0 0 0 77 75 56
77 0 0 0 78 76 87
78 0 0 0 51 77 85
79 0 0 0 52 51 83
80 0 0 0 66 65 81
81 0 0 0 82 67 80
82 0 0 0 68 81 64
83 0 0 0 53 79 85
84 0 0 0 88 70 62
85 0 0 0 86 83 78
86 0 0 0 54 85 87
87 0 0 0 86 77 55
88 0 0 0 89 84 61
89 0 0 0 90 71 88
90 0 0 0 72 89 60
91 0 0 0 75 92 57
92 0 0 0 91 74 58
0
