>>writegraph3d planar <<
1 0 0 0 2 3 4
2 0 0 0 1 5 6
3 0 0 0 1 7 8
4 0 0 0 1 9 10
5 0 0 0 2 10 11
6 0 0 0 2 12 7
7 0 0 0 3 6 13
8 0 0 0 3 14 15
9 0 0 0 4 16 17
10 0 0 0 4 18 5
11 0 0 0 5 19 12
12 0 0 0 6 11 20
13 0 0 0 7 21
14 0 0 0 8 22 23
15 0 0 0 8 24 16
16 0 0 0 9 15 25
17 0 0 0 9 26 18
18 0 0 0 10 17 27
19 0 0 0 11 28 29
20 0 0 0 12 30
21 0 0 0 13 31 22
22 0 0 0 14 21 32
23 0 0 0 14 33 24
24 0 0 0 15 23 34
25 0 0 0 16 34 35
26 0 0 0 17 36 37
27 0 0 0 18 37 28
28 0 0 0 19 27 38
29 0 0 0 19 39 40
30 0 0 0 20 40 31
31 0 0 0 21 30 41
32 0 0 0 22 41 42
33 0 0 0 23 43 44
34 0 0 0 24 45 25
35 0 0 0 25 46 36
36 0 0 0 26 35 47
37 0 0 0 26 48 27
38 0 0 0 28 49 39
39 0 0 0 29 38 50
40 0 0 0 29 51 30
41 0 0 0 31 51 32
42 0 0 0 32 52 43
43 0 0 0 33 42 53
44 0 0 0 33 54 55
45 0 0 0 34 55 46
46 0 0 0 35 45 56
47 0 0 0 36 56 57
48 0 0 0 37 58 59
49 0 0 0 38 59 60
50 0 0 0 39 60 61
51 0 0 0 40 52 41
52 0 0 0 42 51 61
53 0 0 0 43 61 54
54 0 0 0 44 53 62
55 0 0 0 44 63 45
56 0 0 0 46 63 47
57 0 0 0 47 64 58
58 0 0 0 48 57 65
59 0 0 0 48 66 49
60 0 0 0 49 67 50
61 0 0 0 50 53 52
62 0 0 0 54 67 68
63 0 0 0 55 64 56
64 0 0 0 57 63 68
65 0 0 0 58 68 66
66 0 0 0 59 65 67
67 0 0 0 60 66 62
68 0 0 0 62 65 64
0
