>>writegraph3d planar <<
1 0 0 0 6 2 5
2 0 0 0 8 3 1
3 0 0 0 29 4 2
4 0 0 0 30 5 3
5 0 0 0 4 31 1
6 0 0 0 7 1 9
7 0 0 0 8 6 11
8 0 0 0 26 2 7
9 0 0 0 12 10 6
10 0 0 0 14 11 9
11 0 0 0 10 25 7
12 0 0 0 15 13 9
13 0 0 0 12 17 14
14 0 0 0 24 10 13
15 0 0 0 16 12 32
16 0 0 0 17 15 18
17 0 0 0 13 16 20
18 0 0 0 16 21 19
19 0 0 0 23 20 18
20 0 0 0 19 24 17
21 0 0 0 18 33 22
22 0 0 0 21 34 23
23 0 0 0 35 19 22
24 0 0 0 36 14 20
25 0 0 0 11 27 26
26 0 0 0 29 8 25
27 0 0 0 25 37 28
28 0 0 0 38 29 27
29 0 0 0 28 3 26
30 0 0 0 39 4 60
31 0 0 0 42 32 5
32 0 0 0 43 15 31
33 0 0 0 21 44 45
34 0 0 0 22 48 49
35 0 0 0 52 53 23
36 0 0 0 54 37 24
37 0 0 0 36 55 27
38 0 0 0 59 28 58
39 0 0 0 40 30 47
40 0 0 0 41 39 69
41 0 0 0 42 40 71
42 0 0 0 61 31 41
43 0 0 0 44 32 61
44 0 0 0 33 43 73
45 0 0 0 46 33 74
46 0 0 0 47 45 69
47 0 0 0 48 46 39
48 0 0 0 34 47 60
49 0 0 0 50 34 59
50 0 0 0 58 51 49
51 0 0 0 50 68 52
52 0 0 0 51 66 35
53 0 0 0 35 65 54
54 0 0 0 62 36 53
55 0 0 0 62 56 37
56 0 0 0 64 57 55
57 0 0 0 68 58 56
58 0 0 0 57 50 38
59 0 0 0 60 38 49
60 0 0 0 30 59 48
61 0 0 0 43 42 72
62 0 0 0 63 55 54
63 0 0 0 64 62 65
64 0 0 0 67 56 63
65 0 0 0 53 66 63
66 0 0 0 52 67 65
67 0 0 0 68 64 66
68 0 0 0 51 57 67
69 0 0 0 46 70 40
70 0 0 0 74 71 69
71 0 0 0 70 72 41
72 0 0 0 71 73 61
73 0 0 0 72 74 44
74 0 0 0 73 70 45
0
