>>writegraph3d planar <<
1 0 0 0 4 2 7
2 0 0 0 10 1 3
3 0 0 0 2 5 12
4 0 0 0 6 5 1
5 0 0 0 3 4 15
6 0 0 0 17 4 8
7 0 0 0 8 1 9
8 0 0 0 6 7 19
9 0 0 0 7 11
10 0 0 0 13 11 2
11 0 0 0 9 10 23
12 0 0 0 13 3 14
13 0 0 0 24 10 12
14 0 0 0 12 16 26
15 0 0 0 16 5 18
16 0 0 0 31 14 15
17 0 0 0 20 18 6
18 0 0 0 15 17 33
19 0 0 0 20 8 21
20 0 0 0 34 17 19
21 0 0 0 19 36
22 0 0 0 39 25
23 0 0 0 25 11 24
24 0 0 0 27 23 13
25 0 0 0 22 23 28
26 0 0 0 27 14 29
27 0 0 0 28 24 26
28 0 0 0 25 27 30
29 0 0 0 30 26 32
30 0 0 0 28 29 40
31 0 0 0 35 32 16
32 0 0 0 29 31 41
33 0 0 0 35 18 34
34 0 0 0 33 20 37
35 0 0 0 38 31 33
36 0 0 0 37 21 42
37 0 0 0 34 36 38
38 0 0 0 37 43 35
39 0 0 0 42 22 40
40 0 0 0 39 30 41
41 0 0 0 40 32 43
42 0 0 0 36 39 43
43 0 0 0 42 41 38
0
