>>writegraph3d planar <<
1 0 0 0 6 2 5
2 0 0 0 8 3 1
3 0 0 0 2 22 4
4 0 0 0 3 15 5
5 0 0 0 4 12 1
6 0 0 0 7 1 9
7 0 0 0 8 6 11
8 0 0 0 19 2 7
9 0 0 0 12 10 6
10 0 0 0 9 14 11
11 0 0 0 10 20 7
12 0 0 0 5 13 9
13 0 0 0 12 15 14
14 0 0 0 10 13 17
15 0 0 0 4 16 13
16 0 0 0 15 18 17
17 0 0 0 20 14 16
18 0 0 0 21 19 16
19 0 0 0 18 8 20
20 0 0 0 11 17 19
21 0 0 0 28 18 23
22 0 0 0 26 25 3
23 0 0 0 24 29 21
24 0 0 0 31 23 25
25 0 0 0 39 24 22
26 0 0 0 40 22 27
27 0 0 0 26 28 35
28 0 0 0 27 21 32
29 0 0 0 30 32 23
30 0 0 0 34 29 31
31 0 0 0 30 24 38
32 0 0 0 29 33 28
33 0 0 0 34 35 32
34 0 0 0 37 33 30
35 0 0 0 33 36 27
36 0 0 0 35 37 40
37 0 0 0 36 34 38
38 0 0 0 31 39 37
39 0 0 0 38 25 40
40 0 0 0 39 26 36
0
