>>writegraph3d planar <<
1 0 0 0 4 2 7
2 0 0 0 10 1 3
3 0 0 0 2 5 12
4 0 0 0 6 5 1
5 0 0 0 3 4 15
6 0 0 0 17 4 8
7 0 0 0 8 1 9
8 0 0 0 6 7 19
9 0 0 0 21 7 11
10 0 0 0 13 11 2
11 0 0 0 9 10 24
12 0 0 0 13 3 14
13 0 0 0 26 10 12
14 0 0 0 12 16 27
15 0 0 0 16 5 18
16 0 0 0 31 14 15
17 0 0 0 20 18 6
18 0 0 0 15 17 33
19 0 0 0 20 8 22
20 0 0 0 35 17 19
21 0 0 0 23 22 9
22 0 0 0 19 21 36
23 0 0 0 38 21 25
24 0 0 0 25 11 28
25 0 0 0 23 24 44
26 0 0 0 28 13 27
27 0 0 0 26 14 29
28 0 0 0 30 24 26
29 0 0 0 30 27 32
30 0 0 0 45 28 29
31 0 0 0 34 32 16
32 0 0 0 29 31 46
33 0 0 0 34 18 37
34 0 0 0 41 31 33
35 0 0 0 37 20 36
36 0 0 0 35 22 39
37 0 0 0 33 35 40
38 0 0 0 42 39 23
39 0 0 0 36 38 40
40 0 0 0 37 39 43
41 0 0 0 48 34 43
42 0 0 0 43 38 47
43 0 0 0 41 40 42
44 0 0 0 47 25 45
45 0 0 0 44 30 46
46 0 0 0 45 32 48
47 0 0 0 42 44 48
48 0 0 0 47 46 41
0
