>>writegraph3d planar <<
1 0 0 0 6 2 5
2 0 0 0 8 3 1
3 0 0 0 40 4 2
4 0 0 0 41 5 3
5 0 0 0 4 42 1
6 0 0 0 7 1 9
7 0 0 0 8 6 11
8 0 0 0 39 2 7
9 0 0 0 12 10 6
10 0 0 0 14 11 9
11 0 0 0 10 38 7
12 0 0 0 15 13 9
13 0 0 0 12 17 14
14 0 0 0 37 10 13
15 0 0 0 18 12
16 0 0 0 20 17
17 0 0 0 13 16 36
18 0 0 0 43 19 15
19 0 0 0 18 21 20
20 0 0 0 16 19 23
21 0 0 0 19 44 22
22 0 0 0 21 24 23
23 0 0 0 20 22 26
24 0 0 0 22 45 25
25 0 0 0 27 26 24
26 0 0 0 25 29 23
27 0 0 0 28 25 46
28 0 0 0 29 27 30
29 0 0 0 26 28 32
30 0 0 0 31 28 33
31 0 0 0 32 30 34
32 0 0 0 29 31 35
33 0 0 0 47 30 112
34 0 0 0 31 52 53
35 0 0 0 58 59 32
36 0 0 0 59 60 17
37 0 0 0 65 14 64
38 0 0 0 69 70 11
39 0 0 0 75 8 74
40 0 0 0 80 3 79
41 0 0 0 86 4 85
42 0 0 0 91 92 5
43 0 0 0 93 18 92
44 0 0 0 21 97 98
45 0 0 0 24 102 103
46 0 0 0 27 107 108
47 0 0 0 48 33 72
48 0 0 0 49 47 113
49 0 0 0 50 48 123
50 0 0 0 51 49 125
51 0 0 0 52 50 67
52 0 0 0 34 51 129
53 0 0 0 130 54 34
54 0 0 0 132 55 53
55 0 0 0 63 56 54
56 0 0 0 133 57 55
57 0 0 0 135 58 56
58 0 0 0 139 35 57
59 0 0 0 140 36 35
60 0 0 0 141 61 36
61 0 0 0 60 136 62
62 0 0 0 133 63 61
63 0 0 0 62 55 64
64 0 0 0 132 37 63
65 0 0 0 66 37 131
66 0 0 0 67 65 129
67 0 0 0 68 66 51
68 0 0 0 69 67 125
69 0 0 0 128 38 68
70 0 0 0 127 71 38
71 0 0 0 70 113 72
72 0 0 0 47 73 71
73 0 0 0 72 112 74
74 0 0 0 73 114 39
75 0 0 0 76 39 115
76 0 0 0 77 75 117
77 0 0 0 78 76 119
78 0 0 0 79 77 121
79 0 0 0 40 78 106
80 0 0 0 81 40 105
81 0 0 0 82 80 122
82 0 0 0 83 81 143
83 0 0 0 84 82 147
84 0 0 0 85 83 100
85 0 0 0 41 84 148
86 0 0 0 87 41 149
87 0 0 0 88 86 151
88 0 0 0 89 87 96
89 0 0 0 90 88 152
90 0 0 0 91 89 154
91 0 0 0 158 42 90
92 0 0 0 42 159 43
93 0 0 0 94 43 160
94 0 0 0 95 93 155
95 0 0 0 152 96 94
96 0 0 0 95 88 97
97 0 0 0 44 96 151
98 0 0 0 99 44 150
99 0 0 0 100 98 148
100 0 0 0 101 99 84
101 0 0 0 102 100 147
102 0 0 0 45 101 145
103 0 0 0 104 45 144
104 0 0 0 105 103 122
105 0 0 0 106 104 80
106 0 0 0 107 105 79
107 0 0 0 46 106 121
108 0 0 0 120 109 46
109 0 0 0 118 110 108
110 0 0 0 116 111 109
111 0 0 0 114 112 110
112 0 0 0 73 33 111
113 0 0 0 71 126 48
114 0 0 0 74 111 115
115 0 0 0 114 116 75
116 0 0 0 115 110 117
117 0 0 0 116 118 76
118 0 0 0 117 109 119
119 0 0 0 118 120 77
120 0 0 0 119 108 121
121 0 0 0 120 107 78
122 0 0 0 104 142 81
123 0 0 0 126 124 49
124 0 0 0 123 128 125
125 0 0 0 124 68 50
126 0 0 0 113 127 123
127 0 0 0 126 70 128
128 0 0 0 127 69 124
129 0 0 0 66 130 52
130 0 0 0 129 131 53
131 0 0 0 65 132 130
132 0 0 0 131 64 54
133 0 0 0 134 56 62
134 0 0 0 135 133 136
135 0 0 0 138 57 134
136 0 0 0 61 137 134
137 0 0 0 136 141 138
138 0 0 0 139 135 137
139 0 0 0 140 58 138
140 0 0 0 141 59 139
141 0 0 0 137 60 140
142 0 0 0 144 143 122
143 0 0 0 142 146 82
144 0 0 0 145 142 103
145 0 0 0 146 144 102
146 0 0 0 143 145 147
147 0 0 0 146 101 83
148 0 0 0 99 149 85
149 0 0 0 148 150 86
150 0 0 0 149 98 151
151 0 0 0 150 97 87
152 0 0 0 89 95 153
153 0 0 0 155 154 152
154 0 0 0 153 157 90
155 0 0 0 156 153 94
156 0 0 0 160 157 155
157 0 0 0 156 158 154
158 0 0 0 159 91 157
159 0 0 0 92 158 160
160 0 0 0 159 156 93
0
