>>writegraph3d planar <<
1 0 0 0 8 2 7
2 0 0 0 12 3 1
3 0 0 0 57 4 2
4 0 0 0 58 5 3
5 0 0 0 59 6 4
6 0 0 0 60 7 5
7 0 0 0 6 61 1
8 0 0 0 9 1 62
9 0 0 0 10 8 13
10 0 0 0 11 9 17
11 0 0 0 12 10 55
12 0 0 0 56 2 11
13 0 0 0 63 14 9
14 0 0 0 18 15 13
15 0 0 0 22 16 14
16 0 0 0 53 17 15
17 0 0 0 16 54 10
18 0 0 0 19 14 64
19 0 0 0 18 23
20 0 0 0 21 27
21 0 0 0 22 20 51
22 0 0 0 52 15 21
23 0 0 0 24 19 65
24 0 0 0 66 25 23
25 0 0 0 28 26 24
26 0 0 0 32 27 25
27 0 0 0 26 50 20
28 0 0 0 29 25 67
29 0 0 0 30 28 68
30 0 0 0 31 29 33
31 0 0 0 32 30 37
32 0 0 0 49 26 31
33 0 0 0 30 69 34
34 0 0 0 70 35 33
35 0 0 0 34 38 36
36 0 0 0 42 37 35
37 0 0 0 36 48 31
38 0 0 0 35 43 39
39 0 0 0 44 40 38
40 0 0 0 39 45 41
41 0 0 0 46 42 40
42 0 0 0 41 47 36
43 0 0 0 38 70 71
44 0 0 0 72 39 71
45 0 0 0 40 72 73
46 0 0 0 74 41 73
47 0 0 0 42 74 48
48 0 0 0 47 49 37
49 0 0 0 48 50 32
50 0 0 0 49 51 27
51 0 0 0 50 75 21
52 0 0 0 53 22 75
53 0 0 0 76 16 52
54 0 0 0 76 55 17
55 0 0 0 54 77 11
56 0 0 0 57 12 77
57 0 0 0 78 3 56
58 0 0 0 79 4 78
59 0 0 0 80 5 79
60 0 0 0 81 6 80
61 0 0 0 81 62 7
62 0 0 0 61 63 8
63 0 0 0 62 64 13
64 0 0 0 63 65 18
65 0 0 0 64 82 23
66 0 0 0 67 24 82
67 0 0 0 83 28 66
68 0 0 0 69 29 83
69 0 0 0 33 68 84
70 0 0 0 43 34 84
71 0 0 0 44 43 78
72 0 0 0 45 44 77
73 0 0 0 45 76 46
74 0 0 0 47 46 75
75 0 0 0 51 74 52
76 0 0 0 73 54 53
77 0 0 0 55 72 56
78 0 0 0 58 57 71
79 0 0 0 59 58 84
80 0 0 0 60 59 83
81 0 0 0 82 61 60
82 0 0 0 65 81 66
83 0 0 0 68 67 80
84 0 0 0 70 69 79
0
