>>writegraph3d planar <<
1 0 0 0 2 3 4
2 0 0 0 1 5 6
3 0 0 0 1 7 8
4 0 0 0 1 9 10
5 0 0 0 2 10 11
6 0 0 0 2 12 13
7 0 0 0 3 14 15
8 0 0 0 3 16 17
9 0 0 0 4 18 19
10 0 0 0 4 20 5
11 0 0 0 5 21 12
12 0 0 0 6 11 22
13 0 0 0 6 23 14
14 0 0 0 7 13 24
15 0 0 0 7 25 16
16 0 0 0 8 15 26
17 0 0 0 8 27 18
18 0 0 0 9 17 28
19 0 0 0 9 29 20
20 0 0 0 10 19 21
21 0 0 0 11 20 30
22 0 0 0 12 31 23
23 0 0 0 13 22 32
24 0 0 0 14 32 33
25 0 0 0 15 34 35
26 0 0 0 16 35 36
27 0 0 0 17 37 38
28 0 0 0 18 38 29
29 0 0 0 19 28 39
30 0 0 0 21 40 41
31 0 0 0 22 41 42
32 0 0 0 23 42 24
33 0 0 0 24 43 34
34 0 0 0 25 33 44
35 0 0 0 25 45 26
36 0 0 0 26 46 37
37 0 0 0 27 36 47
38 0 0 0 27 48 28
39 0 0 0 29 49 40
40 0 0 0 30 39 50
41 0 0 0 30 51 31
42 0 0 0 31 52 32
43 0 0 0 33 53 54
44 0 0 0 34 54 45
45 0 0 0 35 44 55
46 0 0 0 36 56 57
47 0 0 0 37 57 48
48 0 0 0 38 47 58
49 0 0 0 39 58 59
50 0 0 0 40 59 51
51 0 0 0 41 50 60
52 0 0 0 42 61 53
53 0 0 0 43 52 62
54 0 0 0 43 63 44
55 0 0 0 45 63 56
56 0 0 0 46 55 64
57 0 0 0 46 65 47
58 0 0 0 48 65 49
59 0 0 0 49 66 50
60 0 0 0 51 66 61
61 0 0 0 52 60 67
62 0 0 0 53 67 63
63 0 0 0 54 62 55
64 0 0 0 56 68 65
65 0 0 0 57 64 58
66 0 0 0 59 68 60
67 0 0 0 61 68 62
68 0 0 0 64 67 66
0
