>>writegraph3d planar <<
1 0 0 0 6 2 5
2 0 0 0 8 3 1
3 0 0 0 42 4 2
4 0 0 0 43 5 3
5 0 0 0 4 44 1
6 0 0 0 7 1 9
7 0 0 0 8 6 11
8 0 0 0 41 2 7
9 0 0 0 12 10 6
10 0 0 0 14 11 9
11 0 0 0 10 40 7
12 0 0 0 15 13 9
13 0 0 0 12 17 14
14 0 0 0 39 10 13
15 0 0 0 16 12 18
16 0 0 0 17 15 20
17 0 0 0 13 16 38
18 0 0 0 45 19 15
19 0 0 0 18 21 20
20 0 0 0 16 19 23
21 0 0 0 19 46 22
22 0 0 0 21 24 23
23 0 0 0 26 20 22
24 0 0 0 22 27 25
25 0 0 0 29 26 24
26 0 0 0 25 31 23
27 0 0 0 47 28 24
28 0 0 0 48 29 27
29 0 0 0 28 30 25
30 0 0 0 29 32 31
31 0 0 0 26 30 34
32 0 0 0 30 35 33
33 0 0 0 36 34 32
34 0 0 0 33 37 31
35 0 0 0 113 49 32
36 0 0 0 55 33 54
37 0 0 0 60 61 34
38 0 0 0 61 62 17
39 0 0 0 67 14 66
40 0 0 0 71 72 11
41 0 0 0 77 8 76
42 0 0 0 82 3 81
43 0 0 0 88 4 87
44 0 0 0 93 94 5
45 0 0 0 95 18 94
46 0 0 0 21 99 100
47 0 0 0 104 27 103
48 0 0 0 110 28 109
49 0 0 0 35 74 50
50 0 0 0 49 114 51
51 0 0 0 52 50 134
52 0 0 0 53 51 136
53 0 0 0 54 52 69
54 0 0 0 140 36 53
55 0 0 0 56 36 141
56 0 0 0 57 55 143
57 0 0 0 58 56 65
58 0 0 0 59 57 144
59 0 0 0 60 58 146
60 0 0 0 150 37 59
61 0 0 0 151 38 37
62 0 0 0 152 63 38
63 0 0 0 147 64 62
64 0 0 0 63 144 65
65 0 0 0 64 57 66
66 0 0 0 65 143 39
67 0 0 0 68 39 142
68 0 0 0 69 67 140
69 0 0 0 70 68 53
70 0 0 0 71 69 136
71 0 0 0 139 40 70
72 0 0 0 138 73 40
73 0 0 0 114 74 72
74 0 0 0 49 75 73
75 0 0 0 74 113 76
76 0 0 0 75 115 41
77 0 0 0 78 41 116
78 0 0 0 79 77 118
79 0 0 0 80 78 120
80 0 0 0 81 79 108
81 0 0 0 42 80 121
82 0 0 0 83 42 122
83 0 0 0 84 82 124
84 0 0 0 85 83 126
85 0 0 0 86 84 128
86 0 0 0 87 85 102
87 0 0 0 43 86 129
88 0 0 0 89 43 130
89 0 0 0 90 88 132
90 0 0 0 91 89 98
91 0 0 0 92 90 133
92 0 0 0 93 91 154
93 0 0 0 158 44 92
94 0 0 0 44 159 45
95 0 0 0 96 45 160
96 0 0 0 97 95 155
97 0 0 0 133 98 96
98 0 0 0 97 90 99
99 0 0 0 46 98 132
100 0 0 0 101 46 131
101 0 0 0 102 100 129
102 0 0 0 103 101 86
103 0 0 0 47 102 128
104 0 0 0 105 47 127
105 0 0 0 106 104 125
106 0 0 0 123 107 105
107 0 0 0 106 121 108
108 0 0 0 109 107 80
109 0 0 0 120 48 108
110 0 0 0 111 48 119
111 0 0 0 112 110 117
112 0 0 0 113 111 115
113 0 0 0 75 35 112
114 0 0 0 50 73 137
115 0 0 0 76 112 116
116 0 0 0 115 117 77
117 0 0 0 116 111 118
118 0 0 0 117 119 78
119 0 0 0 118 110 120
120 0 0 0 119 109 79
121 0 0 0 107 122 81
122 0 0 0 121 123 82
123 0 0 0 122 106 124
124 0 0 0 123 125 83
125 0 0 0 124 105 126
126 0 0 0 125 127 84
127 0 0 0 126 104 128
128 0 0 0 127 103 85
129 0 0 0 101 130 87
130 0 0 0 129 131 88
131 0 0 0 130 100 132
132 0 0 0 131 99 89
133 0 0 0 91 97 153
134 0 0 0 135 51 137
135 0 0 0 136 134 139
136 0 0 0 52 135 70
137 0 0 0 114 138 134
138 0 0 0 137 72 139
139 0 0 0 138 71 135
140 0 0 0 141 54 68
141 0 0 0 142 55 140
142 0 0 0 143 141 67
143 0 0 0 66 56 142
144 0 0 0 64 145 58
145 0 0 0 144 147 146
146 0 0 0 145 149 59
147 0 0 0 145 63 148
148 0 0 0 147 152 149
149 0 0 0 146 148 150
150 0 0 0 151 60 149
151 0 0 0 152 61 150
152 0 0 0 148 62 151
153 0 0 0 155 154 133
154 0 0 0 153 157 92
155 0 0 0 156 153 96
156 0 0 0 160 157 155
157 0 0 0 156 158 154
158 0 0 0 159 93 157
159 0 0 0 94 158 160
160 0 0 0 159 156 95
0
