>>writegraph3d planar <<
1 0 0 0 6 2 5
2 0 0 0 8 3 1
3 0 0 0 24 4 2
4 0 0 0 34 5 3
5 0 0 0 4 35 1
6 0 0 0 1 9
7 0 0 0 8 11
8 0 0 0 23 2 7
9 0 0 0 12 10 6
10 0 0 0 14 11 9
11 0 0 0 10 22 7
12 0 0 0 15 13 9
13 0 0 0 12 17 14
14 0 0 0 21 10 13
15 0 0 0 36 16 12
16 0 0 0 15 18 17
17 0 0 0 13 16 20
18 0 0 0 16 37 19
19 0 0 0 38 20 18
20 0 0 0 19 39 17
21 0 0 0 40 22 14
22 0 0 0 21 41 11
23 0 0 0 24 8 25
24 0 0 0 27 3 23
25 0 0 0 42 26 23
26 0 0 0 25 28 27
27 0 0 0 30 24 26
28 0 0 0 26 31 29
29 0 0 0 28 32 30
30 0 0 0 33 27 29
31 0 0 0 28 86 43
32 0 0 0 47 48 29
33 0 0 0 53 30 52
34 0 0 0 55 4 54
35 0 0 0 59 60 5
36 0 0 0 61 15 60
37 0 0 0 18 64 65
38 0 0 0 69 70 19
39 0 0 0 74 75 20
40 0 0 0 77 21 76
41 0 0 0 81 82 22
42 0 0 0 83 25 82
43 0 0 0 44 31 77
44 0 0 0 45 43 76
45 0 0 0 46 44 88
46 0 0 0 47 45 90
47 0 0 0 92 32 46
48 0 0 0 93 49 32
49 0 0 0 71 50 48
50 0 0 0 94 51 49
51 0 0 0 96 52 50
52 0 0 0 51 98 33
53 0 0 0 54 33 99
54 0 0 0 34 53 66
55 0 0 0 56 34 65
56 0 0 0 57 55 64
57 0 0 0 58 56 100
58 0 0 0 59 57 102
59 0 0 0 106 35 58
60 0 0 0 35 107 36
61 0 0 0 62 36 108
62 0 0 0 63 61 103
63 0 0 0 100 64 62
64 0 0 0 63 56 37
65 0 0 0 66 37 55
66 0 0 0 67 65 54
67 0 0 0 99 68 66
68 0 0 0 67 97 69
69 0 0 0 68 95 38
70 0 0 0 94 71 38
71 0 0 0 70 49 72
72 0 0 0 73 71 93
73 0 0 0 74 72 91
74 0 0 0 89 39 73
75 0 0 0 39 88 76
76 0 0 0 75 44 40
77 0 0 0 78 40 43
78 0 0 0 79 77 86
79 0 0 0 80 78 87
80 0 0 0 81 79 110
81 0 0 0 114 41 80
82 0 0 0 41 115 42
83 0 0 0 84 42 116
84 0 0 0 85 83 111
85 0 0 0 87 86 84
86 0 0 0 85 78 31
87 0 0 0 79 85 109
88 0 0 0 75 89 45
89 0 0 0 88 74 90
90 0 0 0 89 91 46
91 0 0 0 90 73 92
92 0 0 0 93 47 91
93 0 0 0 72 48 92
94 0 0 0 95 50 70
95 0 0 0 96 94 69
96 0 0 0 97 51 95
97 0 0 0 68 98 96
98 0 0 0 97 99 52
99 0 0 0 98 67 53
100 0 0 0 57 63 101
101 0 0 0 103 102 100
102 0 0 0 101 105 58
103 0 0 0 104 101 62
104 0 0 0 108 105 103
105 0 0 0 104 106 102
106 0 0 0 107 59 105
107 0 0 0 60 106 108
108 0 0 0 107 104 61
109 0 0 0 111 110 87
110 0 0 0 109 113 80
111 0 0 0 112 109 84
112 0 0 0 116 113 111
113 0 0 0 112 114 110
114 0 0 0 115 81 113
115 0 0 0 82 114 116
116 0 0 0 115 112 83
0
