>>writegraph3d planar <<
1 0 0 0 6 2 5
2 0 0 0 8 3 1
3 0 0 0 33 4 2
4 0 0 0 34 5 3
5 0 0 0 4 35 1
6 0 0 0 7 1 9
7 0 0 0 8 6 11
8 0 0 0 30 2 7
9 0 0 0 12 10 6
10 0 0 0 14 11 9
11 0 0 0 10 29 7
12 0 0 0 15 9
13 0 0 0 17 14
14 0 0 0 42 10 13
15 0 0 0 16 12 36
16 0 0 0 17 15 18
17 0 0 0 13 16 20
18 0 0 0 16 21 19
19 0 0 0 23 20 18
20 0 0 0 19 25 17
21 0 0 0 18 37 22
22 0 0 0 21 38 23
23 0 0 0 24 19 22
24 0 0 0 26 25 23
25 0 0 0 24 28 20
26 0 0 0 39 27 24
27 0 0 0 40 28 26
28 0 0 0 27 41 25
29 0 0 0 11 31 30
30 0 0 0 32 8 29
31 0 0 0 74 43 29
32 0 0 0 47 30 46
33 0 0 0 49 3 48
34 0 0 0 53 4 52
35 0 0 0 56 36 5
36 0 0 0 57 15 35
37 0 0 0 21 58 59
38 0 0 0 22 62 63
39 0 0 0 65 26 64
40 0 0 0 69 27 68
41 0 0 0 72 42 28
42 0 0 0 41 73 14
43 0 0 0 79 44 31
44 0 0 0 43 82 45
45 0 0 0 44 69 46
46 0 0 0 45 68 32
47 0 0 0 48 32 67
48 0 0 0 33 47 83
49 0 0 0 50 33 84
50 0 0 0 51 49 86
51 0 0 0 52 50 63
52 0 0 0 34 51 62
53 0 0 0 54 34 61
54 0 0 0 55 53 87
55 0 0 0 56 54 89
56 0 0 0 75 35 55
57 0 0 0 58 36 75
58 0 0 0 37 57 91
59 0 0 0 60 37 92
60 0 0 0 61 59 87
61 0 0 0 62 60 53
62 0 0 0 38 61 52
63 0 0 0 64 38 51
64 0 0 0 86 39 63
65 0 0 0 85 66 39
66 0 0 0 65 83 67
67 0 0 0 68 66 47
68 0 0 0 46 40 67
69 0 0 0 70 40 45
70 0 0 0 71 69 82
71 0 0 0 72 70 80
72 0 0 0 76 41 71
73 0 0 0 42 76 74
74 0 0 0 78 31 73
75 0 0 0 57 56 90
76 0 0 0 73 72 77
77 0 0 0 80 78 76
78 0 0 0 79 74 77
79 0 0 0 81 43 78
80 0 0 0 81 77 71
81 0 0 0 82 79 80
82 0 0 0 44 81 70
83 0 0 0 66 84 48
84 0 0 0 83 85 49
85 0 0 0 84 65 86
86 0 0 0 85 64 50
87 0 0 0 60 88 54
88 0 0 0 92 89 87
89 0 0 0 88 90 55
90 0 0 0 89 91 75
91 0 0 0 90 92 58
92 0 0 0 91 88 59
0
