>>writegraph3d planar <<
1 0 0 0 6 2 5
2 0 0 0 8 3 1
3 0 0 0 44 4 2
4 0 0 0 45 5 3
5 0 0 0 4 46 1
6 0 0 0 7 1 9
7 0 0 0 8 6 11
8 0 0 0 41 2 7
9 0 0 0 12 10 6
10 0 0 0 14 11 9
11 0 0 0 10 40 7
12 0 0 0 15 13 9
13 0 0 0 12 17 14
14 0 0 0 39 10 13
15 0 0 0 47 16 12
16 0 0 0 15 18 17
17 0 0 0 13 16 20
18 0 0 0 21 19 16
19 0 0 0 18 23 20
20 0 0 0 19 39 17
21 0 0 0 24 22 18
22 0 0 0 21 26 23
23 0 0 0 19 22 38
24 0 0 0 25 21 48
25 0 0 0 26 24 27
26 0 0 0 22 25 29
27 0 0 0 30 28 25
28 0 0 0 27 32 29
29 0 0 0 26 28 53
30 0 0 0 33 31 27
31 0 0 0 30 35 32
32 0 0 0 31 37 28
33 0 0 0 34 30 49
34 0 0 0 35 33 50
35 0 0 0 31 34 36
36 0 0 0 37 35 51
37 0 0 0 32 36 52
38 0 0 0 39 23 54
39 0 0 0 20 38 14
40 0 0 0 11 42 41
41 0 0 0 43 8 40
42 0 0 0 54 55 40
43 0 0 0 59 41 58
44 0 0 0 61 3 60
45 0 0 0 65 4 64
46 0 0 0 68 47 5
47 0 0 0 69 15 46
48 0 0 0 24 69 70
49 0 0 0 71 33 70
50 0 0 0 34 74 75
51 0 0 0 78 36 77
52 0 0 0 37 81 82
53 0 0 0 83 84 29
54 0 0 0 84 42 38
55 0 0 0 88 56 42
56 0 0 0 91 57 55
57 0 0 0 56 96 58
58 0 0 0 57 80 43
59 0 0 0 60 43 79
60 0 0 0 44 59 98
61 0 0 0 62 44 97
62 0 0 0 63 61 76
63 0 0 0 64 62 94
64 0 0 0 45 63 92
65 0 0 0 66 45 89
66 0 0 0 67 65 72
67 0 0 0 68 66 87
68 0 0 0 85 46 67
69 0 0 0 48 47 85
70 0 0 0 86 49 48
71 0 0 0 72 49 87
72 0 0 0 73 71 66
73 0 0 0 74 72 89
74 0 0 0 50 73 93
75 0 0 0 76 50 94
76 0 0 0 77 75 62
77 0 0 0 97 51 76
78 0 0 0 79 51 98
79 0 0 0 80 78 59
80 0 0 0 81 79 58
81 0 0 0 52 80 96
82 0 0 0 95 83 52
83 0 0 0 82 90 53
84 0 0 0 88 54 53
85 0 0 0 69 68 86
86 0 0 0 87 70 85
87 0 0 0 71 86 67
88 0 0 0 90 55 84
89 0 0 0 92 73 65
90 0 0 0 91 88 83
91 0 0 0 95 56 90
92 0 0 0 93 89 64
93 0 0 0 94 74 92
94 0 0 0 75 93 63
95 0 0 0 96 91 82
96 0 0 0 57 95 81
97 0 0 0 98 77 61
98 0 0 0 78 97 60
0
