>>writegraph3d planar <<
1 0 0 0 6 2 5
2 0 0 0 8 3 1
3 0 0 0 30 4 2
4 0 0 0 33 5 3
5 0 0 0 4 34 1
6 0 0 0 7 1 9
7 0 0 0 8 6 11
8 0 0 0 29 2 7
9 0 0 0 12 10 6
10 0 0 0 14 11 9
11 0 0 0 10 28 7
12 0 0 0 15 13 9
13 0 0 0 12 17 14
14 0 0 0 27 10 13
15 0 0 0 35 16 12
16 0 0 0 15 18 17
17 0 0 0 13 16 20
18 0 0 0 16 36 19
19 0 0 0 21 20 18
20 0 0 0 19 23 17
21 0 0 0 22 19 24
22 0 0 0 26 23 21
23 0 0 0 22 40 20
24 0 0 0 37 25 21
25 0 0 0 24 38 26
26 0 0 0 39 22 25
27 0 0 0 41 28 14
28 0 0 0 27 42 11
29 0 0 0 30 8 31
30 0 0 0 32 3 29
31 0 0 0 86 43 29
32 0 0 0 48 30 47
33 0 0 0 52 4 51
34 0 0 0 56 57 5
35 0 0 0 58 15 57
36 0 0 0 18 61 62
37 0 0 0 64 65 24
38 0 0 0 25 69 70
39 0 0 0 75 26 74
40 0 0 0 78 79 23
41 0 0 0 80 27 79
42 0 0 0 84 85 28
43 0 0 0 87 44 31
44 0 0 0 89 45 43
45 0 0 0 93 46 44
46 0 0 0 68 47 45
47 0 0 0 46 94 32
48 0 0 0 49 32 95
49 0 0 0 50 48 97
50 0 0 0 51 49 99
51 0 0 0 33 50 63
52 0 0 0 53 33 62
53 0 0 0 54 52 61
54 0 0 0 55 53 100
55 0 0 0 56 54 102
56 0 0 0 106 34 55
57 0 0 0 34 107 35
58 0 0 0 59 35 108
59 0 0 0 60 58 103
60 0 0 0 100 61 59
61 0 0 0 60 53 36
62 0 0 0 63 36 52
63 0 0 0 64 62 51
64 0 0 0 99 37 63
65 0 0 0 98 66 37
66 0 0 0 96 67 65
67 0 0 0 94 68 66
68 0 0 0 67 46 69
69 0 0 0 68 93 38
70 0 0 0 38 92 71
71 0 0 0 70 88 72
72 0 0 0 90 73 71
73 0 0 0 72 85 74
74 0 0 0 73 84 39
75 0 0 0 76 39 83
76 0 0 0 77 75 91
77 0 0 0 78 76 110
78 0 0 0 114 40 77
79 0 0 0 40 115 41
80 0 0 0 81 41 116
81 0 0 0 82 80 111
82 0 0 0 83 81 91
83 0 0 0 84 82 75
84 0 0 0 74 42 83
85 0 0 0 73 86 42
86 0 0 0 85 90 31
87 0 0 0 88 43 90
88 0 0 0 89 87 71
89 0 0 0 92 44 88
90 0 0 0 86 72 87
91 0 0 0 109 76 82
92 0 0 0 93 89 70
93 0 0 0 69 45 92
94 0 0 0 47 67 95
95 0 0 0 94 96 48
96 0 0 0 95 66 97
97 0 0 0 96 98 49
98 0 0 0 97 65 99
99 0 0 0 98 64 50
100 0 0 0 54 60 101
101 0 0 0 103 102 100
102 0 0 0 101 105 55
103 0 0 0 104 101 59
104 0 0 0 108 105 103
105 0 0 0 104 106 102
106 0 0 0 107 56 105
107 0 0 0 57 106 108
108 0 0 0 107 104 58
109 0 0 0 111 110 91
110 0 0 0 109 113 77
111 0 0 0 112 109 81
112 0 0 0 116 113 111
113 0 0 0 112 114 110
114 0 0 0 115 78 113
115 0 0 0 79 114 116
116 0 0 0 115 112 80
0
