>>writegraph3d planar <<
1 0 0 0 6 2 5
2 0 0 0 8 3 1
3 0 0 0 27 4 2
4 0 0 0 28 5 3
5 0 0 0 4 29 1
6 0 0 0 7 1 9
7 0 0 0 8 6 11
8 0 0 0 24 2 7
9 0 0 0 12 6
10 0 0 0 14 11
11 0 0 0 10 23 7
12 0 0 0 15 13 9
13 0 0 0 12 17 14
14 0 0 0 19 10 13
15 0 0 0 30 16 12
16 0 0 0 15 31 17
17 0 0 0 13 16 18
18 0 0 0 20 19 17
19 0 0 0 22 14 18
20 0 0 0 32 21 18
21 0 0 0 20 33 22
22 0 0 0 34 19 21
23 0 0 0 11 25 24
24 0 0 0 26 8 23
25 0 0 0 23 72 35
26 0 0 0 40 24 39
27 0 0 0 43 3 42
28 0 0 0 48 4 47
29 0 0 0 52 53 5
30 0 0 0 54 15 53
31 0 0 0 16 58 59
32 0 0 0 62 20 61
33 0 0 0 21 66 67
34 0 0 0 72 22 71
35 0 0 0 25 73 36
36 0 0 0 35 75 37
37 0 0 0 81 38 36
38 0 0 0 37 68 39
39 0 0 0 38 82 26
40 0 0 0 41 26 83
41 0 0 0 42 40 65
42 0 0 0 27 41 84
43 0 0 0 44 27 85
44 0 0 0 45 43 87
45 0 0 0 46 44 89
46 0 0 0 47 45 60
47 0 0 0 28 46 90
48 0 0 0 49 28 91
49 0 0 0 50 48 57
50 0 0 0 51 49 92
51 0 0 0 52 50 94
52 0 0 0 98 29 51
53 0 0 0 29 99 30
54 0 0 0 55 30 100
55 0 0 0 56 54 95
56 0 0 0 92 57 55
57 0 0 0 56 49 58
58 0 0 0 31 57 91
59 0 0 0 60 31 90
60 0 0 0 61 59 46
61 0 0 0 89 32 60
62 0 0 0 63 32 88
63 0 0 0 86 64 62
64 0 0 0 63 84 65
65 0 0 0 66 64 41
66 0 0 0 33 65 83
67 0 0 0 33 82 68
68 0 0 0 38 69 67
69 0 0 0 81 70 68
70 0 0 0 79 71 69
71 0 0 0 77 34 70
72 0 0 0 25 34 76
73 0 0 0 35 76 74
74 0 0 0 75 73 78
75 0 0 0 36 74 80
76 0 0 0 72 77 73
77 0 0 0 76 71 78
78 0 0 0 77 79 74
79 0 0 0 78 70 80
80 0 0 0 79 81 75
81 0 0 0 80 69 37
82 0 0 0 67 83 39
83 0 0 0 82 66 40
84 0 0 0 64 85 42
85 0 0 0 84 86 43
86 0 0 0 85 63 87
87 0 0 0 86 88 44
88 0 0 0 87 62 89
89 0 0 0 88 61 45
90 0 0 0 59 91 47
91 0 0 0 90 58 48
92 0 0 0 50 56 93
93 0 0 0 95 94 92
94 0 0 0 93 97 51
95 0 0 0 96 93 55
96 0 0 0 100 97 95
97 0 0 0 96 98 94
98 0 0 0 99 52 97
99 0 0 0 53 98 100
100 0 0 0 99 96 54
0
