>>writegraph3d planar <<
1 0 0 0 6 2 5
2 0 0 0 8 3 1
3 0 0 0 22 4 2
4 0 0 0 15 5 3
5 0 0 0 4 12 1
6 0 0 0 7 1 9
7 0 0 0 8 6 11
8 0 0 0 21 2 7
9 0 0 0 10 6
10 0 0 0 9 14 11
11 0 0 0 10 18 7
12 0 0 0 5 13
13 0 0 0 12 15 14
14 0 0 0 10 13 17
15 0 0 0 13 4 16
16 0 0 0 19 17 15
17 0 0 0 16 18 14
18 0 0 0 17 20 11
19 0 0 0 23 16 28
20 0 0 0 24 25 18
21 0 0 0 26 8 25
22 0 0 0 28 3 27
23 0 0 0 24 19 29
24 0 0 0 31 20 23
25 0 0 0 20 32 21
26 0 0 0 27 21 33
27 0 0 0 22 26 36
28 0 0 0 19 22 34
29 0 0 0 34 30 23
30 0 0 0 35 31 29
31 0 0 0 32 24 30
32 0 0 0 25 31 33
33 0 0 0 32 35 26
34 0 0 0 36 29 28
35 0 0 0 33 30 36
36 0 0 0 35 34 27
0
