>>writegraph3d planar <<
1 0 0 0 6 2 5
2 0 0 0 8 3 1
3 0 0 0 24 4 2
4 0 0 0 26 5 3
5 0 0 0 4 27 1
6 0 0 0 7 1 9
7 0 0 0 8 6 11
8 0 0 0 23 2 7
9 0 0 0 12 10 6
10 0 0 0 9 14 11
11 0 0 0 10 22 7
12 0 0 0 15 13 9
13 0 0 0 12 17 14
14 0 0 0 10 13 21
15 0 0 0 28 16 12
16 0 0 0 15 18 17
17 0 0 0 13 16 20
18 0 0 0 29 19 16
19 0 0 0 18 30 20
20 0 0 0 21 17 19
21 0 0 0 22 14 20
22 0 0 0 11 21 23
23 0 0 0 24 8 22
24 0 0 0 25 3 23
25 0 0 0 31 24 50
26 0 0 0 35 4 34
27 0 0 0 39 40 5
28 0 0 0 41 15 40
29 0 0 0 45 18 44
30 0 0 0 49 50 19
31 0 0 0 32 25 51
32 0 0 0 33 31 53
33 0 0 0 34 32 59
34 0 0 0 26 33 46
35 0 0 0 36 26
36 0 0 0 37 35 44
37 0 0 0 38 36 60
38 0 0 0 39 37 62
39 0 0 0 66 27 38
40 0 0 0 27 67 28
41 0 0 0 42 28 68
42 0 0 0 43 41 63
43 0 0 0 60 44 42
44 0 0 0 43 36 29
45 0 0 0 46 29
46 0 0 0 47 45 34
47 0 0 0 48 46 59
48 0 0 0 49 47 57
49 0 0 0 55 30 48
50 0 0 0 30 54 25
51 0 0 0 54 52 31
52 0 0 0 51 56 53
53 0 0 0 52 58 32
54 0 0 0 50 55 51
55 0 0 0 54 49 56
56 0 0 0 52 55 57
57 0 0 0 58 56 48
58 0 0 0 53 57 59
59 0 0 0 58 47 33
60 0 0 0 37 43 61
61 0 0 0 63 62 60
62 0 0 0 61 65 38
63 0 0 0 64 61 42
64 0 0 0 68 65 63
65 0 0 0 64 66 62
66 0 0 0 67 39 65
67 0 0 0 40 66 68
68 0 0 0 67 64 41
0
