>>writegraph3d planar <<
1 0 0 0 6 2 5
2 0 0 0 8 3 1
3 0 0 0 31 4 2
4 0 0 0 33 5 3
5 0 0 0 4 40 1
6 0 0 0 7 1 9
7 0 0 0 8 6 11
8 0 0 0 30 2 7
9 0 0 0 12 10 6
10 0 0 0 14 11 9
11 0 0 0 10 29 7
12 0 0 0 15 13 9
13 0 0 0 12 17 14
14 0 0 0 28 10 13
15 0 0 0 41 16 12
16 0 0 0 15 18 17
17 0 0 0 13 16 20
18 0 0 0 21 19 16
19 0 0 0 18 23 20
20 0 0 0 19 28 17
21 0 0 0 24 22 18
22 0 0 0 21 26 23
23 0 0 0 19 22 27
24 0 0 0 25 21 42
25 0 0 0 26 24 43
26 0 0 0 22 25 44
27 0 0 0 28 23 45
28 0 0 0 20 27 14
29 0 0 0 11 46 30
30 0 0 0 31 8 29
31 0 0 0 32 3 30
32 0 0 0 33 31 34
33 0 0 0 36 4 32
34 0 0 0 37 35 32
35 0 0 0 34 38 36
36 0 0 0 39 33 35
37 0 0 0 47 34 68
38 0 0 0 35 50 51
39 0 0 0 55 36 54
40 0 0 0 56 41 5
41 0 0 0 57 15 40
42 0 0 0 24 57 58
43 0 0 0 62 25 61
44 0 0 0 26 65 66
45 0 0 0 46 27 67
46 0 0 0 29 45 68
47 0 0 0 48 37 72
48 0 0 0 76 49 47
49 0 0 0 48 64 50
50 0 0 0 38 49 79
51 0 0 0 38 80 52
52 0 0 0 77 53 51
53 0 0 0 52 60 54
54 0 0 0 53 74 39
55 0 0 0 56 39 73
56 0 0 0 69 40 55
57 0 0 0 42 41 69
58 0 0 0 70 59 42
59 0 0 0 58 74 60
60 0 0 0 53 61 59
61 0 0 0 77 43 60
62 0 0 0 63 43 78
63 0 0 0 64 62 79
64 0 0 0 65 63 49
65 0 0 0 44 64 76
66 0 0 0 75 67 44
67 0 0 0 66 71 45
68 0 0 0 46 71 37
69 0 0 0 57 56 70
70 0 0 0 73 58 69
71 0 0 0 67 72 68
72 0 0 0 71 75 47
73 0 0 0 74 70 55
74 0 0 0 59 73 54
75 0 0 0 72 66 76
76 0 0 0 65 48 75
77 0 0 0 78 61 52
78 0 0 0 62 77
79 0 0 0 80 50 63
80 0 0 0 51 79
0
