>>writegraph3d planar <<
1 0 0 0 6 2 5
2 0 0 0 8 3 1
3 0 0 0 33 4 2
4 0 0 0 34 5 3
5 0 0 0 4 35 1
6 0 0 0 7 1 9
7 0 0 0 8 6 11
8 0 0 0 32 2 7
9 0 0 0 12 10 6
10 0 0 0 14 11 9
11 0 0 0 10 31 7
12 0 0 0 15 9
13 0 0 0 17 14
14 0 0 0 30 10 13
15 0 0 0 36 16 12
16 0 0 0 15 18 17
17 0 0 0 13 16 20
18 0 0 0 16 37 19
19 0 0 0 21 20 18
20 0 0 0 19 23 17
21 0 0 0 38 22 19
22 0 0 0 21 24 23
23 0 0 0 20 22 26
24 0 0 0 22 27 25
25 0 0 0 28 26 24
26 0 0 0 25 29 23
27 0 0 0 24 84 39
28 0 0 0 44 25 43
29 0 0 0 48 49 26
30 0 0 0 50 14 49
31 0 0 0 53 54 11
32 0 0 0 58 8 57
33 0 0 0 62 3 61
34 0 0 0 67 4 66
35 0 0 0 71 72 5
36 0 0 0 73 15 72
37 0 0 0 18 76 77
38 0 0 0 81 21 80
39 0 0 0 40 27 60
40 0 0 0 41 39 85
41 0 0 0 42 40 87
42 0 0 0 43 41 89
43 0 0 0 28 42 55
44 0 0 0 45 28 54
45 0 0 0 46 44 53
46 0 0 0 47 45 93
47 0 0 0 48 46 95
48 0 0 0 99 29 47
49 0 0 0 29 100 30
50 0 0 0 51 30 101
51 0 0 0 52 50 96
52 0 0 0 53 51 93
53 0 0 0 45 31 52
54 0 0 0 44 55 31
55 0 0 0 43 56 54
56 0 0 0 55 89 57
57 0 0 0 56 92 32
58 0 0 0 59 32 91
59 0 0 0 60 58 85
60 0 0 0 61 59 39
61 0 0 0 33 60 84
62 0 0 0 63 33 83
63 0 0 0 64 62 86
64 0 0 0 65 63 103
65 0 0 0 66 64 107
66 0 0 0 34 65 78
67 0 0 0 68 34 77
68 0 0 0 69 67 76
69 0 0 0 70 68 108
70 0 0 0 71 69 110
71 0 0 0 114 35 70
72 0 0 0 35 115 36
73 0 0 0 74 36 116
74 0 0 0 75 73 111
75 0 0 0 108 76 74
76 0 0 0 75 68 37
77 0 0 0 78 37 67
78 0 0 0 79 77 66
79 0 0 0 107 80 78
80 0 0 0 79 105 38
81 0 0 0 104 82 38
82 0 0 0 81 86 83
83 0 0 0 84 82 62
84 0 0 0 27 83 61
85 0 0 0 90 40 59
86 0 0 0 82 102 63
87 0 0 0 90 88 41
88 0 0 0 87 92 89
89 0 0 0 56 42 88
90 0 0 0 91 87 85
91 0 0 0 92 90 58
92 0 0 0 88 91 57
93 0 0 0 94 46 52
94 0 0 0 96 95 93
95 0 0 0 94 98 47
96 0 0 0 97 94 51
97 0 0 0 101 98 96
98 0 0 0 97 99 95
99 0 0 0 100 48 98
100 0 0 0 49 99 101
101 0 0 0 100 97 50
102 0 0 0 104 103 86
103 0 0 0 102 106 64
104 0 0 0 105 102 81
105 0 0 0 80 106 104
106 0 0 0 105 107 103
107 0 0 0 106 79 65
108 0 0 0 69 75 109
109 0 0 0 111 110 108
110 0 0 0 109 113 70
111 0 0 0 112 109 74
112 0 0 0 116 113 111
113 0 0 0 112 114 110
114 0 0 0 115 71 113
115 0 0 0 72 114 116
116 0 0 0 115 112 73
0
