>>writegraph3d planar <<
1 0 0 0 6 2 5
2 0 0 0 8 3 1
3 0 0 0 42 4 2
4 0 0 0 43 5 3
5 0 0 0 4 44 1
6 0 0 0 7 1 9
7 0 0 0 8 6 11
8 0 0 0 41 2 7
9 0 0 0 12 10 6
10 0 0 0 14 11 9
11 0 0 0 10 40 7
12 0 0 0 15 13 9
13 0 0 0 12 17 14
14 0 0 0 39 10 13
15 0 0 0 16 12 18
16 0 0 0 17 15 20
17 0 0 0 13 16 38
18 0 0 0 19 15 21
19 0 0 0 20 18 23
20 0 0 0 16 19 25
21 0 0 0 45 22 18
22 0 0 0 21 46 23
23 0 0 0 19 22 24
24 0 0 0 26 25 23
25 0 0 0 24 28 20
26 0 0 0 47 27 24
27 0 0 0 26 29 28
28 0 0 0 25 27 31
29 0 0 0 27 48 30
30 0 0 0 31 29 32
31 0 0 0 28 30 34
32 0 0 0 33 30 35
33 0 0 0 36 34 32
34 0 0 0 33 37 31
35 0 0 0 113 49 32
36 0 0 0 55 33 54
37 0 0 0 60 61 34
38 0 0 0 61 62 17
39 0 0 0 67 14 66
40 0 0 0 71 72 11
41 0 0 0 77 8 76
42 0 0 0 82 3 81
43 0 0 0 88 4 87
44 0 0 0 5 93 45
45 0 0 0 94 21 44
46 0 0 0 22 99 100
47 0 0 0 104 26 103
48 0 0 0 29 108 109
49 0 0 0 35 74 50
50 0 0 0 49 141 51
51 0 0 0 52 50 143
52 0 0 0 53 51 147
53 0 0 0 54 52 69
54 0 0 0 148 36 53
55 0 0 0 56 36 149
56 0 0 0 57 55 151
57 0 0 0 58 56 65
58 0 0 0 59 57 152
59 0 0 0 60 58 154
60 0 0 0 158 37 59
61 0 0 0 159 38 37
62 0 0 0 160 63 38
63 0 0 0 155 64 62
64 0 0 0 63 152 65
65 0 0 0 64 57 66
66 0 0 0 65 151 39
67 0 0 0 68 39 150
68 0 0 0 69 67 148
69 0 0 0 70 68 53
70 0 0 0 71 69 147
71 0 0 0 145 40 70
72 0 0 0 144 73 40
73 0 0 0 141 74 72
74 0 0 0 49 75 73
75 0 0 0 113 76 74
76 0 0 0 75 140 41
77 0 0 0 78 41 139
78 0 0 0 79 77 137
79 0 0 0 80 78 135
80 0 0 0 81 79 133
81 0 0 0 42 80 107
82 0 0 0 83 42 106
83 0 0 0 84 82 132
84 0 0 0 85 83 130
85 0 0 0 86 84 126
86 0 0 0 87 85 101
87 0 0 0 43 86 125
88 0 0 0 89 43 124
89 0 0 0 90 88 98
90 0 0 0 91 89 123
91 0 0 0 92 90 121
92 0 0 0 117 93 91
93 0 0 0 92 114 44
94 0 0 0 95 45 114
95 0 0 0 96 94 116
96 0 0 0 97 95 120
97 0 0 0 123 98 96
98 0 0 0 97 89 99
99 0 0 0 46 98 124
100 0 0 0 101 46 125
101 0 0 0 102 100 86
102 0 0 0 126 103 101
103 0 0 0 102 128 47
104 0 0 0 129 105 47
105 0 0 0 104 132 106
106 0 0 0 107 105 82
107 0 0 0 108 106 81
108 0 0 0 48 107 133
109 0 0 0 134 110 48
110 0 0 0 136 111 109
111 0 0 0 138 112 110
112 0 0 0 140 113 111
113 0 0 0 112 75 35
114 0 0 0 93 115 94
115 0 0 0 117 116 114
116 0 0 0 115 119 95
117 0 0 0 118 115 92
118 0 0 0 121 119 117
119 0 0 0 118 120 116
120 0 0 0 119 122 96
121 0 0 0 122 118 91
122 0 0 0 120 121 123
123 0 0 0 90 97 122
124 0 0 0 125 99 88
125 0 0 0 100 124 87
126 0 0 0 127 102 85
127 0 0 0 130 128 126
128 0 0 0 127 129 103
129 0 0 0 131 104 128
130 0 0 0 131 127 84
131 0 0 0 132 129 130
132 0 0 0 105 131 83
133 0 0 0 134 108 80
134 0 0 0 135 109 133
135 0 0 0 136 134 79
136 0 0 0 137 110 135
137 0 0 0 138 136 78
138 0 0 0 139 111 137
139 0 0 0 140 138 77
140 0 0 0 76 112 139
141 0 0 0 50 73 142
142 0 0 0 141 144 143
143 0 0 0 146 51 142
144 0 0 0 142 72 145
145 0 0 0 144 71 146
146 0 0 0 147 143 145
147 0 0 0 52 146 70
148 0 0 0 149 54 68
149 0 0 0 150 55 148
150 0 0 0 151 149 67
151 0 0 0 66 56 150
152 0 0 0 64 153 58
153 0 0 0 152 155 154
154 0 0 0 153 157 59
155 0 0 0 153 63 156
156 0 0 0 155 160 157
157 0 0 0 154 156 158
158 0 0 0 159 60 157
159 0 0 0 160 61 158
160 0 0 0 156 62 159
0
