>>writegraph3d planar <<
1 0 0 0 6 2 5
2 0 0 0 8 3 1
3 0 0 0 36 4 2
4 0 0 0 37 5 3
5 0 0 0 4 38 1
6 0 0 0 7 1 9
7 0 0 0 8 6 11
8 0 0 0 35 2 7
9 0 0 0 12 10 6
10 0 0 0 14 11 9
11 0 0 0 10 34 7
12 0 0 0 15 13 9
13 0 0 0 12 17 14
14 0 0 0 33 10 13
15 0 0 0 16 12 18
16 0 0 0 17 15 20
17 0 0 0 13 16 26
18 0 0 0 39 19 15
19 0 0 0 18 21 20
20 0 0 0 16 19 23
21 0 0 0 19 40 22
22 0 0 0 21 24 23
23 0 0 0 26 20 22
24 0 0 0 22 27 25
25 0 0 0 29 26 24
26 0 0 0 25 17 23
27 0 0 0 41 28 24
28 0 0 0 27 30 29
29 0 0 0 28 32 25
30 0 0 0 42 31 28
31 0 0 0 43 32 30
32 0 0 0 31 44 29
33 0 0 0 45 14 99
34 0 0 0 49 50 11
35 0 0 0 55 8 54
36 0 0 0 60 3 59
37 0 0 0 66 4 65
38 0 0 0 71 72 5
39 0 0 0 73 18 72
40 0 0 0 21 77 78
41 0 0 0 82 27 81
42 0 0 0 87 30 86
43 0 0 0 93 31 92
44 0 0 0 98 99 32
45 0 0 0 46 33 100
46 0 0 0 47 45 102
47 0 0 0 48 46 108
48 0 0 0 49 47 95
49 0 0 0 109 34 48
50 0 0 0 110 51 34
51 0 0 0 112 52 50
52 0 0 0 91 53 51
53 0 0 0 52 113 54
54 0 0 0 53 115 35
55 0 0 0 56 35 116
56 0 0 0 57 55 119
57 0 0 0 58 56 87
58 0 0 0 59 57 86
59 0 0 0 36 58 120
60 0 0 0 61 36 121
61 0 0 0 62 60 123
62 0 0 0 63 61 125
63 0 0 0 64 62 127
64 0 0 0 65 63 80
65 0 0 0 37 64 128
66 0 0 0 67 37 129
67 0 0 0 68 66 131
68 0 0 0 69 67 76
69 0 0 0 70 68 132
70 0 0 0 71 69 134
71 0 0 0 138 38 70
72 0 0 0 38 139 39
73 0 0 0 74 39 140
74 0 0 0 75 73 135
75 0 0 0 132 76 74
76 0 0 0 75 68 77
77 0 0 0 40 76 131
78 0 0 0 79 40 130
79 0 0 0 80 78 128
80 0 0 0 81 79 64
81 0 0 0 41 80 127
82 0 0 0 83 41 126
83 0 0 0 84 82 124
84 0 0 0 122 85 83
85 0 0 0 84 120 86
86 0 0 0 42 85 58
87 0 0 0 88 42 57
88 0 0 0 89 87 119
89 0 0 0 90 88 117
90 0 0 0 91 89 113
91 0 0 0 92 90 52
92 0 0 0 43 91 112
93 0 0 0 94 43 111
94 0 0 0 95 93 109
95 0 0 0 96 94 48
96 0 0 0 97 95 108
97 0 0 0 98 96 106
98 0 0 0 104 44 97
99 0 0 0 44 103 33
100 0 0 0 103 101 45
101 0 0 0 100 105 102
102 0 0 0 101 107 46
103 0 0 0 99 104 100
104 0 0 0 103 98 105
105 0 0 0 101 104 106
106 0 0 0 107 105 97
107 0 0 0 102 106 108
108 0 0 0 107 96 47
109 0 0 0 110 49 94
110 0 0 0 111 50 109
111 0 0 0 112 110 93
112 0 0 0 92 51 111
113 0 0 0 53 90 114
114 0 0 0 117 115 113
115 0 0 0 114 116 54
116 0 0 0 115 118 55
117 0 0 0 118 114 89
118 0 0 0 116 117 119
119 0 0 0 118 88 56
120 0 0 0 85 121 59
121 0 0 0 120 122 60
122 0 0 0 121 84 123
123 0 0 0 122 124 61
124 0 0 0 123 83 125
125 0 0 0 124 126 62
126 0 0 0 125 82 127
127 0 0 0 126 81 63
128 0 0 0 79 129 65
129 0 0 0 128 130 66
130 0 0 0 129 78 131
131 0 0 0 130 77 67
132 0 0 0 69 75 133
133 0 0 0 135 134 132
134 0 0 0 133 137 70
135 0 0 0 136 133 74
136 0 0 0 140 137 135
137 0 0 0 136 138 134
138 0 0 0 139 71 137
139 0 0 0 72 138 140
140 0 0 0 139 136 73
0
