>>writegraph3d planar <<
1 0 0 0 6 2 5
2 0 0 0 8 3 1
3 0 0 0 40 4 2
4 0 0 0 42 5 3
5 0 0 0 4 50 1
6 0 0 0 7 1 9
7 0 0 0 8 6 10
8 0 0 0 63 2 7
9 0 0 0 11 6
10 0 0 0 27 7
11 0 0 0 14 12 9
12 0 0 0 11 16 13
13 0 0 0 26 12
14 0 0 0 15 11 51
15 0 0 0 16 14 17
16 0 0 0 12 15 19
17 0 0 0 15 20 18
18 0 0 0 22 19 17
19 0 0 0 18 56 16
20 0 0 0 17 23 21
21 0 0 0 20 25 22
22 0 0 0 55 18 21
23 0 0 0 20 52 24
24 0 0 0 25 23 53
25 0 0 0 21 24 54
26 0 0 0 28 27 13
27 0 0 0 26 30 10
28 0 0 0 29 26 57
29 0 0 0 31 30 28
30 0 0 0 29 33 27
31 0 0 0 32 29 34
32 0 0 0 36 33 31
33 0 0 0 32 62 30
34 0 0 0 37 35 31
35 0 0 0 34 39 36
36 0 0 0 61 32 35
37 0 0 0 58 38 34
38 0 0 0 59 39 37
39 0 0 0 38 60 35
40 0 0 0 41 3 43
41 0 0 0 42 40 45
42 0 0 0 49 4 41
43 0 0 0 40 46 44
44 0 0 0 47 45 43
45 0 0 0 44 48 41
46 0 0 0 43 108 64
47 0 0 0 67 68 44
48 0 0 0 45 71 72
49 0 0 0 75 42 74
50 0 0 0 77 51 5
51 0 0 0 78 14 50
52 0 0 0 23 78 79
53 0 0 0 83 24 82
54 0 0 0 25 86 87
55 0 0 0 90 22 89
56 0 0 0 92 57 19
57 0 0 0 56 93 28
58 0 0 0 93 94 37
59 0 0 0 98 38 97
60 0 0 0 101 102 39
61 0 0 0 105 36 104
62 0 0 0 33 107 63
63 0 0 0 108 8 62
64 0 0 0 114 65 46
65 0 0 0 64 120 66
66 0 0 0 126 67 65
67 0 0 0 66 103 47
68 0 0 0 47 102 69
69 0 0 0 68 101 70
70 0 0 0 71 69 127
71 0 0 0 48 70 84
72 0 0 0 83 73 48
73 0 0 0 72 82 74
74 0 0 0 73 122 49
75 0 0 0 76 49 121
76 0 0 0 77 75 115
77 0 0 0 109 50 76
78 0 0 0 52 51 109
79 0 0 0 110 80 52
80 0 0 0 116 81 79
81 0 0 0 122 82 80
82 0 0 0 73 53 81
83 0 0 0 84 53 72
84 0 0 0 85 83 71
85 0 0 0 86 84 127
86 0 0 0 54 85 99
87 0 0 0 98 88 54
88 0 0 0 97 89 87
89 0 0 0 124 55 88
90 0 0 0 91 55 123
91 0 0 0 92 90 117
92 0 0 0 111 56 91
93 0 0 0 111 58 57
94 0 0 0 112 95 58
95 0 0 0 94 118 96
96 0 0 0 124 97 95
97 0 0 0 96 88 59
98 0 0 0 99 59 87
99 0 0 0 100 98 86
100 0 0 0 101 99 127
101 0 0 0 69 60 100
102 0 0 0 68 103 60
103 0 0 0 67 104 102
104 0 0 0 126 61 103
105 0 0 0 106 61 125
106 0 0 0 119 107 105
107 0 0 0 106 113 62
108 0 0 0 46 63 113
109 0 0 0 78 77 110
110 0 0 0 115 79 109
111 0 0 0 112 93 92
112 0 0 0 117 94 111
113 0 0 0 107 114 108
114 0 0 0 119 64 113
115 0 0 0 116 110 76
116 0 0 0 121 80 115
117 0 0 0 118 112 91
118 0 0 0 95 117 123
119 0 0 0 120 114 106
120 0 0 0 65 119 125
121 0 0 0 122 116 75
122 0 0 0 74 81 121
123 0 0 0 90 124 118
124 0 0 0 123 89 96
125 0 0 0 105 126 120
126 0 0 0 125 104 66
127 0 0 0 70 100 85
0
