>>writegraph3d planar <<
1 0 0 0 6 2 5
2 0 0 0 8 3 1
3 0 0 0 23 4 2
4 0 0 0 25 5 3
5 0 0 0 4 32 1
6 0 0 0 1 9
7 0 0 0 8 11
8 0 0 0 22 2 7
9 0 0 0 12 10 6
10 0 0 0 9 14 11
11 0 0 0 10 21 7
12 0 0 0 33 13 9
13 0 0 0 12 15 14
14 0 0 0 10 13 17
15 0 0 0 18 16 13
16 0 0 0 15 20 17
17 0 0 0 21 14 16
18 0 0 0 19 15 34
19 0 0 0 20 18 35
20 0 0 0 16 19 36
21 0 0 0 11 17 37
22 0 0 0 23 8 38
23 0 0 0 24 3 22
24 0 0 0 25 23 26
25 0 0 0 28 4 24
26 0 0 0 29 27 24
27 0 0 0 26 30 28
28 0 0 0 31 25 27
29 0 0 0 54 39 26
30 0 0 0 27 41 42
31 0 0 0 45 28 44
32 0 0 0 45 33 5
33 0 0 0 46 12 32
34 0 0 0 18 46 47
35 0 0 0 50 19 49
36 0 0 0 52 53 20
37 0 0 0 21 53 38
38 0 0 0 37 54 22
39 0 0 0 29 58 40
40 0 0 0 41 39 51
41 0 0 0 30 40 60
42 0 0 0 59 43 30
43 0 0 0 42 48 44
44 0 0 0 43 56 31
45 0 0 0 55 32 31
46 0 0 0 34 33 55
47 0 0 0 56 48 34
48 0 0 0 43 49 47
49 0 0 0 59 35 48
50 0 0 0 51 35 60
51 0 0 0 52 50 40
52 0 0 0 58 36 51
53 0 0 0 36 57 37
54 0 0 0 57 29 38
55 0 0 0 46 45 56
56 0 0 0 44 47 55
57 0 0 0 53 58 54
58 0 0 0 57 52 39
59 0 0 0 60 49 42
60 0 0 0 50 59 41
0
