>>writegraph3d planar <<
1 0 0 0 4 2 7
2 0 0 0 10 1 3
3 0 0 0 2 5 12
4 0 0 0 6 5 1
5 0 0 0 3 4 15
6 0 0 0 17 4 8
7 0 0 0 8 1 9
8 0 0 0 6 7 19
9 0 0 0 21 7 11
10 0 0 0 13 11 2
11 0 0 0 9 10 24
12 0 0 0 13 3 14
13 0 0 0 25 10 12
14 0 0 0 12 16 27
15 0 0 0 16 5 18
16 0 0 0 31 14 15
17 0 0 0 20 18 6
18 0 0 0 15 17 33
19 0 0 0 20 8 22
20 0 0 0 34 17 19
21 0 0 0 23 22 9
22 0 0 0 19 21 36
23 0 0 0 40 21 26
24 0 0 0 26 11 25
25 0 0 0 28 24 13
26 0 0 0 23 24 29
27 0 0 0 28 14 30
28 0 0 0 29 25 27
29 0 0 0 26 28 41
30 0 0 0 42 27 32
31 0 0 0 35 32 16
32 0 0 0 30 31 37
33 0 0 0 35 18 34
34 0 0 0 33 20 38
35 0 0 0 39 31 33
36 0 0 0 38 22 43
37 0 0 0 44 32 39
38 0 0 0 39 34 36
39 0 0 0 37 35 38
40 0 0 0 43 23 41
41 0 0 0 40 29 42
42 0 0 0 41 30 44
43 0 0 0 44 36 40
44 0 0 0 42 37 43
0
