>>writegraph3d planar <<
1 0 0 0 6 2 5
2 0 0 0 8 3 1
3 0 0 0 37 4 2
4 0 0 0 39 5 3
5 0 0 0 4 46 1
6 0 0 0 7 1 9
7 0 0 0 8 6 11
8 0 0 0 36 2 7
9 0 0 0 12 10 6
10 0 0 0 14 11 9
11 0 0 0 10 35 7
12 0 0 0 15 13 9
13 0 0 0 12 17 14
14 0 0 0 55 10 13
15 0 0 0 16 12 47
16 0 0 0 17 15 18
17 0 0 0 13 16 20
18 0 0 0 16 21 19
19 0 0 0 20 18 23
20 0 0 0 31 17 19
21 0 0 0 24 22 18
22 0 0 0 26 23 21
23 0 0 0 22 30 19
24 0 0 0 25 21 48
25 0 0 0 26 24 27
26 0 0 0 29 22 25
27 0 0 0 28 25 49
28 0 0 0 29 27 50
29 0 0 0 51 26 28
30 0 0 0 23 32 31
31 0 0 0 34 20 30
32 0 0 0 30 52 33
33 0 0 0 53 34 32
34 0 0 0 33 54 31
35 0 0 0 11 56 36
36 0 0 0 57 8 35
37 0 0 0 38 3 58
38 0 0 0 39 37 40
39 0 0 0 42 4 38
40 0 0 0 43 41 38
41 0 0 0 40 44 42
42 0 0 0 45 39 41
43 0 0 0 59 40 98
44 0 0 0 62 63 41
45 0 0 0 67 42 66
46 0 0 0 68 47 5
47 0 0 0 69 15 46
48 0 0 0 24 69 70
49 0 0 0 73 27 72
50 0 0 0 28 76 77
51 0 0 0 52 29 80
52 0 0 0 32 51 81
53 0 0 0 84 85 33
54 0 0 0 34 88 55
55 0 0 0 89 14 54
56 0 0 0 90 91 35
57 0 0 0 95 36 94
58 0 0 0 37 95 96
59 0 0 0 60 43 78
60 0 0 0 61 59 110
61 0 0 0 62 60 108
62 0 0 0 106 44 61
63 0 0 0 44 105 64
64 0 0 0 73 65 63
65 0 0 0 64 72 66
66 0 0 0 65 104 45
67 0 0 0 68 45 103
68 0 0 0 99 46 67
69 0 0 0 48 47 99
70 0 0 0 100 71 48
71 0 0 0 70 104 72
72 0 0 0 65 49 71
73 0 0 0 74 49 64
74 0 0 0 75 73 105
75 0 0 0 76 74 107
76 0 0 0 50 75 109
77 0 0 0 110 78 50
78 0 0 0 59 79 77
79 0 0 0 78 98 80
80 0 0 0 101 51 79
81 0 0 0 52 101 82
82 0 0 0 83 81 96
83 0 0 0 84 82 95
84 0 0 0 94 53 83
85 0 0 0 53 93 86
86 0 0 0 85 111 87
87 0 0 0 88 86 113
88 0 0 0 54 87 102
89 0 0 0 90 55 102
90 0 0 0 115 56 89
91 0 0 0 116 92 56
92 0 0 0 111 93 91
93 0 0 0 85 94 92
94 0 0 0 93 84 57
95 0 0 0 58 57 83
96 0 0 0 82 97 58
97 0 0 0 101 98 96
98 0 0 0 79 43 97
99 0 0 0 69 68 100
100 0 0 0 103 70 99
101 0 0 0 81 80 97
102 0 0 0 88 114 89
103 0 0 0 104 100 67
104 0 0 0 71 103 66
105 0 0 0 63 106 74
106 0 0 0 105 62 107
107 0 0 0 106 108 75
108 0 0 0 107 61 109
109 0 0 0 108 110 76
110 0 0 0 109 60 77
111 0 0 0 86 92 112
112 0 0 0 111 116 113
113 0 0 0 114 87 112
114 0 0 0 102 113 115
115 0 0 0 116 90 114
116 0 0 0 112 91 115
0
