>>writegraph3d planar <<
1 0 0 0 6 2 5
2 0 0 0 8 3 1
3 0 0 0 28 4 2
4 0 0 0 31 5 3
5 0 0 0 4 32 1
6 0 0 0 7 1 9
7 0 0 0 8 6 11
8 0 0 0 27 2 7
9 0 0 0 12 10 6
10 0 0 0 14 11 9
11 0 0 0 10 26 7
12 0 0 0 33 13 9
13 0 0 0 12 15 14
14 0 0 0 17 10 13
15 0 0 0 13 18 16
16 0 0 0 20 17 15
17 0 0 0 16 26 14
18 0 0 0 15 21 19
19 0 0 0 23 20 18
20 0 0 0 25 16 19
21 0 0 0 18 34 22
22 0 0 0 21 35 23
23 0 0 0 24 19 22
24 0 0 0 36 25 23
25 0 0 0 37 20 24
26 0 0 0 17 38 11
27 0 0 0 28 8 29
28 0 0 0 30 3 27
29 0 0 0 64 39 27
30 0 0 0 43 28 42
31 0 0 0 46 4 45
32 0 0 0 49 50 5
33 0 0 0 51 12 50
34 0 0 0 21 51 52
35 0 0 0 22 55 56
36 0 0 0 58 59 24
37 0 0 0 62 63 25
38 0 0 0 63 64 26
39 0 0 0 29 65 40
40 0 0 0 67 41 39
41 0 0 0 40 60 42
42 0 0 0 41 71 30
43 0 0 0 44 30 72
44 0 0 0 45 43
45 0 0 0 31 44 73
46 0 0 0 47 31 74
47 0 0 0 48 46 54
48 0 0 0 49 47 75
49 0 0 0 77 32 48
50 0 0 0 78 33 32
51 0 0 0 34 33 79
52 0 0 0 53 34 80
53 0 0 0 54 52 75
54 0 0 0 55 53 47
55 0 0 0 35 54 74
56 0 0 0 57 35 73
57 0 0 0 58 56
58 0 0 0 72 36 57
59 0 0 0 36 71 60
60 0 0 0 41 61 59
61 0 0 0 67 62 60
62 0 0 0 70 37 61
63 0 0 0 37 69 38
64 0 0 0 38 68 29
65 0 0 0 39 68 66
66 0 0 0 70 67 65
67 0 0 0 66 61 40
68 0 0 0 64 69 65
69 0 0 0 63 70 68
70 0 0 0 69 62 66
71 0 0 0 59 72 42
72 0 0 0 71 58 43
73 0 0 0 56 74 45
74 0 0 0 73 55 46
75 0 0 0 53 76 48
76 0 0 0 75 80 77
77 0 0 0 78 49 76
78 0 0 0 79 50 77
79 0 0 0 51 78 80
80 0 0 0 76 52 79
0
