>>writegraph3d planar <<
1 0 0 0 2 3 4
2 0 0 0 1 5 6
3 0 0 0 1 7 8
4 0 0 0 1 9 10
5 0 0 0 2 10 11
6 0 0 0 2 12 13
7 0 0 0 3 14 15
8 0 0 0 3 16 9
9 0 0 0 4 8 17
10 0 0 0 4 18 5
11 0 0 0 5 19 20
12 0 0 0 6 21 22
13 0 0 0 6 23 14
14 0 0 0 7 13 24
15 0 0 0 7 25 26
16 0 0 0 8 27 28
17 0 0 0 9 28 29
18 0 0 0 10 30 19
19 0 0 0 11 18 31
20 0 0 0 11 32 21
21 0 0 0 12 20 33
22 0 0 0 12 34 23
23 0 0 0 13 22 35
24 0 0 0 14 35 25
25 0 0 0 15 24 36
26 0 0 0 15 37 27
27 0 0 0 16 26 38
28 0 0 0 16 39 17
29 0 0 0 17 40 30
30 0 0 0 18 29 41
31 0 0 0 19 42 32
32 0 0 0 20 31 43
33 0 0 0 21 43 44
34 0 0 0 22 45 46
35 0 0 0 23 46 24
36 0 0 0 25 46 37
37 0 0 0 26 36 47
38 0 0 0 27 48 39
39 0 0 0 28 38 49
40 0 0 0 29 50 51
41 0 0 0 30 51 52
42 0 0 0 31 52 53
43 0 0 0 32 54 33
44 0 0 0 33 55 45
45 0 0 0 34 44 56
46 0 0 0 34 36 35
47 0 0 0 37 56 57
48 0 0 0 38 57 58
49 0 0 0 39 58 50
50 0 0 0 40 49 59
51 0 0 0 40 60 41
52 0 0 0 41 61 42
53 0 0 0 42 62 63
54 0 0 0 43 63 55
55 0 0 0 44 54 64
56 0 0 0 45 64 47
57 0 0 0 47 65 48
58 0 0 0 48 66 49
59 0 0 0 50 67 60
60 0 0 0 51 59
61 0 0 0 52 62
62 0 0 0 53 61 67
63 0 0 0 53 68 54
64 0 0 0 55 65 56
65 0 0 0 57 64 66
66 0 0 0 58 65 68
67 0 0 0 59 68 62
68 0 0 0 63 67 66
0
