>>writegraph3d planar <<
1 0 0 0 5 4
2 0 0 0 9 3
3 0 0 0 12 4 2
4 0 0 0 3 13 1
5 0 0 0 6 1 14
6 0 0 0 7 5 15
7 0 0 0 8 6
8 0 0 0 9 7 10
9 0 0 0 11 2 8
10 0 0 0 30 16 8
11 0 0 0 19 9 18
12 0 0 0 21 3 20
13 0 0 0 23 24 4
14 0 0 0 25 26 5
15 0 0 0 28 29 6
16 0 0 0 43 17 10
17 0 0 0 37 18 16
18 0 0 0 17 31 11
19 0 0 0 20 11 32
20 0 0 0 12 19 49
21 0 0 0 22 12 47
22 0 0 0 23 21 39
23 0 0 0 33 13 22
24 0 0 0 34 25 13
25 0 0 0 53 14 24
26 0 0 0 50 27 14
27 0 0 0 41 28 26
28 0 0 0 35 15 27
29 0 0 0 36 30 15
30 0 0 0 29 45 10
31 0 0 0 38 32 18
32 0 0 0 31 52 19
33 0 0 0 34 23 40
34 0 0 0 54 24 33
35 0 0 0 36 28 42
36 0 0 0 46 29 35
37 0 0 0 38 17 44
38 0 0 0 76 31 37
39 0 0 0 48 40 22
40 0 0 0 39 58 33
41 0 0 0 42 27 51
42 0 0 0 35 41 62
43 0 0 0 44 16 45
44 0 0 0 37 43 72
45 0 0 0 30 46 43
46 0 0 0 45 36 67
47 0 0 0 49 48 21
48 0 0 0 89 39 47
49 0 0 0 52 47 20
50 0 0 0 51 26 53
51 0 0 0 41 50 57
52 0 0 0 79 49 32
53 0 0 0 50 25 54
54 0 0 0 53 34 55
55 0 0 0 59 56 54
56 0 0 0 64 57 55
57 0 0 0 56 60 51
58 0 0 0 91 59 40
59 0 0 0 58 63 55
60 0 0 0 65 61 57
61 0 0 0 68 62 60
62 0 0 0 61 66 42
63 0 0 0 59 84 64
64 0 0 0 65 56 63
65 0 0 0 70 60 64
66 0 0 0 69 67 62
67 0 0 0 66 71 46
68 0 0 0 69 61 70
69 0 0 0 73 66 68
70 0 0 0 68 65 83
71 0 0 0 73 72 67
72 0 0 0 71 74 44
73 0 0 0 77 71 69
74 0 0 0 77 75 72
75 0 0 0 74 80 76
76 0 0 0 78 38 75
77 0 0 0 82 74 73
78 0 0 0 79 76 81
79 0 0 0 90 52 78
80 0 0 0 82 81 75
81 0 0 0 80 87 78
82 0 0 0 83 80 77
83 0 0 0 85 82 70
84 0 0 0 63 91 85
85 0 0 0 86 83 84
86 0 0 0 87 85 88
87 0 0 0 81 86 90
88 0 0 0 91 89 86
89 0 0 0 88 48 90
90 0 0 0 89 79 87
91 0 0 0 84 58 88
0
