>>writegraph3d planar <<
1 0 0 0 2 3 4
2 0 0 0 1 5 6
3 0 0 0 1 7 8
4 0 0 0 1 9 10
5 0 0 0 2 11 12
6 0 0 0 2 13 7
7 0 0 0 3 6 14
8 0 0 0 3 15 16
9 0 0 0 4 17 18
10 0 0 0 4 19 20
11 0 0 0 5 21
12 0 0 0 5 22 13
13 0 0 0 6 12 23
14 0 0 0 7 24 15
15 0 0 0 8 14 25
16 0 0 0 8 26 17
17 0 0 0 9 16 27
18 0 0 0 9 28 19
19 0 0 0 10 18 29
20 0 0 0 10 30
21 0 0 0 11 31 22
22 0 0 0 12 21 32
23 0 0 0 13 33 34
24 0 0 0 14 34 35
25 0 0 0 15 35 36
26 0 0 0 16 37 38
27 0 0 0 17 38 28
28 0 0 0 18 27 39
29 0 0 0 19 40 30
30 0 0 0 20 29 41
31 0 0 0 21 42 43
32 0 0 0 22 43 44
33 0 0 0 23 44 45
34 0 0 0 23 46 24
35 0 0 0 24 47 25
36 0 0 0 25 48 37
37 0 0 0 26 36 49
38 0 0 0 26 50 27
39 0 0 0 28 50 51
40 0 0 0 29 51 52
41 0 0 0 30 52 42
42 0 0 0 31 41 53
43 0 0 0 31 54 32
44 0 0 0 32 55 33
45 0 0 0 33 56 57
46 0 0 0 34 58 47
47 0 0 0 35 46 59
48 0 0 0 36 60 61
49 0 0 0 37 61 50
50 0 0 0 38 49 39
51 0 0 0 39 62 40
52 0 0 0 40 63 41
53 0 0 0 42 63 64
54 0 0 0 43 65 55
55 0 0 0 44 54 56
56 0 0 0 45 55 66
57 0 0 0 45 67 58
58 0 0 0 46 57 68
59 0 0 0 47 68 60
60 0 0 0 48 59 69
61 0 0 0 48 70 49
62 0 0 0 51 70 71
63 0 0 0 52 72 53
64 0 0 0 53 73 65
65 0 0 0 54 64 66
66 0 0 0 56 65 67
67 0 0 0 57 66 74
68 0 0 0 58 74 59
69 0 0 0 60 75 70
70 0 0 0 61 69 62
71 0 0 0 62 75 72
72 0 0 0 63 71 73
73 0 0 0 64 72 76
74 0 0 0 67 76 68
75 0 0 0 69 76 71
76 0 0 0 73 75 74
0
