>>writegraph3d planar <<
1 0 0 0 6 2 5
2 0 0 0 8 3 1
3 0 0 0 10 4 2
4 0 0 0 13 5 3
5 0 0 0 4 14 1
6 0 0 0 7 1 15
7 0 0 0 8 6 16
8 0 0 0 9 2 7
9 0 0 0 10 8 11
10 0 0 0 12 3 9
11 0 0 0 31 17 9
12 0 0 0 20 10 19
13 0 0 0 22 4 21
14 0 0 0 24 25 5
15 0 0 0 26 27 6
16 0 0 0 29 30 7
17 0 0 0 44 18 11
18 0 0 0 38 19 17
19 0 0 0 18 32 12
20 0 0 0 21 12 33
21 0 0 0 13 20 50
22 0 0 0 23 13 48
23 0 0 0 24 22 40
24 0 0 0 34 14 23
25 0 0 0 35 26 14
26 0 0 0 54 15 25
27 0 0 0 51 28 15
28 0 0 0 42 29 27
29 0 0 0 36 16 28
30 0 0 0 37 31 16
31 0 0 0 30 46 11
32 0 0 0 39 33 19
33 0 0 0 32 53 20
34 0 0 0 35 24 41
35 0 0 0 55 25 34
36 0 0 0 37 29 43
37 0 0 0 47 30 36
38 0 0 0 39 18 45
39 0 0 0 77 32 38
40 0 0 0 49 41 23
41 0 0 0 40 59 34
42 0 0 0 43 28 52
43 0 0 0 36 42 63
44 0 0 0 45 17 46
45 0 0 0 38 44 73
46 0 0 0 31 47 44
47 0 0 0 46 37 68
48 0 0 0 50 49 22
49 0 0 0 90 40 48
50 0 0 0 53 48 21
51 0 0 0 52 27 54
52 0 0 0 42 51 58
53 0 0 0 80 50 33
54 0 0 0 51 26 55
55 0 0 0 54 35 56
56 0 0 0 60 57 55
57 0 0 0 65 58 56
58 0 0 0 57 61 52
59 0 0 0 92 60 41
60 0 0 0 59 64 56
61 0 0 0 66 62 58
62 0 0 0 69 63 61
63 0 0 0 62 67 43
64 0 0 0 60 85 65
65 0 0 0 66 57 64
66 0 0 0 71 61 65
67 0 0 0 70 68 63
68 0 0 0 67 72 47
69 0 0 0 70 62 71
70 0 0 0 74 67 69
71 0 0 0 69 66 84
72 0 0 0 74 73 68
73 0 0 0 72 75 45
74 0 0 0 78 72 70
75 0 0 0 78 76 73
76 0 0 0 75 81 77
77 0 0 0 79 39 76
78 0 0 0 83 75 74
79 0 0 0 80 77 82
80 0 0 0 91 53 79
81 0 0 0 83 82 76
82 0 0 0 81 88 79
83 0 0 0 84 81 78
84 0 0 0 86 83 71
85 0 0 0 64 92 86
86 0 0 0 87 84 85
87 0 0 0 88 86 89
88 0 0 0 82 87 91
89 0 0 0 92 90 87
90 0 0 0 89 49 91
91 0 0 0 90 80 88
92 0 0 0 85 59 89
0
