>>writegraph3d planar <<
1 0 0 0 2 3 4
2 0 0 0 1 5 6
3 0 0 0 1 7 8
4 0 0 0 1 9 10
5 0 0 0 2 10 11
6 0 0 0 2 12 7
7 0 0 0 3 6 13
8 0 0 0 3 14 9
9 0 0 0 4 8 15
10 0 0 0 4 16 5
11 0 0 0 5 17 18
12 0 0 0 6 19 20
13 0 0 0 7 20 21
14 0 0 0 8 22 23
15 0 0 0 9 23 24
16 0 0 0 10 25 26
17 0 0 0 11 27 28
18 0 0 0 11 29 19
19 0 0 0 12 18 30
20 0 0 0 12 31 13
21 0 0 0 13 32 22
22 0 0 0 14 21 33
23 0 0 0 14 34 15
24 0 0 0 15 35 25
25 0 0 0 16 24 36
26 0 0 0 16 37 27
27 0 0 0 17 26 38
28 0 0 0 17 39 29
29 0 0 0 18 28 40
30 0 0 0 19 41 31
31 0 0 0 20 30 42
32 0 0 0 21 43
33 0 0 0 22 44
34 0 0 0 23 45 35
35 0 0 0 24 34 46
36 0 0 0 25 47 37
37 0 0 0 26 36 48
38 0 0 0 27 48 39
39 0 0 0 28 38 49
40 0 0 0 29 50 51
41 0 0 0 30 51 52
42 0 0 0 31 52 43
43 0 0 0 32 42 53
44 0 0 0 33 55 45
45 0 0 0 34 44 56
46 0 0 0 35 56 57
47 0 0 0 36 57 58
48 0 0 0 37 59 38
49 0 0 0 39 59 60
50 0 0 0 40 60 61
51 0 0 0 40 62 41
52 0 0 0 41 63 42
53 0 0 0 43 64 54
54 0 0 0 53 55
55 0 0 0 44 54 65
56 0 0 0 45 66 46
57 0 0 0 46 67 47
58 0 0 0 47 68 69
59 0 0 0 48 69 49
60 0 0 0 49 70 50
61 0 0 0 50 71 62
62 0 0 0 51 61 63
63 0 0 0 52 62 72
64 0 0 0 53 72 73
65 0 0 0 55 74 75
66 0 0 0 56 75 67
67 0 0 0 57 66 68
68 0 0 0 58 67 76
69 0 0 0 58 70 59
70 0 0 0 60 69 77
71 0 0 0 61 78 72
72 0 0 0 63 71 64
73 0 0 0 64 78 74
74 0 0 0 65 73 79
75 0 0 0 65 76 66
76 0 0 0 68 75 79
77 0 0 0 70 79 78
78 0 0 0 71 77 73
79 0 0 0 74 77 76
0
