>>writegraph3d planar <<
1 0 0 0 2 3 4
2 0 0 0 1 5 6
3 0 0 0 1 7 8
4 0 0 0 1 9 10
5 0 0 0 2 11 12
6 0 0 0 2 13 7
7 0 0 0 3 6 14
8 0 0 0 3 15 16
9 0 0 0 4 17 18
10 0 0 0 4 19 20
11 0 0 0 5 20 21
12 0 0 0 5 22 13
13 0 0 0 6 12 23
14 0 0 0 7 23 15
15 0 0 0 8 14 24
16 0 0 0 8 25 17
17 0 0 0 9 16 26
18 0 0 0 9 27 19
19 0 0 0 10 18 28
20 0 0 0 10 29 11
21 0 0 0 11 30 31
22 0 0 0 12 32 33
23 0 0 0 13 34 14
24 0 0 0 15 35 36
25 0 0 0 16 37 38
26 0 0 0 17 38 27
27 0 0 0 18 26 39
28 0 0 0 19 40 29
29 0 0 0 20 28 30
30 0 0 0 21 29 41
31 0 0 0 21 42 32
32 0 0 0 22 31 43
33 0 0 0 22 44 45
34 0 0 0 23 45 46
35 0 0 0 24 46 47
36 0 0 0 24 48 37
37 0 0 0 25 36 49
38 0 0 0 25 50 26
39 0 0 0 27 50 51
40 0 0 0 28 51 52
41 0 0 0 30 53 42
42 0 0 0 31 41 54
43 0 0 0 32 54 44
44 0 0 0 33 43 55
45 0 0 0 33 56 34
46 0 0 0 34 57 35
47 0 0 0 35 58 48
48 0 0 0 36 47 59
49 0 0 0 37 59 50
50 0 0 0 38 49 39
51 0 0 0 39 60 40
52 0 0 0 40 61 53
53 0 0 0 41 52 62
54 0 0 0 42 63 43
55 0 0 0 44 63 56
56 0 0 0 45 55 57
57 0 0 0 46 56 58
58 0 0 0 47 57 64
59 0 0 0 48 65 49
60 0 0 0 51 65 61
61 0 0 0 52 60 66
62 0 0 0 53 66 67
63 0 0 0 54 67 55
64 0 0 0 58 67 68
65 0 0 0 59 68 60
66 0 0 0 61 68 62
67 0 0 0 62 64 63
68 0 0 0 64 66 65
0
