>>writegraph3d planar <<
1 0 0 0 6 2 5
2 0 0 0 7 3 1
3 0 0 0 8 4 2
4 0 0 0 9 5 3
5 0 0 0 4 10 1
6 0 0 0 11 1 25
7 0 0 0 14 2 13
8 0 0 0 17 3 16
9 0 0 0 20 4 19
10 0 0 0 22 23 5
11 0 0 0 12 6 35
12 0 0 0 13 11 46
13 0 0 0 7 12 26
14 0 0 0 15 7 27
15 0 0 0 16 14 29
16 0 0 0 8 15 39
17 0 0 0 18 8 40
18 0 0 0 19 17 49
19 0 0 0 9 18 30
20 0 0 0 21 9 31
21 0 0 0 22 20 33
22 0 0 0 42 10 21
23 0 0 0 43 24 10
24 0 0 0 36 25 23
25 0 0 0 24 34 6
26 0 0 0 47 27 13
27 0 0 0 26 28 14
28 0 0 0 66 29 27
29 0 0 0 28 38 15
30 0 0 0 50 31 19
31 0 0 0 30 32 20
32 0 0 0 53 33 31
33 0 0 0 32 41 21
34 0 0 0 37 35 25
35 0 0 0 34 45 11
36 0 0 0 37 24 44
37 0 0 0 99 34 36
38 0 0 0 69 39 29
39 0 0 0 38 40 16
40 0 0 0 39 48 17
41 0 0 0 33 56 42
42 0 0 0 43 22 41
43 0 0 0 44 23 42
44 0 0 0 36 43 58
45 0 0 0 97 46 35
46 0 0 0 45 47 12
47 0 0 0 64 26 46
48 0 0 0 71 49 40
49 0 0 0 48 50 18
50 0 0 0 51 30 49
51 0 0 0 52 50 78
52 0 0 0 53 51 59
53 0 0 0 54 32 52
54 0 0 0 55 53 60
55 0 0 0 62 56 54
56 0 0 0 55 57 41
57 0 0 0 63 58 56
58 0 0 0 57 94 44
59 0 0 0 79 60 52
60 0 0 0 59 61 54
61 0 0 0 60 83 62
62 0 0 0 63 55 61
63 0 0 0 87 57 62
64 0 0 0 65 47 95
65 0 0 0 66 64 72
66 0 0 0 67 28 65
67 0 0 0 68 66 73
68 0 0 0 69 67 75
69 0 0 0 70 38 68
70 0 0 0 71 69 76
71 0 0 0 77 48 70
72 0 0 0 89 73 65
73 0 0 0 72 74 67
74 0 0 0 73 84 75
75 0 0 0 74 76 68
76 0 0 0 75 80 70
77 0 0 0 78 71 80
78 0 0 0 51 77 79
79 0 0 0 81 59 78
80 0 0 0 76 81 77
81 0 0 0 82 79 80
82 0 0 0 83 81 84
83 0 0 0 61 82 85
84 0 0 0 74 88 82
85 0 0 0 88 86 83
86 0 0 0 85 93 87
87 0 0 0 94 63 86
88 0 0 0 90 85 84
89 0 0 0 90 72 95
90 0 0 0 91 88 89
91 0 0 0 92 90 96
92 0 0 0 93 91 98
93 0 0 0 86 92 100
94 0 0 0 58 87 100
95 0 0 0 64 96 89
96 0 0 0 95 97 91
97 0 0 0 96 45 98
98 0 0 0 97 99 92
99 0 0 0 98 37 100
100 0 0 0 94 93 99
0
