>>writegraph3d planar <<
1 0 0 0 2 3 4
2 0 0 0 1 5 6
3 0 0 0 1 7 8
4 0 0 0 1 9 10
5 0 0 0 2 11 12
6 0 0 0 2 13 7
7 0 0 0 3 6 14
8 0 0 0 3 15 9
9 0 0 0 4 8 16
10 0 0 0 4 17 18
11 0 0 0 5 18 19
12 0 0 0 5 20 21
13 0 0 0 6 22 23
14 0 0 0 7 23 24
15 0 0 0 8 25 26
16 0 0 0 9 26 17
17 0 0 0 10 16 27
18 0 0 0 10 28 11
19 0 0 0 11 29 30
20 0 0 0 12 31 32
21 0 0 0 12 33 22
22 0 0 0 13 21 34
23 0 0 0 13 35 14
24 0 0 0 14 36 25
25 0 0 0 15 24 37
26 0 0 0 15 38 16
27 0 0 0 17 39 28
28 0 0 0 18 27 29
29 0 0 0 19 28 40
30 0 0 0 19 41 31
31 0 0 0 20 30 42
32 0 0 0 20 43 33
33 0 0 0 21 32 44
34 0 0 0 22 44 35
35 0 0 0 23 34 45
36 0 0 0 24 46 47
37 0 0 0 25 48 38
38 0 0 0 26 37 49
39 0 0 0 27 49 50
40 0 0 0 29 51 41
41 0 0 0 30 40 52
42 0 0 0 31 52 43
43 0 0 0 32 42 53
44 0 0 0 33 54 34
45 0 0 0 35 54 46
46 0 0 0 36 45 55
47 0 0 0 36 56 57
48 0 0 0 37 57 58
49 0 0 0 38 58 39
50 0 0 0 39 59 51
51 0 0 0 40 50 60
52 0 0 0 41 60 42
53 0 0 0 43 61 62
54 0 0 0 44 62 45
55 0 0 0 46 62 56
56 0 0 0 47 55 63
57 0 0 0 47 64 48
58 0 0 0 48 65 49
59 0 0 0 50 66 67
60 0 0 0 51 67 52
61 0 0 0 53 67 68
62 0 0 0 53 55 54
63 0 0 0 56 68 64
64 0 0 0 57 63 65
65 0 0 0 58 64 66
66 0 0 0 59 65 68
67 0 0 0 59 61 60
68 0 0 0 61 66 63
0
