>>writegraph3d planar <<
1 0 0 0 2 3 4
2 0 0 0 1 5 6
3 0 0 0 1 7 8
4 0 0 0 1 9 10
5 0 0 0 2 10 11
6 0 0 0 2 12 7
7 0 0 0 3 6 13
8 0 0 0 3 14 15
9 0 0 0 4 16 17
10 0 0 0 4 18 5
11 0 0 0 5 19 20
12 0 0 0 6 21 22
13 0 0 0 7 22 23
14 0 0 0 8 24 25
15 0 0 0 8 26 16
16 0 0 0 9 15 27
17 0 0 0 9 28 18
18 0 0 0 10 17 29
19 0 0 0 11 30 31
20 0 0 0 11 32 21
21 0 0 0 12 20 33
22 0 0 0 12 34 13
23 0 0 0 13 35 24
24 0 0 0 14 23 36
25 0 0 0 14 37 26
26 0 0 0 15 25 38
27 0 0 0 16 38 39
28 0 0 0 17 40 41
29 0 0 0 18 41 30
30 0 0 0 19 29 42
31 0 0 0 19 43 32
32 0 0 0 20 31 44
33 0 0 0 21 44 45
34 0 0 0 22 46 35
35 0 0 0 23 34 47
36 0 0 0 24 48 37
37 0 0 0 25 36 49
38 0 0 0 26 49 27
39 0 0 0 27 50 40
40 0 0 0 28 39 51
41 0 0 0 28 52 29
42 0 0 0 30 53 43
43 0 0 0 31 42 54
44 0 0 0 32 54 33
45 0 0 0 33 55 46
46 0 0 0 34 45 56
47 0 0 0 35 56 57
48 0 0 0 36 57 50
49 0 0 0 37 50 38
50 0 0 0 39 49 48
51 0 0 0 40 58 52
52 0 0 0 41 51 59
53 0 0 0 42 59 55
54 0 0 0 43 55 44
55 0 0 0 45 54 53
56 0 0 0 46 60 47
57 0 0 0 47 58 48
58 0 0 0 51 57 60
59 0 0 0 52 60 53
60 0 0 0 56 59 58
0
