>>writegraph3d planar <<
1 0 0 0 2 3 4
2 0 0 0 1 5 6
3 0 0 0 1 7 8
4 0 0 0 1 9 10
5 0 0 0 2 11 12
6 0 0 0 2 13 7
7 0 0 0 3 6 14
8 0 0 0 3 15 16
9 0 0 0 4 17 18
10 0 0 0 4 19 20
11 0 0 0 5 20 21
12 0 0 0 5 22 13
13 0 0 0 6 12 23
14 0 0 0 7 23 15
15 0 0 0 8 14 24
16 0 0 0 8 25 17
17 0 0 0 9 16 26
18 0 0 0 9 27 19
19 0 0 0 10 18 28
20 0 0 0 10 29 11
21 0 0 0 11 30 22
22 0 0 0 12 21 31
23 0 0 0 13 32 14
24 0 0 0 15 33 25
25 0 0 0 16 24 34
26 0 0 0 17 34 35
27 0 0 0 18 36 37
28 0 0 0 19 37 38
29 0 0 0 20 39 30
30 0 0 0 21 29 40
31 0 0 0 22 40 41
32 0 0 0 23 41 42
33 0 0 0 24 42 43
34 0 0 0 25 44 26
35 0 0 0 26 45 36
36 0 0 0 27 35 46
37 0 0 0 27 47 28
38 0 0 0 28 48 39
39 0 0 0 29 38 49
40 0 0 0 30 49 31
41 0 0 0 31 50 32
42 0 0 0 32 51 33
43 0 0 0 33 52 53
44 0 0 0 34 53 45
45 0 0 0 35 44 54
46 0 0 0 36 54 55
47 0 0 0 37 56 57
48 0 0 0 38 58 59
49 0 0 0 39 59 40
50 0 0 0 41 60 51
51 0 0 0 42 50 52
52 0 0 0 43 51 61
53 0 0 0 43 62 44
54 0 0 0 45 62 46
55 0 0 0 46 63 56
56 0 0 0 47 55 64
57 0 0 0 47 65 58
58 0 0 0 48 57 66
59 0 0 0 48 60 49
60 0 0 0 50 59 66
61 0 0 0 52 67 68
62 0 0 0 53 63 54
63 0 0 0 55 62 68
64 0 0 0 56 68 65
65 0 0 0 57 64 67
66 0 0 0 58 67 60
67 0 0 0 61 66 65
68 0 0 0 61 64 63
0
