>>writegraph3d planar <<
1 0 0 0 2 3 4
2 0 0 0 1 5 6
3 0 0 0 1 7 8
4 0 0 0 1 9 10
5 0 0 0 2 10 11
6 0 0 0 2 12 7
7 0 0 0 3 6 13
8 0 0 0 3 14 9
9 0 0 0 4 8 15
10 0 0 0 4 16 5
11 0 0 0 5 17 18
12 0 0 0 6 19 20
13 0 0 0 7 20 21
14 0 0 0 8 22 23
15 0 0 0 9 24 16
16 0 0 0 10 15 25
17 0 0 0 11 26 27
18 0 0 0 11 28 19
19 0 0 0 12 18 29
20 0 0 0 12 30 13
21 0 0 0 13 31 22
22 0 0 0 14 21 32
23 0 0 0 14 33 34
24 0 0 0 15 34 35
25 0 0 0 16 35 26
26 0 0 0 17 25 36
27 0 0 0 17 37 28
28 0 0 0 18 27 38
29 0 0 0 19 39 30
30 0 0 0 20 29 31
31 0 0 0 21 30 40
32 0 0 0 22 41 33
33 0 0 0 23 32 42
34 0 0 0 23 43 24
35 0 0 0 24 44 25
36 0 0 0 26 44 45
37 0 0 0 27 46 47
38 0 0 0 28 48 49
39 0 0 0 29 49 40
40 0 0 0 31 39 50
41 0 0 0 32 50 51
42 0 0 0 33 52 53
43 0 0 0 34 54 44
44 0 0 0 35 43 36
45 0 0 0 36 54 46
46 0 0 0 37 45 55
47 0 0 0 37 56 57
48 0 0 0 38 57 58
49 0 0 0 38 59 39
50 0 0 0 40 59 41
51 0 0 0 41 58 60
52 0 0 0 42 60 56
53 0 0 0 42 55 54
54 0 0 0 43 53 45
55 0 0 0 46 53 56
56 0 0 0 47 55 52
57 0 0 0 47 60 48
58 0 0 0 48 51 59
59 0 0 0 49 58 50
60 0 0 0 51 57 52
0
