>>writegraph3d planar <<
1 0 0 0 2 3 4
2 0 0 0 1 5 6
3 0 0 0 1 7 8
4 0 0 0 1 9 10
5 0 0 0 2 10 11
6 0 0 0 2 12 13
7 0 0 0 3 14 15
8 0 0 0 3 16 17
9 0 0 0 4 18 19
10 0 0 0 4 20 5
11 0 0 0 5 21 12
12 0 0 0 6 11 22
13 0 0 0 6 23 14
14 0 0 0 7 13 24
15 0 0 0 7 25 26
16 0 0 0 8 27 28
17 0 0 0 8 29 18
18 0 0 0 9 17 30
19 0 0 0 9 31 20
20 0 0 0 10 19 21
21 0 0 0 11 20 32
22 0 0 0 12 33 23
23 0 0 0 13 22 34
24 0 0 0 14 34 25
25 0 0 0 15 24 35
26 0 0 0 15 36 27
27 0 0 0 16 26 37
28 0 0 0 16 38 29
29 0 0 0 17 28 39
30 0 0 0 18 39 31
31 0 0 0 19 30 32
32 0 0 0 21 31 40
33 0 0 0 22 40 41
34 0 0 0 23 41 24
35 0 0 0 25 41 36
36 0 0 0 26 35 42
37 0 0 0 27 42 38
38 0 0 0 28 37 43
39 0 0 0 29 43 30
40 0 0 0 32 44 33
41 0 0 0 33 35 34
42 0 0 0 36 44 37
43 0 0 0 38 44 39
44 0 0 0 40 43 42
0
