>>writegraph3d planar <<
1 0 0 0 2 3 4
2 0 0 0 1 5 6
3 0 0 0 1 7 8
4 0 0 0 1 9 10
5 0 0 0 2 10 11
6 0 0 0 2 12 13
7 0 0 0 3 14 15
8 0 0 0 3 16 9
9 0 0 0 4 8 17
10 0 0 0 4 18 5
11 0 0 0 5 19 20
12 0 0 0 6 21 22
13 0 0 0 6 14
14 0 0 0 7 13 23
15 0 0 0 7 24 16
16 0 0 0 8 15 25
17 0 0 0 9 26 18
18 0 0 0 10 17 19
19 0 0 0 11 18 27
20 0 0 0 11 28 21
21 0 0 0 12 20 29
22 0 0 0 12 30
23 0 0 0 14 31 32
24 0 0 0 15 33 34
25 0 0 0 16 34 35
26 0 0 0 17 35 36
27 0 0 0 19 37 28
28 0 0 0 20 27 38
29 0 0 0 21 38 39
30 0 0 0 22 40 41
31 0 0 0 41 23
32 0 0 0 23 42 33
33 0 0 0 24 32 43
34 0 0 0 24 44 25
35 0 0 0 25 45 26
36 0 0 0 26 46 37
37 0 0 0 27 36 47
38 0 0 0 28 48 29
39 0 0 0 29 49 40
40 0 0 0 30 39 50
41 0 0 0 30 51 31
42 0 0 0 32 52 53
43 0 0 0 33 53 44
44 0 0 0 34 43 54
45 0 0 0 35 55 46
46 0 0 0 36 45 56
47 0 0 0 37 56 57
48 0 0 0 38 57 49
49 0 0 0 39 48 58
50 0 0 0 40 58 59
51 0 0 0 41 60 52
52 0 0 0 42 51 61
53 0 0 0 42 62 43
54 0 0 0 44 62 55
55 0 0 0 45 54 63
56 0 0 0 46 63 47
57 0 0 0 47 64 48
58 0 0 0 49 64 50
59 0 0 0 50 65 60
60 0 0 0 51 59 66
61 0 0 0 52 66 62
62 0 0 0 53 61 54
63 0 0 0 55 67 56
64 0 0 0 57 65 58
65 0 0 0 59 64 67
66 0 0 0 60 67 61
67 0 0 0 63 66 65
0
