>>writegraph3d planar <<
1 0 0 0 2 3
2 0 0 0 1 4 5
3 0 0 0 1 8 9
4 0 0 0 2 9 10
5 0 0 0 2 11 12
6 0 0 0 13 14
7 0 0 0 15 16
8 0 0 0 3 17 18
9 0 0 0 3 19 4
10 0 0 0 4 20 11
11 0 0 0 5 10 21
12 0 0 0 5 22 13
13 0 0 0 6 12 23
14 0 0 0 6 24 25
15 0 0 0 7 26 27
16 0 0 0 7 28 17
17 0 0 0 8 16 29
18 0 0 0 8 30 19
19 0 0 0 9 18 20
20 0 0 0 10 19 31
21 0 0 0 11 32 22
22 0 0 0 12 21 33
23 0 0 0 13 33 24
24 0 0 0 14 23 34
25 0 0 0 14 35 26
26 0 0 0 15 25 36
27 0 0 0 15 37 28
28 0 0 0 16 27 38
29 0 0 0 17 38 30
30 0 0 0 18 29 31
31 0 0 0 20 30 39
32 0 0 0 21 39 40
33 0 0 0 22 40 23
34 0 0 0 24 40 35
35 0 0 0 25 34 41
36 0 0 0 26 41 37
37 0 0 0 27 36 42
38 0 0 0 28 42 29
39 0 0 0 31 43 32
40 0 0 0 32 34 33
41 0 0 0 35 43 36
42 0 0 0 37 43 38
43 0 0 0 39 42 41
0
