>>writegraph3d planar <<
1 0 0 0 2 3 4
2 0 0 0 1 5 6
3 0 0 0 1 7 8
4 0 0 0 1 9 10
5 0 0 0 2 10 11
6 0 0 0 2 12 13
7 0 0 0 3 14 15
8 0 0 0 3 16 17
9 0 0 0 4 18 19
10 0 0 0 4 20 5
11 0 0 0 5 21 22
12 0 0 0 6 23 24
13 0 0 0 6 25 14
14 0 0 0 7 13 26
15 0 0 0 7 27 16
16 0 0 0 8 15 28
17 0 0 0 8 29 18
18 0 0 0 9 17 30
19 0 0 0 9 31 20
20 0 0 0 10 19 32
21 0 0 0 11 33 34
22 0 0 0 11 35 23
23 0 0 0 12 22 36
24 0 0 0 12 37 25
25 0 0 0 13 24 38
26 0 0 0 14 38 27
27 0 0 0 15 26 39
28 0 0 0 16 40 29
29 0 0 0 17 28 41
30 0 0 0 18 41 42
31 0 0 0 19 43 44
32 0 0 0 20 45 33
33 0 0 0 21 32 46
34 0 0 0 21 47 35
35 0 0 0 22 34 48
36 0 0 0 23 48 37
37 0 0 0 24 36 49
38 0 0 0 25 49 26
39 0 0 0 27 49 50
40 0 0 0 28 50 51
41 0 0 0 29 52 30
42 0 0 0 30 53 43
43 0 0 0 31 42 54
44 0 0 0 31 55 56
45 0 0 0 32 56 57
46 0 0 0 33 57 47
47 0 0 0 34 46 58
48 0 0 0 35 59 36
49 0 0 0 37 39 38
50 0 0 0 39 59 40
51 0 0 0 40 60 61
52 0 0 0 41 61 53
53 0 0 0 42 52 62
54 0 0 0 43 62 55
55 0 0 0 44 54 63
56 0 0 0 44 64 45
57 0 0 0 45 65 46
58 0 0 0 47 66 60
59 0 0 0 48 60 50
60 0 0 0 51 59 58
61 0 0 0 51 66 52
62 0 0 0 53 67 54
63 0 0 0 55 67 64
64 0 0 0 56 63 65
65 0 0 0 57 64 68
66 0 0 0 58 68 61
67 0 0 0 62 68 63
68 0 0 0 65 67 66
0
