>>writegraph3d planar <<
1 0 0 0 2 3 4
2 0 0 0 1 5 6
3 0 0 0 1 7 8
4 0 0 0 1 9 10
5 0 0 0 2 11 12
6 0 0 0 2 13 14
7 0 0 0 3 15 16
8 0 0 0 3 17 18
9 0 0 0 4 19 20
10 0 0 0 4 21 22
11 0 0 0 5 22 23
12 0 0 0 5 24 13
13 0 0 0 6 12 25
14 0 0 0 6 26 15
15 0 0 0 7 14 27
16 0 0 0 7 28 17
17 0 0 0 8 16 29
18 0 0 0 8 30 19
19 0 0 0 9 18 31
20 0 0 0 9 32 21
21 0 0 0 10 20 33
22 0 0 0 10 34 11
23 0 0 0 11 35 24
24 0 0 0 12 23 36
25 0 0 0 13 37 26
26 0 0 0 14 25 38
27 0 0 0 15 38 28
28 0 0 0 16 27 39
29 0 0 0 17 39 30
30 0 0 0 18 29 40
31 0 0 0 19 40 32
32 0 0 0 20 31 41
33 0 0 0 21 41 34
34 0 0 0 22 33 35
35 0 0 0 23 34 42
36 0 0 0 24 42 43
37 0 0 0 25 43 44
38 0 0 0 26 44 27
39 0 0 0 28 44 29
40 0 0 0 30 43 31
41 0 0 0 32 42 33
42 0 0 0 35 41 36
43 0 0 0 36 40 37
44 0 0 0 37 39 38
0
