>>writegraph3d planar <<
1 0 0 0 6 2 5
2 0 0 0 8 3 1
3 0 0 0 22 4 2
4 0 0 0 3 15 5
5 0 0 0 4 12 1
6 0 0 0 7 1 9
7 0 0 0 8 6 11
8 0 0 0 19 2 7
9 0 0 0 12 10 6
10 0 0 0 9 14 11
11 0 0 0 10 18 7
12 0 0 0 5 13 9
13 0 0 0 12 15 14
14 0 0 0 10 13 17
15 0 0 0 4 16 13
16 0 0 0 15 20 17
17 0 0 0 18 14 16
18 0 0 0 11 17 19
19 0 0 0 21 8 18
20 0 0 0 28 23 16
21 0 0 0 24 25 19
22 0 0 0 27 3 26
23 0 0 0 29 24 20
24 0 0 0 31 21 23
25 0 0 0 32 26 21
26 0 0 0 25 36 22
27 0 0 0 28 22 37
28 0 0 0 33 20 27
29 0 0 0 30 23 33
30 0 0 0 31 29
31 0 0 0 32 24 30
32 0 0 0 35 25 31
33 0 0 0 29 28 34
34 0 0 0 37 33
35 0 0 0 36 32
36 0 0 0 35 37 26
37 0 0 0 36 34 27
0
