>>writegraph3d planar <<
1 0 0 0 2 3 4
2 0 0 0 1 5 6
3 0 0 0 1 7 8
4 0 0 0 1 9 10
5 0 0 0 2 11 12
6 0 0 0 2 13 7
7 0 0 0 3 6 14
8 0 0 0 3 15 16
9 0 0 0 4 17 18
10 0 0 0 4 19 20
11 0 0 0 5 21 22
12 0 0 0 5 23 13
13 0 0 0 6 12 24
14 0 0 0 7 25 15
15 0 0 0 8 14 26
16 0 0 0 8 27 28
17 0 0 0 9 28 29
18 0 0 0 9 30 19
19 0 0 0 10 18 31
20 0 0 0 10 32 21
21 0 0 0 11 20 33
22 0 0 0 11 27 23
23 0 0 0 12 22 34
24 0 0 0 13 35 36
25 0 0 0 14 37 38
26 0 0 0 15 34 27
27 0 0 0 16 26 22
28 0 0 0 16 39 17
29 0 0 0 17 40 30
30 0 0 0 18 29 41
31 0 0 0 19 41 32
32 0 0 0 20 31 42
33 0 0 0 21 42 39
34 0 0 0 23 26 43
35 0 0 0 24 44 45
36 0 0 0 24 46 37
37 0 0 0 25 36 47
38 0 0 0 25 48 49
39 0 0 0 28 33 40
40 0 0 0 29 39 50
41 0 0 0 30 50 31
42 0 0 0 32 50 33
43 0 0 0 34 49 44
44 0 0 0 35 43 51
45 0 0 0 35 52 46
46 0 0 0 36 45 53
47 0 0 0 37 53 48
48 0 0 0 38 47 54
49 0 0 0 38 55 43
50 0 0 0 40 42 41
51 0 0 0 44 55 52
52 0 0 0 45 51
53 0 0 0 46 47
54 0 0 0 48 55
55 0 0 0 49 54 51
0
