>>writegraph3d planar <<
1 0 0 0 2 3 4
2 0 0 0 1 5 6
3 0 0 0 1 7 8
4 0 0 0 1 9 10
5 0 0 0 2 10 11
6 0 0 0 2 12 7
7 0 0 0 3 6 13
8 0 0 0 3 14 15
9 0 0 0 4 16 17
10 0 0 0 4 18 5
11 0 0 0 5 19 12
12 0 0 0 6 11 20
13 0 0 0 7 20 21
14 0 0 0 8 22 23
15 0 0 0 8 24 25
16 0 0 0 9 26 27
17 0 0 0 9 28 18
18 0 0 0 10 17 19
19 0 0 0 11 18 29
20 0 0 0 12 29 13
21 0 0 0 13 30 31
22 0 0 0 14 32 33
23 0 0 0 14 34 24
24 0 0 0 15 23 35
25 0 0 0 15 36 37
26 0 0 0 16 37 38
27 0 0 0 16 39 28
28 0 0 0 17 27 29
29 0 0 0 19 28 20
30 0 0 0 21 40 41
31 0 0 0 21 42 43
32 0 0 0 22 43 44
33 0 0 0 22 45 34
34 0 0 0 23 33 46
35 0 0 0 24 46 36
36 0 0 0 25 35 47
37 0 0 0 25 48 26
38 0 0 0 26 49 39
39 0 0 0 27 38 50
40 0 0 0 30 50 51
41 0 0 0 30 52 42
42 0 0 0 31 41 53
43 0 0 0 31 54 32
44 0 0 0 32 55 45
45 0 0 0 33 44 56
46 0 0 0 34 56 35
47 0 0 0 36 57 58
48 0 0 0 37 59 49
49 0 0 0 38 48
50 0 0 0 39 60 40
51 0 0 0 40 61 62
52 0 0 0 41 63 64
53 0 0 0 42 64 54
54 0 0 0 43 53 55
55 0 0 0 44 54 65
56 0 0 0 45 65 46
57 0 0 0 47 63 66
58 0 0 0 47 67 68
59 0 0 0 48 69 61
60 0 0 0 61 50
61 0 0 0 51 60 59
62 0 0 0 51 69 70
63 0 0 0 52 71 57
64 0 0 0 52 65 53
65 0 0 0 55 64 56
66 0 0 0 57 72 67
67 0 0 0 58 66 73
68 0 0 0 58 74 75
69 0 0 0 59 75 62
70 0 0 0 62 76 77
71 0 0 0 63 77 72
72 0 0 0 66 71 78
73 0 0 0 67 78 74
74 0 0 0 68 73 79
75 0 0 0 68 76 69
76 0 0 0 70 75 79
77 0 0 0 70 80 71
78 0 0 0 72 80 73
79 0 0 0 74 80 76
80 0 0 0 77 79 78
0
