>>writegraph3d planar <<
1 0 0 0 2 3 4
2 0 0 0 1 5 6
3 0 0 0 1 7 8
4 0 0 0 1 9 10
5 0 0 0 2 10 11
6 0 0 0 2 12 7
7 0 0 0 3 6 13
8 0 0 0 3 14 15
9 0 0 0 4 16 17
10 0 0 0 4 18 5
11 0 0 0 5 19 12
12 0 0 0 6 11 20
13 0 0 0 7 20 14
14 0 0 0 8 13 21
15 0 0 0 8 22 23
16 0 0 0 9 24 25
17 0 0 0 9 26 18
18 0 0 0 10 17 19
19 0 0 0 11 18 27
20 0 0 0 12 27 13
21 0 0 0 14 28
22 0 0 0 15 29
23 0 0 0 15 30 31
24 0 0 0 16 31 32
25 0 0 0 16 33 26
26 0 0 0 17 25 27
27 0 0 0 19 26 20
28 0 0 0 21 34 35
29 0 0 0 22 35 36
30 0 0 0 23 37 38
31 0 0 0 23 39 24
32 0 0 0 24 40 41
33 0 0 0 25 42 34
34 0 0 0 28 33 43
35 0 0 0 28 44 29
36 0 0 0 29 45 46
37 0 0 0 30 47 48
38 0 0 0 30 49 39
39 0 0 0 31 38 40
40 0 0 0 32 39 50
41 0 0 0 32 51 52
42 0 0 0 33 53 54
43 0 0 0 34 54 55
44 0 0 0 35 56 45
45 0 0 0 36 44 57
46 0 0 0 36 58 59
47 0 0 0 37 59 60
48 0 0 0 37 61 55
49 0 0 0 38 62 50
50 0 0 0 40 49 51
51 0 0 0 41 50 63
52 0 0 0 41 64 65
53 0 0 0 42 65 66
54 0 0 0 42 67 43
55 0 0 0 43 68 48
56 0 0 0 44 69 70
57 0 0 0 45 70 58
58 0 0 0 46 57 71
59 0 0 0 46 72 47
60 0 0 0 47 73 61
61 0 0 0 48 60 69
62 0 0 0 49 74 63
63 0 0 0 51 62 64
64 0 0 0 52 63 75
65 0 0 0 52 76 53
66 0 0 0 53 77 67
67 0 0 0 54 66 68
68 0 0 0 55 67 78
69 0 0 0 56 61 79
70 0 0 0 56 80 57
71 0 0 0 58 80 72
72 0 0 0 59 71 73
73 0 0 0 60 72 79
74 0 0 0 62 78 75
75 0 0 0 64 74 76
76 0 0 0 65 75 77
77 0 0 0 66 76 78
78 0 0 0 68 77 74
79 0 0 0 69 73 80
80 0 0 0 70 79 71
0
