>>writegraph3d planar <<
1 0 0 0 10 2 9
2 0 0 0 16 3 1
3 0 0 0 17 4 2
4 0 0 0 41 5 3
5 0 0 0 36 6 4
6 0 0 0 32 7 5
7 0 0 0 28 8 6
8 0 0 0 24 9 7
9 0 0 0 8 20 1
10 0 0 0 11 1 19
11 0 0 0 12 10 38
12 0 0 0 13 11 34
13 0 0 0 14 12 30
14 0 0 0 15 13 26
15 0 0 0 16 14 22
16 0 0 0 18 2 15
17 0 0 0 42 3 18
18 0 0 0 17 16 21
19 0 0 0 20 39 10
20 0 0 0 23 19 9
21 0 0 0 22 48 18
22 0 0 0 25 21 15
23 0 0 0 43 20 24
24 0 0 0 23 8 27
25 0 0 0 26 49 22
26 0 0 0 29 25 14
27 0 0 0 24 28 69
28 0 0 0 27 7 31
29 0 0 0 56 26 30
30 0 0 0 33 29 13
31 0 0 0 28 32 64
32 0 0 0 31 6 35
33 0 0 0 34 57 30
34 0 0 0 37 33 12
35 0 0 0 32 36 60
36 0 0 0 35 5 40
37 0 0 0 81 34
38 0 0 0 39 11
39 0 0 0 19 43 38
40 0 0 0 36 41 50
41 0 0 0 40 4 42
42 0 0 0 41 17 44
43 0 0 0 39 23 81
44 0 0 0 45 50 42
45 0 0 0 59 44 46
46 0 0 0 82 45 47
47 0 0 0 51 46 48
48 0 0 0 49 47 21
49 0 0 0 25 52 48
50 0 0 0 44 58 40
51 0 0 0 77 47 52
52 0 0 0 49 53 51
53 0 0 0 52 54 76
54 0 0 0 53 55 65
55 0 0 0 54 56 69
56 0 0 0 55 29 57
57 0 0 0 33 81 56
58 0 0 0 50 59 63
59 0 0 0 58 45 80
60 0 0 0 61 68 35
61 0 0 0 62 71 60
62 0 0 0 73 61 63
63 0 0 0 58 79 62
64 0 0 0 65 69 31
65 0 0 0 66 54 64
66 0 0 0 67 76 65
67 0 0 0 68 74 66
68 0 0 0 60 70 67
69 0 0 0 64 55 27
70 0 0 0 68 71 75
71 0 0 0 61 72 70
72 0 0 0 73 84 71
73 0 0 0 78 72 62
74 0 0 0 75 77 67
75 0 0 0 84 74 70
76 0 0 0 66 77 53
77 0 0 0 74 51 76
78 0 0 0 83 73 79
79 0 0 0 63 80 78
80 0 0 0 59 82 79
81 0 0 0 37 43 57
82 0 0 0 80 46 83
83 0 0 0 84 78 82
84 0 0 0 72 83 75
0
