>>writegraph3d planar <<
1 0 0 0 10 2 9
2 0 0 0 16 3 1
3 0 0 0 17 4 2
4 0 0 0 5 3
5 0 0 0 36 6 4
6 0 0 0 32 7 5
7 0 0 0 28 8 6
8 0 0 0 24 9 7
9 0 0 0 8 20 1
10 0 0 0 11 1 19
11 0 0 0 12 10 38
12 0 0 0 13 11 34
13 0 0 0 14 12 30
14 0 0 0 15 13 26
15 0 0 0 16 14 22
16 0 0 0 18 2 15
17 0 0 0 41 3 18
18 0 0 0 17 16 21
19 0 0 0 20 39 10
20 0 0 0 23 19 9
21 0 0 0 22 53 18
22 0 0 0 25 21 15
23 0 0 0 46 20 24
24 0 0 0 23 8 27
25 0 0 0 26 54 22
26 0 0 0 29 25 14
27 0 0 0 24 28 47
28 0 0 0 27 7 31
29 0 0 0 30 114 26
30 0 0 0 33 29 13
31 0 0 0 28 32 57
32 0 0 0 31 6 35
33 0 0 0 80 30 34
34 0 0 0 37 33 12
35 0 0 0 32 36 79
36 0 0 0 35 5 40
37 0 0 0 48 34 38
38 0 0 0 39 37 11
39 0 0 0 19 42 38
40 0 0 0 36 55
41 0 0 0 17 49
42 0 0 0 39 43 48
43 0 0 0 42 44 59
44 0 0 0 43 45 65
45 0 0 0 44 46 56
46 0 0 0 45 23 47
47 0 0 0 57 46 27
48 0 0 0 58 37 42
49 0 0 0 50 55 41
50 0 0 0 51 88 49
51 0 0 0 103 50 52
52 0 0 0 112 51 53
53 0 0 0 21 54 52
54 0 0 0 25 114 53
55 0 0 0 49 86 40
56 0 0 0 66 45 57
57 0 0 0 56 47 31
58 0 0 0 67 48 59
59 0 0 0 60 58 43
60 0 0 0 61 68 59
61 0 0 0 70 60 62
62 0 0 0 72 61 63
63 0 0 0 64 74 62
64 0 0 0 65 76 63
65 0 0 0 66 64 44
66 0 0 0 77 65 56
67 0 0 0 82 58 68
68 0 0 0 60 69 67
69 0 0 0 68 70 98
70 0 0 0 69 61 71
71 0 0 0 70 72 105
72 0 0 0 71 62 73
73 0 0 0 72 74 95
74 0 0 0 63 75 73
75 0 0 0 76 87 74
76 0 0 0 64 77 75
77 0 0 0 76 66 78
78 0 0 0 87 77 79
79 0 0 0 83 78 35
80 0 0 0 110 33 81
81 0 0 0 80 82 106
82 0 0 0 81 67 98
83 0 0 0 84 89 79
84 0 0 0 92 83 85
85 0 0 0 86 90 84
86 0 0 0 88 85 55
87 0 0 0 75 78 89
88 0 0 0 50 91 86
89 0 0 0 83 94 87
90 0 0 0 85 91 93
91 0 0 0 88 99 90
92 0 0 0 94 84 93
93 0 0 0 92 90 104
94 0 0 0 89 92 97
95 0 0 0 109 73 96
96 0 0 0 95 97 100
97 0 0 0 96 94 104
98 0 0 0 69 105 82
99 0 0 0 91 100 104
100 0 0 0 99 101 96
101 0 0 0 100 102 109
102 0 0 0 101 103 113
103 0 0 0 102 51 111
104 0 0 0 97 93 99
105 0 0 0 98 71 106
106 0 0 0 105 107 81
107 0 0 0 106 108 110
108 0 0 0 107 109 113
109 0 0 0 108 95 101
110 0 0 0 115 80 107
111 0 0 0 103 112 115
112 0 0 0 111 52 114
113 0 0 0 108 102 115
114 0 0 0 29 112 54
115 0 0 0 111 110 113
0
