>>writegraph3d planar <<
1 0 0 0 10 2 9
2 0 0 0 16 3 1
3 0 0 0 17 4 2
4 0 0 0 41 5 3
5 0 0 0 36 6 4
6 0 0 0 32 7 5
7 0 0 0 28 8 6
8 0 0 0 24 9 7
9 0 0 0 8 20 1
10 0 0 0 11 1 19
11 0 0 0 12 10 38
12 0 0 0 13 11 34
13 0 0 0 14 12 30
14 0 0 0 15 13 26
15 0 0 0 16 14 22
16 0 0 0 18 2 15
17 0 0 0 42 3 18
18 0 0 0 17 16 21
19 0 0 0 20 39 10
20 0 0 0 23 19 9
21 0 0 0 22 137 18
22 0 0 0 25 21 15
23 0 0 0 47 20 24
24 0 0 0 23 8 27
25 0 0 0 104 22 26
26 0 0 0 29 25 14
27 0 0 0 24 28 48
28 0 0 0 27 7 31
29 0 0 0 30 73 26
30 0 0 0 33 29 13
31 0 0 0 28 32 72
32 0 0 0 31 6 35
33 0 0 0 54 30 34
34 0 0 0 37 33 12
35 0 0 0 32 36 77
36 0 0 0 35 5 40
37 0 0 0 38 49 34
38 0 0 0 39 37 11
39 0 0 0 38 19
40 0 0 0 36 41 132
41 0 0 0 40 4 42
42 0 0 0 41 17 137
43 0 0 0 53 44
44 0 0 0 43 45 56
45 0 0 0 44 46 58
46 0 0 0 45 47 64
47 0 0 0 46 23 48
48 0 0 0 65 47 27
49 0 0 0 37 50 54
50 0 0 0 49 51 66
51 0 0 0 50 52 61
52 0 0 0 51 53 59
53 0 0 0 52 43 55
54 0 0 0 68 33 49
55 0 0 0 56 60 53
56 0 0 0 57 55 44
57 0 0 0 83 56 58
58 0 0 0 63 57 45
59 0 0 0 60 62 52
60 0 0 0 96 59 55
61 0 0 0 62 67 51
62 0 0 0 59 105 61
63 0 0 0 64 78 58
64 0 0 0 65 63 46
65 0 0 0 69 64 48
66 0 0 0 67 68 50
67 0 0 0 61 103 66
68 0 0 0 76 54 66
69 0 0 0 82 65 70
70 0 0 0 71 85 69
71 0 0 0 72 93 70
72 0 0 0 77 71 31
73 0 0 0 29 74 104
74 0 0 0 73 75 115
75 0 0 0 74 76 106
76 0 0 0 75 68 99
77 0 0 0 94 72 35
78 0 0 0 63 79 83
79 0 0 0 78 80 90
80 0 0 0 79 81 88
81 0 0 0 80 82 86
82 0 0 0 81 69 84
83 0 0 0 92 57 78
84 0 0 0 82 85 87
85 0 0 0 70 95 84
86 0 0 0 87 89 81
87 0 0 0 141 86 84
88 0 0 0 89 91 80
89 0 0 0 146 88 86
90 0 0 0 91 92 79
91 0 0 0 88 121 90
92 0 0 0 98 83 90
93 0 0 0 71 94 95
94 0 0 0 93 77 129
95 0 0 0 93 138 85
96 0 0 0 120 60 97
97 0 0 0 96 98 124
98 0 0 0 97 92 121
99 0 0 0 100 107 76
100 0 0 0 101 109 99
101 0 0 0 111 100 102
102 0 0 0 113 101 103
103 0 0 0 105 102 67
104 0 0 0 117 25 73
105 0 0 0 62 114 103
106 0 0 0 107 116 75
107 0 0 0 99 108 106
108 0 0 0 109 140 107
109 0 0 0 100 110 108
110 0 0 0 109 111 133
111 0 0 0 110 101 112
112 0 0 0 111 113 122
113 0 0 0 112 102 114
114 0 0 0 105 118 113
115 0 0 0 116 117 74
116 0 0 0 106 147 115
117 0 0 0 148 104 115
118 0 0 0 114 119 122
119 0 0 0 118 120 126
120 0 0 0 119 96 123
121 0 0 0 91 125 98
122 0 0 0 128 112 118
123 0 0 0 124 127 120
124 0 0 0 125 123 97
125 0 0 0 121 139 124
126 0 0 0 127 128 119
127 0 0 0 123 139 126
128 0 0 0 126 136 122
129 0 0 0 138 94 130
130 0 0 0 145 129 131
131 0 0 0 148 130 132
132 0 0 0 137 131 40
133 0 0 0 140 110 134
134 0 0 0 135 142 133
135 0 0 0 146 134 136
136 0 0 0 139 135 128
137 0 0 0 21 132 42
138 0 0 0 95 129 144
139 0 0 0 125 136 127
140 0 0 0 108 133 143
141 0 0 0 142 146 87
142 0 0 0 134 141 143
143 0 0 0 140 142 144
144 0 0 0 138 145 143
145 0 0 0 144 130 147
146 0 0 0 141 135 89
147 0 0 0 145 148 116
148 0 0 0 147 131 117
0
