>>writegraph3d planar <<
1 0 0 0 10 2 9
2 0 0 0 16 3 1
3 0 0 0 17 4 2
4 0 0 0 41 5 3
5 0 0 0 36 6 4
6 0 0 0 32 7 5
7 0 0 0 28 8 6
8 0 0 0 24 9 7
9 0 0 0 8 20 1
10 0 0 0 11 1 19
11 0 0 0 12 10 38
12 0 0 0 13 11 34
13 0 0 0 14 12
14 0 0 0 15 13 26
15 0 0 0 16 14 22
16 0 0 0 18 2 15
17 0 0 0 42 3 18
18 0 0 0 17 16 21
19 0 0 0 20 39 10
20 0 0 0 23 19 9
21 0 0 0 22 44 18
22 0 0 0 25 21 15
23 0 0 0 43 20 24
24 0 0 0 23 8 27
25 0 0 0 26 71 22
26 0 0 0 29 25 14
27 0 0 0 24 28 45
28 0 0 0 27 7 31
29 0 0 0 30 66 26
30 0 0 0 33 29
31 0 0 0 28 32 53
32 0 0 0 31 6 35
33 0 0 0 54 30 34
34 0 0 0 37 33 12
35 0 0 0 32 36 55
36 0 0 0 35 5 40
37 0 0 0 38 46 34
38 0 0 0 39 37 11
39 0 0 0 43 38 19
40 0 0 0 36 41 83
41 0 0 0 40 4 42
42 0 0 0 41 17 44
43 0 0 0 45 39 23
44 0 0 0 21 83 42
45 0 0 0 49 43 27
46 0 0 0 37 47 54
47 0 0 0 46 48 63
48 0 0 0 47 49 56
49 0 0 0 48 45 50
50 0 0 0 51 57 49
51 0 0 0 52 59 50
52 0 0 0 53 61 51
53 0 0 0 55 52 31
54 0 0 0 65 33 46
55 0 0 0 62 53 35
56 0 0 0 57 64 48
57 0 0 0 58 56 50
58 0 0 0 70 57 59
59 0 0 0 51 60 58
60 0 0 0 61 74 59
61 0 0 0 52 62 60
62 0 0 0 61 55 75
63 0 0 0 64 65 47
64 0 0 0 56 70 63
65 0 0 0 69 54 63
66 0 0 0 29 67 71
67 0 0 0 68 76 66
68 0 0 0 72 67 69
69 0 0 0 68 65 70
70 0 0 0 64 58 69
71 0 0 0 25 66 80
72 0 0 0 77 68 73
73 0 0 0 79 72 74
74 0 0 0 75 73 60
75 0 0 0 81 74 62
76 0 0 0 67 77 80
77 0 0 0 76 72 78
78 0 0 0 77 79 84
79 0 0 0 78 73 81
80 0 0 0 84 71 76
81 0 0 0 79 75 82
82 0 0 0 83 84 81
83 0 0 0 44 82 40
84 0 0 0 82 80 78
0
