>>writegraph3d planar <<
1 0 0 0 10 2 9
2 0 0 0 16 3 1
3 0 0 0 17 4 2
4 0 0 0 5 3
5 0 0 0 36 6 4
6 0 0 0 32 7 5
7 0 0 0 28 8 6
8 0 0 0 24 9 7
9 0 0 0 8 20 1
10 0 0 0 11 1 19
11 0 0 0 12 10 38
12 0 0 0 13 11 34
13 0 0 0 14 12 30
14 0 0 0 15 13 26
15 0 0 0 16 14 22
16 0 0 0 18 2 15
17 0 0 0 41 3 18
18 0 0 0 17 16 21
19 0 0 0 20 39 10
20 0 0 0 23 19 9
21 0 0 0 22 47 18
22 0 0 0 25 21 15
23 0 0 0 42 20 24
24 0 0 0 23 8 27
25 0 0 0 26 48 22
26 0 0 0 29 25 14
27 0 0 0 24 28 68
28 0 0 0 27 7 31
29 0 0 0 55 26 30
30 0 0 0 33 29 13
31 0 0 0 28 32 63
32 0 0 0 31 6 35
33 0 0 0 34 56 30
34 0 0 0 37 33 12
35 0 0 0 32 36 59
36 0 0 0 35 5 40
37 0 0 0 83 34 38
38 0 0 0 39 37 11
39 0 0 0 19 42 38
40 0 0 0 36 49
41 0 0 0 17 43
42 0 0 0 39 23 83
43 0 0 0 44 49 41
44 0 0 0 45 58 43
45 0 0 0 102 44 46
46 0 0 0 50 45 47
47 0 0 0 48 46 21
48 0 0 0 25 51 47
49 0 0 0 43 57 40
50 0 0 0 103 46 51
51 0 0 0 48 52 50
52 0 0 0 51 53 107
53 0 0 0 52 54 109
54 0 0 0 53 55 90
55 0 0 0 54 29 56
56 0 0 0 33 86 55
57 0 0 0 58 62 49
58 0 0 0 44 79 57
59 0 0 0 60 67 35
60 0 0 0 61 70 59
61 0 0 0 72 60 62
62 0 0 0 78 61 57
63 0 0 0 64 68 31
64 0 0 0 65 80 63
65 0 0 0 75 64 66
66 0 0 0 67 73 65
67 0 0 0 59 69 66
68 0 0 0 63 82 27
69 0 0 0 70 74 67
70 0 0 0 60 71 69
71 0 0 0 70 72 105
72 0 0 0 71 61 77
73 0 0 0 74 76 66
74 0 0 0 69 105 73
75 0 0 0 76 81 65
76 0 0 0 97 75 73
77 0 0 0 72 78 104
78 0 0 0 77 62 79
79 0 0 0 58 98 78
80 0 0 0 64 81 82
81 0 0 0 75 89 80
82 0 0 0 68 80 85
83 0 0 0 84 37 42
84 0 0 0 88 83 85
85 0 0 0 82 89 84
86 0 0 0 56 87 90
87 0 0 0 86 88 93
88 0 0 0 87 84 91
89 0 0 0 81 91 85
90 0 0 0 92 54 86
91 0 0 0 89 94 88
92 0 0 0 93 114 90
93 0 0 0 94 92 87
94 0 0 0 95 93 91
95 0 0 0 114 94 96
96 0 0 0 95 97 115
97 0 0 0 96 76 105
98 0 0 0 79 99 104
99 0 0 0 98 100 110
100 0 0 0 99 101 108
101 0 0 0 100 102 106
102 0 0 0 101 45 103
103 0 0 0 102 50 107
104 0 0 0 112 77 98
105 0 0 0 74 71 97
106 0 0 0 109 101 107
107 0 0 0 106 103 52
108 0 0 0 111 100 109
109 0 0 0 108 106 53
110 0 0 0 111 112 99
111 0 0 0 113 110 108
112 0 0 0 110 115 104
113 0 0 0 114 115 111
114 0 0 0 92 95 113
115 0 0 0 113 96 112
0
