>>writegraph3d planar <<
1 0 0 0 10 2 9
2 0 0 0 16 3 1
3 0 0 0 17 4 2
4 0 0 0 40 5 3
5 0 0 0 35 6 4
6 0 0 0 31 7 5
7 0 0 0 28 8 6
8 0 0 0 24 9 7
9 0 0 0 8 20 1
10 0 0 0 11 1 19
11 0 0 0 12 10 37
12 0 0 0 13 11 33
13 0 0 0 14 12
14 0 0 0 15 13 26
15 0 0 0 16 14 22
16 0 0 0 18 2 15
17 0 0 0 41 3 18
18 0 0 0 17 16 21
19 0 0 0 20 38 10
20 0 0 0 23 19 9
21 0 0 0 22 53 18
22 0 0 0 25 21 15
23 0 0 0 46 20 24
24 0 0 0 23 8 27
25 0 0 0 26 54 22
26 0 0 0 29 25 14
27 0 0 0 24 28 47
28 0 0 0 27 7 30
29 0 0 0 78 26
30 0 0 0 28 31 143
31 0 0 0 30 6 34
32 0 0 0 33 84
33 0 0 0 36 32 12
34 0 0 0 31 35 60
35 0 0 0 34 5 39
36 0 0 0 48 33 37
37 0 0 0 38 36 11
38 0 0 0 19 42 37
39 0 0 0 35 40 55
40 0 0 0 39 4 41
41 0 0 0 40 17 49
42 0 0 0 38 43 48
43 0 0 0 42 44 104
44 0 0 0 43 45 159
45 0 0 0 44 46 150
46 0 0 0 45 23 47
47 0 0 0 145 46 27
48 0 0 0 103 36 42
49 0 0 0 50 59 41
50 0 0 0 62 49 51
51 0 0 0 64 50 52
52 0 0 0 70 51 53
53 0 0 0 54 52 21
54 0 0 0 25 71 53
55 0 0 0 56 60 39
56 0 0 0 57 72 55
57 0 0 0 67 56 58
58 0 0 0 65 57 59
59 0 0 0 61 58 49
60 0 0 0 55 74 34
61 0 0 0 66 59 62
62 0 0 0 61 50 63
63 0 0 0 62 64 85
64 0 0 0 63 51 69
65 0 0 0 68 58 66
66 0 0 0 65 61 98
67 0 0 0 73 57 68
68 0 0 0 67 65 110
69 0 0 0 64 70 79
70 0 0 0 69 52 71
71 0 0 0 54 75 70
72 0 0 0 56 73 74
73 0 0 0 72 67 123
74 0 0 0 72 131 60
75 0 0 0 71 76 83
76 0 0 0 75 77 87
77 0 0 0 76 78 95
78 0 0 0 77 29 84
79 0 0 0 80 85 69
80 0 0 0 92 79 81
81 0 0 0 90 80 82
82 0 0 0 88 81 83
83 0 0 0 86 82 75
84 0 0 0 32 96 78
85 0 0 0 79 94 63
86 0 0 0 87 89 83
87 0 0 0 97 86 76
88 0 0 0 91 82 89
89 0 0 0 86 199 88
90 0 0 0 93 81 91
91 0 0 0 90 88 111
92 0 0 0 93 94 80
93 0 0 0 109 92 90
94 0 0 0 92 100 85
95 0 0 0 97 77 96
96 0 0 0 84 101 95
97 0 0 0 122 87 95
98 0 0 0 99 110 66
99 0 0 0 112 98 100
100 0 0 0 105 99 94
101 0 0 0 96 102 122
102 0 0 0 101 103 204
103 0 0 0 102 48 104
104 0 0 0 165 103 43
105 0 0 0 113 100 106
106 0 0 0 105 107 119
107 0 0 0 106 108 117
108 0 0 0 107 109 115
109 0 0 0 108 93 111
110 0 0 0 98 114 68
111 0 0 0 116 109 91
112 0 0 0 113 114 99
113 0 0 0 121 112 105
114 0 0 0 112 126 110
115 0 0 0 116 118 108
116 0 0 0 189 115 111
117 0 0 0 118 120 107
118 0 0 0 115 187 117
119 0 0 0 120 121 106
120 0 0 0 117 132 119
121 0 0 0 130 113 119
122 0 0 0 202 97 101
123 0 0 0 124 131 73
124 0 0 0 140 123 125
125 0 0 0 126 133 124
126 0 0 0 114 127 125
127 0 0 0 126 128 134
128 0 0 0 127 129 136
129 0 0 0 128 130 138
130 0 0 0 129 121 132
131 0 0 0 123 142 74
132 0 0 0 120 139 130
133 0 0 0 125 134 141
134 0 0 0 127 135 133
135 0 0 0 136 158 134
136 0 0 0 137 135 128
137 0 0 0 176 136 138
138 0 0 0 139 137 129
139 0 0 0 132 184 138
140 0 0 0 141 142 124
141 0 0 0 149 140 133
142 0 0 0 140 144 131
143 0 0 0 144 148 30
144 0 0 0 149 143 142
145 0 0 0 146 150 47
146 0 0 0 147 153 145
147 0 0 0 155 146 148
148 0 0 0 151 147 143
149 0 0 0 151 144 141
150 0 0 0 145 152 45
151 0 0 0 156 148 149
152 0 0 0 153 163 150
153 0 0 0 146 154 152
154 0 0 0 153 155 164
155 0 0 0 154 147 156
156 0 0 0 155 151 157
157 0 0 0 158 175 156
158 0 0 0 176 157 135
159 0 0 0 160 165 44
160 0 0 0 161 170 159
161 0 0 0 168 160 162
162 0 0 0 166 161 163
163 0 0 0 152 164 162
164 0 0 0 163 154 167
165 0 0 0 159 172 104
166 0 0 0 169 162 167
167 0 0 0 166 164 173
168 0 0 0 171 161 169
169 0 0 0 168 166 177
170 0 0 0 160 171 172
171 0 0 0 170 168 196
172 0 0 0 170 208 165
173 0 0 0 174 177 167
174 0 0 0 175 180 173
175 0 0 0 178 174 157
176 0 0 0 178 158 137
177 0 0 0 173 179 169
178 0 0 0 181 175 176
179 0 0 0 180 188 177
180 0 0 0 174 181 179
181 0 0 0 180 178 182
182 0 0 0 188 181 183
183 0 0 0 184 190 182
184 0 0 0 185 183 139
185 0 0 0 186 191 184
186 0 0 0 193 185 187
187 0 0 0 189 186 118
188 0 0 0 179 182 194
189 0 0 0 195 187 116
190 0 0 0 183 191 194
191 0 0 0 185 192 190
192 0 0 0 191 193 203
193 0 0 0 192 186 195
194 0 0 0 188 190 197
195 0 0 0 193 189 198
196 0 0 0 208 171 197
197 0 0 0 209 196 194
198 0 0 0 203 195 199
199 0 0 0 89 200 198
200 0 0 0 199 201 205
201 0 0 0 200 202 211
202 0 0 0 201 122 204
203 0 0 0 192 198 205
204 0 0 0 206 202 102
205 0 0 0 203 200 210
206 0 0 0 207 211 204
207 0 0 0 209 206 208
208 0 0 0 172 196 207
209 0 0 0 210 207 197
210 0 0 0 211 209 205
211 0 0 0 206 210 201
0
