>>writegraph3d planar <<
1 0 0 0 10 2 9
2 0 0 0 16 3 1
3 0 0 0 17 4 2
4 0 0 0 41 5 3
5 0 0 0 36 6 4
6 0 0 0 32 7 5
7 0 0 0 28 8 6
8 0 0 0 24 9 7
9 0 0 0 8 20 1
10 0 0 0 11 1 19
11 0 0 0 12 10 38
12 0 0 0 13 11 34
13 0 0 0 14 12 30
14 0 0 0 15 13 26
15 0 0 0 16 14 22
16 0 0 0 18 2 15
17 0 0 0 42 3 18
18 0 0 0 17 16 21
19 0 0 0 20 39 10
20 0 0 0 23 19 9
21 0 0 0 22 48 18
22 0 0 0 25 21 15
23 0 0 0 43 20 24
24 0 0 0 23 8 27
25 0 0 0 26 49 22
26 0 0 0 29 25 14
27 0 0 0 24 28 81
28 0 0 0 27 7 31
29 0 0 0 73 26 30
30 0 0 0 33 29 13
31 0 0 0 28 32 74
32 0 0 0 31 6 35
33 0 0 0 34 78 30
34 0 0 0 37 33 12
35 0 0 0 32 36 55
36 0 0 0 35 5 40
37 0 0 0 82 34
38 0 0 0 39 11
39 0 0 0 19 43 38
40 0 0 0 36 41 50
41 0 0 0 40 4 42
42 0 0 0 41 17 44
43 0 0 0 39 23 82
44 0 0 0 45 54 42
45 0 0 0 57 44 46
46 0 0 0 59 45 47
47 0 0 0 65 46 48
48 0 0 0 49 47 21
49 0 0 0 25 66 48
50 0 0 0 51 55 40
51 0 0 0 67 50 52
52 0 0 0 62 51 53
53 0 0 0 60 52 54
54 0 0 0 56 53 44
55 0 0 0 50 69 35
56 0 0 0 61 54 57
57 0 0 0 56 45 58
58 0 0 0 57 59 83
59 0 0 0 58 46 64
60 0 0 0 63 53 61
61 0 0 0 60 56 83
62 0 0 0 68 52 63
63 0 0 0 62 60 84
64 0 0 0 59 65 79
65 0 0 0 64 47 66
66 0 0 0 49 70 65
67 0 0 0 69 51 68
68 0 0 0 67 62 80
69 0 0 0 55 67 77
70 0 0 0 66 71 79
71 0 0 0 70 72 75
72 0 0 0 71 73 81
73 0 0 0 72 29 78
74 0 0 0 75 81 31
75 0 0 0 76 71 74
76 0 0 0 77 79 75
77 0 0 0 69 80 76
78 0 0 0 33 82 73
79 0 0 0 76 64 70
80 0 0 0 77 68 84
81 0 0 0 74 72 27
82 0 0 0 37 43 78
83 0 0 0 84 61 58
84 0 0 0 80 63 83
0
