>>writegraph3d planar <<
1 0 0 0 10 2 9
2 0 0 0 16 3 1
3 0 0 0 17 4 2
4 0 0 0 41 5 3
5 0 0 0 36 6 4
6 0 0 0 32 7 5
7 0 0 0 28 8 6
8 0 0 0 24 9 7
9 0 0 0 8 20 1
10 0 0 0 11 1 19
11 0 0 0 12 10 38
12 0 0 0 13 11 34
13 0 0 0 14 12 30
14 0 0 0 15 13 26
15 0 0 0 16 14 22
16 0 0 0 18 2 15
17 0 0 0 42 3 18
18 0 0 0 17 16 21
19 0 0 0 39 10
20 0 0 0 23 9
21 0 0 0 22 48 18
22 0 0 0 25 21 15
23 0 0 0 43 20 24
24 0 0 0 23 8 27
25 0 0 0 26 49 22
26 0 0 0 29 25 14
27 0 0 0 24 28 103
28 0 0 0 27 7 31
29 0 0 0 73 26 30
30 0 0 0 33 29 13
31 0 0 0 28 32 74
32 0 0 0 31 6 35
33 0 0 0 82 30 34
34 0 0 0 37 33 12
35 0 0 0 32 36 55
36 0 0 0 35 5 40
37 0 0 0 38 84 34
38 0 0 0 39 37 11
39 0 0 0 43 38 19
40 0 0 0 36 41 50
41 0 0 0 40 4 42
42 0 0 0 41 17 44
43 0 0 0 99 39 23
44 0 0 0 45 54 42
45 0 0 0 57 44 46
46 0 0 0 59 45 47
47 0 0 0 65 46 48
48 0 0 0 49 47 21
49 0 0 0 25 66 48
50 0 0 0 51 55 40
51 0 0 0 52 67 50
52 0 0 0 62 51 53
53 0 0 0 60 52 54
54 0 0 0 56 53 44
55 0 0 0 50 69 35
56 0 0 0 61 54 57
57 0 0 0 56 45 58
58 0 0 0 57 59 96
59 0 0 0 58 46 64
60 0 0 0 63 53 61
61 0 0 0 60 56 148
62 0 0 0 68 52 63
63 0 0 0 62 60 146
64 0 0 0 59 65 83
65 0 0 0 64 47 66
66 0 0 0 49 70 65
67 0 0 0 51 68 69
68 0 0 0 67 62 135
69 0 0 0 67 77 55
70 0 0 0 66 71 83
71 0 0 0 70 72 94
72 0 0 0 71 73 85
73 0 0 0 72 29 78
74 0 0 0 75 103 31
75 0 0 0 76 105 74
76 0 0 0 134 75 77
77 0 0 0 135 76 69
78 0 0 0 73 79 86
79 0 0 0 78 80 88
80 0 0 0 79 81 90
81 0 0 0 80 82 92
82 0 0 0 81 33 84
83 0 0 0 96 64 70
84 0 0 0 37 93 82
85 0 0 0 86 95 72
86 0 0 0 87 85 78
87 0 0 0 120 86 88
88 0 0 0 89 87 79
89 0 0 0 90 112 88
90 0 0 0 91 89 80
91 0 0 0 104 90 92
92 0 0 0 91 81 93
93 0 0 0 84 97 92
94 0 0 0 95 96 71
95 0 0 0 85 141 94
96 0 0 0 94 58 83
97 0 0 0 93 98 104
98 0 0 0 97 99 106
99 0 0 0 98 43 100
100 0 0 0 101 107 99
101 0 0 0 102 109 100
102 0 0 0 105 101 103
103 0 0 0 74 102 27
104 0 0 0 108 91 97
105 0 0 0 75 110 102
106 0 0 0 107 108 98
107 0 0 0 111 106 100
108 0 0 0 106 115 104
109 0 0 0 101 110 111
110 0 0 0 105 121 109
111 0 0 0 119 107 109
112 0 0 0 89 113 120
113 0 0 0 112 114 129
114 0 0 0 115 122 113
115 0 0 0 108 116 114
116 0 0 0 115 117 123
117 0 0 0 116 118 125
118 0 0 0 117 119 127
119 0 0 0 118 111 121
120 0 0 0 131 87 112
121 0 0 0 110 128 119
122 0 0 0 114 123 130
123 0 0 0 122 116 124
124 0 0 0 138 123 125
125 0 0 0 126 124 117
126 0 0 0 136 125 127
127 0 0 0 126 118 128
128 0 0 0 121 132 127
129 0 0 0 130 131 113
130 0 0 0 147 129 122
131 0 0 0 129 143 120
132 0 0 0 128 133 136
133 0 0 0 132 134 139
134 0 0 0 133 76 137
135 0 0 0 137 77 68
136 0 0 0 138 126 132
137 0 0 0 134 135 140
138 0 0 0 139 124 136
139 0 0 0 140 138 133
140 0 0 0 144 139 137
141 0 0 0 95 142 148
142 0 0 0 141 143 145
143 0 0 0 131 147 142
144 0 0 0 147 140 145
145 0 0 0 146 142 144
146 0 0 0 148 145 63
147 0 0 0 143 130 144
148 0 0 0 141 146 61
0
