>>writegraph3d planar <<
1 0 0 0 10 2 9
2 0 0 0 16 3 1
3 0 0 0 17 4 2
4 0 0 0 5 3
5 0 0 0 36 6 4
6 0 0 0 32 7 5
7 0 0 0 28 8 6
8 0 0 0 24 9 7
9 0 0 0 8 20 1
10 0 0 0 11 1 19
11 0 0 0 12 10 38
12 0 0 0 13 11 34
13 0 0 0 14 12 30
14 0 0 0 15 13 26
15 0 0 0 16 14 22
16 0 0 0 18 2 15
17 0 0 0 41 3 18
18 0 0 0 17 16 21
19 0 0 0 20 39 10
20 0 0 0 23 19 9
21 0 0 0 22 94 18
22 0 0 0 25 21 15
23 0 0 0 46 20 24
24 0 0 0 23 8 27
25 0 0 0 26 100 22
26 0 0 0 29 25 14
27 0 0 0 24 28 47
28 0 0 0 27 7 31
29 0 0 0 30 71 26
30 0 0 0 33 29 13
31 0 0 0 28 32 64
32 0 0 0 31 6 35
33 0 0 0 53 30 34
34 0 0 0 37 33 12
35 0 0 0 32 36 70
36 0 0 0 35 5 40
37 0 0 0 38 48 34
38 0 0 0 39 37 11
39 0 0 0 42 38 19
40 0 0 0 36 79
41 0 0 0 17 81
42 0 0 0 52 39 43
43 0 0 0 42 44 55
44 0 0 0 43 45 57
45 0 0 0 44 46 63
46 0 0 0 45 23 47
47 0 0 0 64 46 27
48 0 0 0 37 49 53
49 0 0 0 48 50 65
50 0 0 0 49 51 60
51 0 0 0 50 52 58
52 0 0 0 51 42 54
53 0 0 0 67 33 48
54 0 0 0 55 59 52
55 0 0 0 56 54 43
56 0 0 0 80 55 57
57 0 0 0 62 56 44
58 0 0 0 59 61 51
59 0 0 0 110 58 54
60 0 0 0 61 66 50
61 0 0 0 101 60 58
62 0 0 0 68 57 63
63 0 0 0 62 45 64
64 0 0 0 63 47 31
65 0 0 0 66 67 49
66 0 0 0 60 99 65
67 0 0 0 74 53 65
68 0 0 0 69 80 62
69 0 0 0 82 68 70
70 0 0 0 75 69 35
71 0 0 0 29 72 100
72 0 0 0 73 93 71
73 0 0 0 102 72 74
74 0 0 0 73 67 95
75 0 0 0 76 83 70
76 0 0 0 89 75 77
77 0 0 0 78 87 76
78 0 0 0 85 77 79
79 0 0 0 81 78 40
80 0 0 0 84 56 68
81 0 0 0 86 79 41
82 0 0 0 84 69 83
83 0 0 0 75 91 82
84 0 0 0 108 80 82
85 0 0 0 86 88 78
86 0 0 0 92 85 81
87 0 0 0 77 88 90
88 0 0 0 85 111 87
89 0 0 0 91 76 90
90 0 0 0 89 87 114
91 0 0 0 83 89 115
92 0 0 0 102 86 93
93 0 0 0 72 92 94
94 0 0 0 21 100 93
95 0 0 0 96 103 74
96 0 0 0 97 105 95
97 0 0 0 98 107 96
98 0 0 0 99 109 97
99 0 0 0 66 101 98
100 0 0 0 25 71 94
101 0 0 0 99 61 110
102 0 0 0 103 92 73
103 0 0 0 104 102 95
104 0 0 0 112 103 105
105 0 0 0 96 106 104
106 0 0 0 105 107 113
107 0 0 0 97 108 106
108 0 0 0 109 84 107
109 0 0 0 110 108 98
110 0 0 0 101 59 109
111 0 0 0 88 112 114
112 0 0 0 111 104 113
113 0 0 0 106 115 112
114 0 0 0 115 90 111
115 0 0 0 113 91 114
0
