>>writegraph3d planar <<
1 0 0 0 10 2 9
2 0 0 0 16 3 1
3 0 0 0 17 4 2
4 0 0 0 41 5 3
5 0 0 0 36 6 4
6 0 0 0 32 7 5
7 0 0 0 28 8 6
8 0 0 0 24 9 7
9 0 0 0 8 20 1
10 0 0 0 11 1 19
11 0 0 0 12 10 38
12 0 0 0 13 11 34
13 0 0 0 14 12 30
14 0 0 0 15 13 26
15 0 0 0 16 14 22
16 0 0 0 18 2 15
17 0 0 0 42 3 18
18 0 0 0 17 16 21
19 0 0 0 20 39 10
20 0 0 0 23 19 9
21 0 0 0 22 48 18
22 0 0 0 25 21 15
23 0 0 0 43 20 24
24 0 0 0 23 8 27
25 0 0 0 26 49 22
26 0 0 0 29 25 14
27 0 0 0 24 28 103
28 0 0 0 27 7 31
29 0 0 0 26 30
30 0 0 0 33 29 13
31 0 0 0 28 32 74
32 0 0 0 31 6 35
33 0 0 0 82 30 34
34 0 0 0 37 33 12
35 0 0 0 32 36 55
36 0 0 0 35 5 40
37 0 0 0 38 84 34
38 0 0 0 39 37 11
39 0 0 0 43 38 19
40 0 0 0 36 41 50
41 0 0 0 40 4 42
42 0 0 0 41 17 44
43 0 0 0 99 39 23
44 0 0 0 45 54 42
45 0 0 0 57 44 46
46 0 0 0 59 45 47
47 0 0 0 65 46 48
48 0 0 0 49 47 21
49 0 0 0 25 66 48
50 0 0 0 51 55 40
51 0 0 0 67 50 52
52 0 0 0 62 51 53
53 0 0 0 60 52 54
54 0 0 0 56 53 44
55 0 0 0 50 69 35
56 0 0 0 61 54 57
57 0 0 0 56 45 58
58 0 0 0 57 59 147
59 0 0 0 58 46 64
60 0 0 0 63 53 61
61 0 0 0 60 56 147
62 0 0 0 68 52 63
63 0 0 0 62 60 131
64 0 0 0 59 65 83
65 0 0 0 64 47 66
66 0 0 0 49 70 65
67 0 0 0 68 69 51
68 0 0 0 130 67 62
69 0 0 0 67 77 55
70 0 0 0 66 71 83
71 0 0 0 70 72 94
72 0 0 0 71 73 85
73 0 0 0 72 78
74 0 0 0 75 103 31
75 0 0 0 76 105 74
76 0 0 0 119 75 77
77 0 0 0 121 76 69
78 0 0 0 73 79 86
79 0 0 0 78 80 88
80 0 0 0 79 81 90
81 0 0 0 80 82 92
82 0 0 0 81 33 84
83 0 0 0 96 64 70
84 0 0 0 37 93 82
85 0 0 0 86 95 72
86 0 0 0 87 85 78
87 0 0 0 120 86 88
88 0 0 0 89 87 79
89 0 0 0 90 112 88
90 0 0 0 91 89 80
91 0 0 0 104 90 92
92 0 0 0 91 81 93
93 0 0 0 84 97 92
94 0 0 0 95 96 71
95 0 0 0 133 94 85
96 0 0 0 94 139 83
97 0 0 0 93 98 104
98 0 0 0 97 99 106
99 0 0 0 98 43 100
100 0 0 0 101 107 99
101 0 0 0 102 109 100
102 0 0 0 105 101 103
103 0 0 0 74 102 27
104 0 0 0 108 91 97
105 0 0 0 75 110 102
106 0 0 0 107 108 98
107 0 0 0 111 106 100
108 0 0 0 115 104 106
109 0 0 0 101 110 111
110 0 0 0 105 119 109
111 0 0 0 115 107 109
112 0 0 0 113 120 89
113 0 0 0 122 112 114
114 0 0 0 113 115 116
115 0 0 0 114 108 111
116 0 0 0 117 123 114
117 0 0 0 125 116 118
118 0 0 0 119 121 117
119 0 0 0 110 76 118
120 0 0 0 126 87 112
121 0 0 0 118 77 127
122 0 0 0 126 113 123
123 0 0 0 124 122 116
124 0 0 0 132 123 125
125 0 0 0 124 117 127
126 0 0 0 135 120 122
127 0 0 0 121 128 125
128 0 0 0 127 129 132
129 0 0 0 128 130 140
130 0 0 0 129 68 131
131 0 0 0 143 130 63
132 0 0 0 138 124 128
133 0 0 0 139 95 134
134 0 0 0 133 135 141
135 0 0 0 134 126 136
136 0 0 0 135 137 142
137 0 0 0 136 138 145
138 0 0 0 137 132 140
139 0 0 0 96 133 146
140 0 0 0 143 138 129
141 0 0 0 146 134 142
142 0 0 0 144 141 136
143 0 0 0 145 140 131
144 0 0 0 148 142 145
145 0 0 0 144 137 143
146 0 0 0 139 141 148
147 0 0 0 148 61 58
148 0 0 0 146 144 147
0
