>>writegraph3d planar <<
1 0 0 0 10 2 9
2 0 0 0 16 3 1
3 0 0 0 17 4 2
4 0 0 0 41 5 3
5 0 0 0 36 6 4
6 0 0 0 32 7 5
7 0 0 0 28 8 6
8 0 0 0 7 24 9
9 0 0 0 8 20 1
10 0 0 0 11 1 19
11 0 0 0 12 10 38
12 0 0 0 13 11 34
13 0 0 0 14 12 30
14 0 0 0 15 13 26
15 0 0 0 16 14 22
16 0 0 0 18 2 15
17 0 0 0 42 3 18
18 0 0 0 17 16 21
19 0 0 0 20 39 10
20 0 0 0 23 19 9
21 0 0 0 22 54 18
22 0 0 0 25 21 15
23 0 0 0 47 20 24
24 0 0 0 8 27 23
25 0 0 0 55 22 26
26 0 0 0 29 25 14
27 0 0 0 24 28 48
28 0 0 0 27 7 31
29 0 0 0 77 26 30
30 0 0 0 33 29 13
31 0 0 0 28 32 75
32 0 0 0 31 6 35
33 0 0 0 34 80 30
34 0 0 0 37 33 12
35 0 0 0 32 36 61
36 0 0 0 35 5 40
37 0 0 0 38 49 34
38 0 0 0 39 37 11
39 0 0 0 19 43 38
40 0 0 0 36 41 56
41 0 0 0 40 4 42
42 0 0 0 41 17 50
43 0 0 0 39 44 49
44 0 0 0 45 77 43
45 0 0 0 76 44 46
46 0 0 0 45 47 78
47 0 0 0 46 23 48
48 0 0 0 47 27 79
49 0 0 0 37 43 80
50 0 0 0 51 60 42
51 0 0 0 52 63 50
52 0 0 0 65 51 53
53 0 0 0 54 71 52
54 0 0 0 21 55 53
55 0 0 0 54 25 72
56 0 0 0 57 61 40
57 0 0 0 58 73 56
58 0 0 0 68 57 59
59 0 0 0 60 66 58
60 0 0 0 62 59 50
61 0 0 0 56 75 35
62 0 0 0 67 60 63
63 0 0 0 51 64 62
64 0 0 0 65 82 63
65 0 0 0 70 64 52
66 0 0 0 59 67 69
67 0 0 0 66 62 82
68 0 0 0 69 74 58
69 0 0 0 83 68 66
70 0 0 0 81 65 71
71 0 0 0 53 72 70
72 0 0 0 55 76 71
73 0 0 0 57 74 75
74 0 0 0 68 84 73
75 0 0 0 61 73 31
76 0 0 0 72 45 81
77 0 0 0 44 29 80
78 0 0 0 46 79 81
79 0 0 0 78 48 84
80 0 0 0 33 49 77
81 0 0 0 78 70 76
82 0 0 0 64 83 67
83 0 0 0 82 84 69
84 0 0 0 83 79 74
0
