>>writegraph3d planar <<
1 0 0 0 10 9
2 0 0 0 16 3
3 0 0 0 17 4 2
4 0 0 0 41 5 3
5 0 0 0 36 6 4
6 0 0 0 32 7 5
7 0 0 0 28 8 6
8 0 0 0 24 9 7
9 0 0 0 8 20 1
10 0 0 0 11 1 19
11 0 0 0 12 10 38
12 0 0 0 13 11 34
13 0 0 0 14 12 30
14 0 0 0 15 13 26
15 0 0 0 16 14 22
16 0 0 0 18 2 15
17 0 0 0 42 3 18
18 0 0 0 17 16 21
19 0 0 0 20 39 10
20 0 0 0 23 19 9
21 0 0 0 22 95 18
22 0 0 0 25 21 15
23 0 0 0 47 20 24
24 0 0 0 23 8 27
25 0 0 0 26 82 22
26 0 0 0 29 25 14
27 0 0 0 24 28 48
28 0 0 0 27 7 31
29 0 0 0 30 72 26
30 0 0 0 33 29 13
31 0 0 0 28 32 65
32 0 0 0 31 6 35
33 0 0 0 54 30 34
34 0 0 0 37 33 12
35 0 0 0 32 36 71
36 0 0 0 35 5 40
37 0 0 0 38 49 34
38 0 0 0 39 37 11
39 0 0 0 43 38 19
40 0 0 0 36 41 76
41 0 0 0 40 4 42
42 0 0 0 41 17 99
43 0 0 0 53 39 44
44 0 0 0 43 45 56
45 0 0 0 44 46 58
46 0 0 0 45 47 64
47 0 0 0 46 23 48
48 0 0 0 65 47 27
49 0 0 0 37 50 54
50 0 0 0 49 51 66
51 0 0 0 50 52 61
52 0 0 0 51 53 59
53 0 0 0 52 43 55
54 0 0 0 68 33 49
55 0 0 0 56 60 53
56 0 0 0 57 55 44
57 0 0 0 58 97 56
58 0 0 0 63 57 45
59 0 0 0 60 62 52
60 0 0 0 97 59 55
61 0 0 0 62 67 51
62 0 0 0 59 83 61
63 0 0 0 69 58 64
64 0 0 0 63 46 65
65 0 0 0 64 48 31
66 0 0 0 67 68 50
67 0 0 0 61 81 66
68 0 0 0 75 54 66
69 0 0 0 97 63 70
70 0 0 0 96 69 71
71 0 0 0 76 70 35
72 0 0 0 29 73 82
73 0 0 0 72 74 93
74 0 0 0 73 75 84
75 0 0 0 74 68 77
76 0 0 0 98 71 40
77 0 0 0 85 75 78
78 0 0 0 87 77 79
79 0 0 0 80 89 78
80 0 0 0 91 79 81
81 0 0 0 67 83 80
82 0 0 0 25 72 95
83 0 0 0 62 92 81
84 0 0 0 74 85 94
85 0 0 0 84 77 86
86 0 0 0 85 87 100
87 0 0 0 86 78 88
88 0 0 0 87 89 99
89 0 0 0 79 90 88
90 0 0 0 91 98 89
91 0 0 0 92 90 80
92 0 0 0 83 96 91
93 0 0 0 95 73 94
94 0 0 0 93 84 100
95 0 0 0 21 82 93
96 0 0 0 92 70 98
97 0 0 0 57 69 60
98 0 0 0 96 76 90
99 0 0 0 100 88 42
100 0 0 0 94 86 99
0
