>>writegraph3d planar <<
1 0 0 0 10 2 9
2 0 0 0 16 3 1
3 0 0 0 17 4 2
4 0 0 0 41 5 3
5 0 0 0 36 6 4
6 0 0 0 32 7 5
7 0 0 0 28 8 6
8 0 0 0 24 9 7
9 0 0 0 8 20 1
10 0 0 0 11 1 19
11 0 0 0 12 10 38
12 0 0 0 13 11 34
13 0 0 0 14 12
14 0 0 0 15 13 26
15 0 0 0 16 14 22
16 0 0 0 18 2 15
17 0 0 0 42 3 18
18 0 0 0 17 16 21
19 0 0 0 20 39 10
20 0 0 0 23 19 9
21 0 0 0 22 44 18
22 0 0 0 25 21 15
23 0 0 0 43 20 24
24 0 0 0 23 8 27
25 0 0 0 26 78 22
26 0 0 0 29 25 14
27 0 0 0 24 28 49
28 0 0 0 27 7 31
29 0 0 0 30 73 26
30 0 0 0 33 29
31 0 0 0 28 32 54
32 0 0 0 31 6 35
33 0 0 0 55 30 34
34 0 0 0 37 33 12
35 0 0 0 32 36 71
36 0 0 0 35 5 40
37 0 0 0 38 50 34
38 0 0 0 39 37 11
39 0 0 0 43 38 19
40 0 0 0 36 41 79
41 0 0 0 40 4 42
42 0 0 0 41 17 44
43 0 0 0 45 39 23
44 0 0 0 21 79 42
45 0 0 0 53 43 46
46 0 0 0 47 57 45
47 0 0 0 48 59 46
48 0 0 0 49 63 47
49 0 0 0 54 48 27
50 0 0 0 37 51 55
51 0 0 0 50 52 65
52 0 0 0 51 53 60
53 0 0 0 52 45 56
54 0 0 0 64 49 31
55 0 0 0 67 33 50
56 0 0 0 57 61 53
57 0 0 0 58 56 46
58 0 0 0 82 57 59
59 0 0 0 47 62 58
60 0 0 0 61 66 52
61 0 0 0 82 60 56
62 0 0 0 63 72 59
63 0 0 0 48 64 62
64 0 0 0 63 54 68
65 0 0 0 66 67 51
66 0 0 0 60 77 65
67 0 0 0 76 55 65
68 0 0 0 69 72 64
69 0 0 0 81 68 70
70 0 0 0 71 83 69
71 0 0 0 79 70 35
72 0 0 0 68 80 62
73 0 0 0 29 74 78
74 0 0 0 75 84 73
75 0 0 0 80 74 76
76 0 0 0 75 67 77
77 0 0 0 66 82 76
78 0 0 0 25 73 83
79 0 0 0 44 71 40
80 0 0 0 81 75 72
81 0 0 0 84 80 69
82 0 0 0 77 61 58
83 0 0 0 70 78 84
84 0 0 0 74 81 83
0
