>>writegraph3d planar <<
1 0 0 0 10 2 9
2 0 0 0 16 3 1
3 0 0 0 17 4 2
4 0 0 0 41 5 3
5 0 0 0 36 6 4
6 0 0 0 32 7 5
7 0 0 0 28 8 6
8 0 0 0 24 9 7
9 0 0 0 8 20 1
10 0 0 0 11 1 19
11 0 0 0 12 10 38
12 0 0 0 13 11 34
13 0 0 0 14 12 30
14 0 0 0 15 13 26
15 0 0 0 16 14 22
16 0 0 0 18 2 15
17 0 0 0 3 18
18 0 0 0 17 16 21
19 0 0 0 20 39 10
20 0 0 0 23 19 9
21 0 0 0 22 130 18
22 0 0 0 25 21 15
23 0 0 0 47 20 24
24 0 0 0 23 8 27
25 0 0 0 104 22 26
26 0 0 0 29 25 14
27 0 0 0 24 28 48
28 0 0 0 27 7 31
29 0 0 0 30 73 26
30 0 0 0 33 29 13
31 0 0 0 28 32 72
32 0 0 0 31 6 35
33 0 0 0 54 30 34
34 0 0 0 37 33 12
35 0 0 0 32 36 77
36 0 0 0 35 5 40
37 0 0 0 38 49 34
38 0 0 0 39 37 11
39 0 0 0 43 38 19
40 0 0 0 36 41 129
41 0 0 0 40 4 42
42 0 0 0 41 130
43 0 0 0 53 39 44
44 0 0 0 43 45 56
45 0 0 0 44 46 58
46 0 0 0 45 47 64
47 0 0 0 46 23 48
48 0 0 0 65 47 27
49 0 0 0 37 50 54
50 0 0 0 49 51 66
51 0 0 0 50 52 61
52 0 0 0 51 53 59
53 0 0 0 52 43 55
54 0 0 0 68 33 49
55 0 0 0 56 60 53
56 0 0 0 57 55 44
57 0 0 0 83 56 58
58 0 0 0 63 57 45
59 0 0 0 60 62 52
60 0 0 0 55 96 59
61 0 0 0 62 67 51
62 0 0 0 105 61 59
63 0 0 0 64 78 58
64 0 0 0 65 63 46
65 0 0 0 69 64 48
66 0 0 0 67 68 50
67 0 0 0 61 103 66
68 0 0 0 76 54 66
69 0 0 0 82 65 70
70 0 0 0 71 85 69
71 0 0 0 72 93 70
72 0 0 0 77 71 31
73 0 0 0 29 74 104
74 0 0 0 73 75 112
75 0 0 0 74 76 106
76 0 0 0 75 68 99
77 0 0 0 94 72 35
78 0 0 0 63 79 83
79 0 0 0 78 80 90
80 0 0 0 79 81 88
81 0 0 0 80 82 86
82 0 0 0 81 69 84
83 0 0 0 92 57 78
84 0 0 0 82 85 87
85 0 0 0 70 95 84
86 0 0 0 87 89 81
87 0 0 0 121 86 84
88 0 0 0 89 91 80
89 0 0 0 86 118 88
90 0 0 0 91 92 79
91 0 0 0 88 117 90
92 0 0 0 98 83 90
93 0 0 0 71 94 95
94 0 0 0 93 77 126
95 0 0 0 93 131 85
96 0 0 0 60 97 105
97 0 0 0 98 102 96
98 0 0 0 111 97 92
99 0 0 0 100 107 76
100 0 0 0 101 109 99
101 0 0 0 111 100 102
102 0 0 0 97 101 103
103 0 0 0 67 105 102
104 0 0 0 114 25 73
105 0 0 0 103 62 96
106 0 0 0 107 113 75
107 0 0 0 99 108 106
108 0 0 0 109 119 107
109 0 0 0 100 110 108
110 0 0 0 109 111 115
111 0 0 0 110 101 98
112 0 0 0 113 114 74
113 0 0 0 106 123 112
114 0 0 0 132 104 112
115 0 0 0 119 110 116
116 0 0 0 117 120 115
117 0 0 0 118 116 91
118 0 0 0 89 121 117
119 0 0 0 108 115 122
120 0 0 0 116 121 122
121 0 0 0 118 87 120
122 0 0 0 119 120 125
123 0 0 0 124 132 113
124 0 0 0 125 127 123
125 0 0 0 131 124 122
126 0 0 0 131 94 127
127 0 0 0 124 126 128
128 0 0 0 132 127 129
129 0 0 0 130 128 40
130 0 0 0 21 129 42
131 0 0 0 95 126 125
132 0 0 0 123 128 114
0
