>>writegraph3d planar <<
1 0 0 0 2 3 4
2 0 0 0 1 5 6
3 0 0 0 1 7 8
4 0 0 0 1 9 10
5 0 0 0 2 10 11
6 0 0 0 2 12 7
7 0 0 0 3 6 13
8 0 0 0 3 14 9
9 0 0 0 4 8 15
10 0 0 0 4 16 5
11 0 0 0 5 17 12
12 0 0 0 6 11 18
13 0 0 0 7 19 14
14 0 0 0 8 13 20
15 0 0 0 9 20 21
16 0 0 0 10 22 17
17 0 0 0 11 16 23
18 0 0 0 12 24 25
19 0 0 0 13 26 27
20 0 0 0 14 27 15
21 0 0 0 15 28
22 0 0 0 16 29 30
23 0 0 0 17 30 31
24 0 0 0 18 32 33
25 0 0 0 18 34 35
26 0 0 0 19 35 36
27 0 0 0 19 28 20
28 0 0 0 21 27 36
29 0 0 0 22 38
30 0 0 0 22 39 23
31 0 0 0 23 40 41
32 0 0 0 24 41 42
33 0 0 0 24 43 44
34 0 0 0 25 45 46
35 0 0 0 25 47 26
36 0 0 0 26 48 28
37 0 0 0 49 50
38 0 0 0 29 51 39
39 0 0 0 30 38 40
40 0 0 0 31 39 52
41 0 0 0 31 53 32
42 0 0 0 32 54 43
43 0 0 0 33 42 55
44 0 0 0 33 56 57
45 0 0 0 34 58 59
46 0 0 0 34 60 47
47 0 0 0 35 46 48
48 0 0 0 36 47 61
49 0 0 0 37 62 63
50 0 0 0 37 64 56
51 0 0 0 38 65 52
52 0 0 0 40 51 53
53 0 0 0 41 52 54
54 0 0 0 42 53 65
55 0 0 0 43 65 56
56 0 0 0 44 55 50
57 0 0 0 44 64 58
58 0 0 0 45 57 66
59 0 0 0 45 67 60
60 0 0 0 46 59 61
61 0 0 0 48 60 62
62 0 0 0 49 61 67
63 0 0 0 49 66 64
64 0 0 0 50 63 57
65 0 0 0 51 55 54
66 0 0 0 58 63 67
67 0 0 0 59 66 62
0
