>>writegraph3d planar <<
1 0 0 0 2 3 4
2 0 0 0 1 5 6
3 0 0 0 1 7 8
4 0 0 0 1 9 10
5 0 0 0 2 10 11
6 0 0 0 2 12 7
7 0 0 0 3 6 13
8 0 0 0 3 14 9
9 0 0 0 4 8 15
10 0 0 0 4 16 5
11 0 0 0 5 17 12
12 0 0 0 6 11 18
13 0 0 0 7 19 14
14 0 0 0 8 13 20
15 0 0 0 9 20 21
16 0 0 0 10 22 17
17 0 0 0 11 16 23
18 0 0 0 12 24 25
19 0 0 0 13 26 27
20 0 0 0 14 27 15
21 0 0 0 15 28 29
22 0 0 0 16 30 31
23 0 0 0 17 32 33
24 0 0 0 18 34 35
25 0 0 0 18 36 37
26 0 0 0 19 37 38
27 0 0 0 19 28 20
28 0 0 0 21 27 38
29 0 0 0 21 39 30
30 0 0 0 22 29 40
31 0 0 0 22 41 42
32 0 0 0 23 43 44
33 0 0 0 23 45 46
34 0 0 0 24 46 47
35 0 0 0 24 48 36
36 0 0 0 25 35 49
37 0 0 0 25 50 26
38 0 0 0 26 51 28
39 0 0 0 29 52 53
40 0 0 0 30 53 41
41 0 0 0 31 40 54
42 0 0 0 31 55 56
43 0 0 0 32 56 57
44 0 0 0 32 51 45
45 0 0 0 33 44 58
46 0 0 0 33 59 34
47 0 0 0 34 60 48
48 0 0 0 35 47 61
49 0 0 0 36 61 50
50 0 0 0 37 49 62
51 0 0 0 38 44 57
52 0 0 0 39 63 64
53 0 0 0 39 65 40
54 0 0 0 41 65 55
55 0 0 0 42 54 66
56 0 0 0 42 67 43
57 0 0 0 43 63 51
58 0 0 0 45 62 59
59 0 0 0 46 58 60
60 0 0 0 47 59 68
61 0 0 0 48 68 49
62 0 0 0 50 68 58
63 0 0 0 52 57 67
64 0 0 0 52 66 65
65 0 0 0 53 64 54
66 0 0 0 55 64 67
67 0 0 0 56 66 63
68 0 0 0 60 62 61
0
