>>writegraph3d planar <<
1 0 0 0 2 3 4
2 0 0 0 1 5 6
3 0 0 0 1 7 8
4 0 0 0 1 9 10
5 0 0 0 2 10 11
6 0 0 0 2 12 13
7 0 0 0 3 14 15
8 0 0 0 3 16 17
9 0 0 0 4 18 19
10 0 0 0 4 20 5
11 0 0 0 5 21 12
12 0 0 0 6 11 22
13 0 0 0 6 23 24
14 0 0 0 7 25 26
15 0 0 0 7 27 16
16 0 0 0 8 15 28
17 0 0 0 8 29 30
18 0 0 0 9 31 32
19 0 0 0 9 33 20
20 0 0 0 10 19 21
21 0 0 0 11 20 34
22 0 0 0 12 35 23
23 0 0 0 13 22 36
24 0 0 0 13 37 25
25 0 0 0 14 24 38
26 0 0 0 14 39 27
27 0 0 0 15 26 40
28 0 0 0 16 40 29
29 0 0 0 17 28 41
30 0 0 0 17 42 31
31 0 0 0 18 30 43
32 0 0 0 18 44 33
33 0 0 0 19 32 34
34 0 0 0 21 33 45
35 0 0 0 22 46 47
36 0 0 0 23 47 37
37 0 0 0 24 36 48
38 0 0 0 25 48 39
39 0 0 0 26 38 49
40 0 0 0 27 49 28
41 0 0 0 29 49 42
42 0 0 0 30 41 50
43 0 0 0 31 50 44
44 0 0 0 32 43 51
45 0 0 0 34 52 53
46 0 0 0 35 53 54
47 0 0 0 35 55 36
48 0 0 0 37 38
49 0 0 0 39 41 40
50 0 0 0 42 57 43
51 0 0 0 44 57 58
52 0 0 0 45 59 60
53 0 0 0 45 61 46
54 0 0 0 46 62 55
55 0 0 0 47 54 63
56 0 0 0 64 57
57 0 0 0 50 56 51
58 0 0 0 51 64 59
59 0 0 0 52 58 65
60 0 0 0 52 66 61
61 0 0 0 53 60 62
62 0 0 0 54 61 67
63 0 0 0 55 67 68
64 0 0 0 56 68 58
65 0 0 0 59 68 66
66 0 0 0 60 65 67
67 0 0 0 62 66 63
68 0 0 0 63 65 64
0
