>>writegraph3d planar <<
1 0 0 0 2 3 4
2 0 0 0 1 5 6
3 0 0 0 1 7 8
4 0 0 0 1 9 10
5 0 0 0 2 10 11
6 0 0 0 2 12 7
7 0 0 0 3 6 13
8 0 0 0 3 14 15
9 0 0 0 4 16 17
10 0 0 0 4 18 5
11 0 0 0 5 19 12
12 0 0 0 6 11 20
13 0 0 0 7 20 21
14 0 0 0 8 22
15 0 0 0 8 23 24
16 0 0 0 9 25 21
17 0 0 0 9 26 18
18 0 0 0 10 17 19
19 0 0 0 11 18 27
20 0 0 0 12 27 13
21 0 0 0 13 26 16
22 0 0 0 14 29 30
23 0 0 0 15 31 28
24 0 0 0 15 32 25
25 0 0 0 16 24
26 0 0 0 17 21 27
27 0 0 0 19 26 20
28 0 0 0 33 23
29 0 0 0 22 34 35
30 0 0 0 22 36 37
31 0 0 0 23 38 39
32 0 0 0 24 40 41
33 0 0 0 28 42 43
34 0 0 0 29 39 44
35 0 0 0 29 45 36
36 0 0 0 30 35 46
37 0 0 0 30 47 38
38 0 0 0 31 37 48
39 0 0 0 31 49 34
40 0 0 0 32 50 51
41 0 0 0 32 52 53
42 0 0 0 33 53 54
43 0 0 0 33 55 50
44 0 0 0 34 56 45
45 0 0 0 35 44 57
46 0 0 0 36 57 47
47 0 0 0 37 46 58
48 0 0 0 38 58 49
49 0 0 0 39 48 56
50 0 0 0 40 43 59
51 0 0 0 40 60 52
52 0 0 0 41 51 61
53 0 0 0 41 62 42
54 0 0 0 42 63 55
55 0 0 0 43 54 64
56 0 0 0 44 49 65
57 0 0 0 45 65 46
58 0 0 0 47 65 48
59 0 0 0 50 64 60
60 0 0 0 51 59 66
61 0 0 0 52 66 62
62 0 0 0 53 61 63
63 0 0 0 54 62 67
64 0 0 0 55 67 59
65 0 0 0 56 58 57
66 0 0 0 60 67 61
67 0 0 0 63 66 64
0
