>>writegraph3d planar <<
1 0 0 0 2 3 4
2 0 0 0 1 5 6
3 0 0 0 1 7 8
4 0 0 0 1 9 10
5 0 0 0 2 10 11
6 0 0 0 2 12 13
7 0 0 0 3 14 15
8 0 0 0 3 16 9
9 0 0 0 4 8 17
10 0 0 0 4 18 5
11 0 0 0 5 19 12
12 0 0 0 6 11 20
13 0 0 0 6 21
14 0 0 0 7 22 23
15 0 0 0 7 24 16
16 0 0 0 8 15 25
17 0 0 0 9 25 18
18 0 0 0 10 17 19
19 0 0 0 11 18 26
20 0 0 0 12 27
21 0 0 0 13 29 22
22 0 0 0 14 21 30
23 0 0 0 14 31 32
24 0 0 0 15 33 34
25 0 0 0 16 34 17
26 0 0 0 19 35 36
27 0 0 0 20 37 38
28 0 0 0 38 29
29 0 0 0 21 28 39
30 0 0 0 22 39 31
31 0 0 0 23 30 40
32 0 0 0 23 41 42
33 0 0 0 24 43 44
34 0 0 0 24 45 25
35 0 0 0 26 46 47
36 0 0 0 26 48 49
37 0 0 0 27 49 50
38 0 0 0 27 51 28
39 0 0 0 29 52 30
40 0 0 0 31 52 41
41 0 0 0 32 40 53
42 0 0 0 32 54 43
43 0 0 0 33 42 55
44 0 0 0 33 56 45
45 0 0 0 34 44 46
46 0 0 0 35 45 57
47 0 0 0 35 58 48
48 0 0 0 36 47 59
49 0 0 0 36 60 37
50 0 0 0 37 61 51
51 0 0 0 38 50 62
52 0 0 0 39 63 40
53 0 0 0 41 63 54
54 0 0 0 42 53 64
55 0 0 0 43 64 56
56 0 0 0 44 55 57
57 0 0 0 46 56 58
58 0 0 0 47 57 65
59 0 0 0 48 65 60
60 0 0 0 49 59 61
61 0 0 0 50 60 66
62 0 0 0 51 66 67
63 0 0 0 52 67 53
64 0 0 0 54 67 55
65 0 0 0 58 66 59
66 0 0 0 61 65 62
67 0 0 0 62 64 63
0
