>>writegraph3d planar <<
1 0 0 0 2 3 4
2 0 0 0 1 5 6
3 0 0 0 1 7 8
4 0 0 0 1 9 10
5 0 0 0 2 10 11
6 0 0 0 2 12 7
7 0 0 0 3 6 13
8 0 0 0 3 14 15
9 0 0 0 4 16 17
10 0 0 0 4 18 5
11 0 0 0 5 19 12
12 0 0 0 6 11 20
13 0 0 0 7 20 14
14 0 0 0 8 13 21
15 0 0 0 8 22 23
16 0 0 0 9 24
17 0 0 0 9 25 18
18 0 0 0 10 17 19
19 0 0 0 11 18 26
20 0 0 0 12 26 13
21 0 0 0 14 27 28
22 0 0 0 15 29 30
23 0 0 0 15 31
24 0 0 0 16 33 25
25 0 0 0 17 24 26
26 0 0 0 19 25 20
27 0 0 0 21 33 34
28 0 0 0 21 35 36
29 0 0 0 22 37 38
30 0 0 0 22 39 31
31 0 0 0 23 30 40
32 0 0 0 41 42
33 0 0 0 24 43 27
34 0 0 0 27 44 45
35 0 0 0 28 41 46
36 0 0 0 28 47 37
37 0 0 0 29 36 48
38 0 0 0 29 49 39
39 0 0 0 30 38 50
40 0 0 0 31 50 51
41 0 0 0 32 35 52
42 0 0 0 32 53 54
43 0 0 0 33 55 44
44 0 0 0 34 43 56
45 0 0 0 34 57 58
46 0 0 0 35 51 47
47 0 0 0 36 46 59
48 0 0 0 37 59 49
49 0 0 0 38 48 60
50 0 0 0 39 60 40
51 0 0 0 40 61 46
52 0 0 0 41 58 53
53 0 0 0 42 52 62
54 0 0 0 42 63 55
55 0 0 0 43 54 64
56 0 0 0 44 64 57
57 0 0 0 45 56 65
58 0 0 0 45 66 52
59 0 0 0 47 61 48
60 0 0 0 49 61 50
61 0 0 0 51 60 59
62 0 0 0 53 66 63
63 0 0 0 54 62 67
64 0 0 0 55 67 56
65 0 0 0 57 67 66
66 0 0 0 58 65 62
67 0 0 0 63 65 64
0
