>>writegraph3d planar <<
1 0 0 0 2 3 4
2 0 0 0 1 5 6
3 0 0 0 1 7 8
4 0 0 0 1 9 10
5 0 0 0 2 10 11
6 0 0 0 2 12 13
7 0 0 0 3 14 15
8 0 0 0 3 16 9
9 0 0 0 4 8 17
10 0 0 0 4 18 5
11 0 0 0 5 19 12
12 0 0 0 6 11 20
13 0 0 0 6 21 22
14 0 0 0 7 23 24
15 0 0 0 7 25 16
16 0 0 0 8 15 26
17 0 0 0 9 26 27
18 0 0 0 10 28 19
19 0 0 0 11 18 29
20 0 0 0 12 29 30
21 0 0 0 13 31 32
22 0 0 0 13 33 23
23 0 0 0 14 22 34
24 0 0 0 14 35 36
25 0 0 0 15 37 38
26 0 0 0 16 38 17
27 0 0 0 17 39 40
28 0 0 0 18 41 42
29 0 0 0 19 43 20
30 0 0 0 20 44 45
31 0 0 0 21 46 47
32 0 0 0 21 48 33
33 0 0 0 22 32 49
34 0 0 0 23 49 35
35 0 0 0 24 34 50
36 0 0 0 24 51 46
37 0 0 0 25 45 52
38 0 0 0 25 53 26
39 0 0 0 27 54 55
40 0 0 0 27 56 41
41 0 0 0 28 40 57
42 0 0 0 28 58 59
43 0 0 0 29 60 44
44 0 0 0 30 43 52
45 0 0 0 30 37 46
46 0 0 0 31 45 36
47 0 0 0 31 51 48
48 0 0 0 32 47 61
49 0 0 0 33 61 34
50 0 0 0 35 61 51
51 0 0 0 36 50 47
52 0 0 0 37 44 53
53 0 0 0 38 52 60
54 0 0 0 39 62 63
55 0 0 0 39 64 56
56 0 0 0 40 55 65
57 0 0 0 41 65 58
58 0 0 0 42 57 66
59 0 0 0 42 67 62
60 0 0 0 43 62 53
61 0 0 0 48 50 49
62 0 0 0 54 60 59
63 0 0 0 54 67 64
64 0 0 0 55 63
65 0 0 0 56 57
66 0 0 0 58 67
67 0 0 0 59 66 63
0
