>>writegraph3d planar <<
1 0 0 0 2 3 4
2 0 0 0 1 5 6
3 0 0 0 1 7 8
4 0 0 0 1 9 10
5 0 0 0 2 10 11
6 0 0 0 2 12 7
7 0 0 0 3 6 13
8 0 0 0 3 14 15
9 0 0 0 4 16 13
10 0 0 0 4 17 5
11 0 0 0 5 18 19
12 0 0 0 6 20 17
13 0 0 0 7 17 9
14 0 0 0 8 21 22
15 0 0 0 8 23 24
16 0 0 0 9 25 26
17 0 0 0 10 13 12
18 0 0 0 11 27 28
19 0 0 0 11 29 30
20 0 0 0 12 31 32
21 0 0 0 14 26 33
22 0 0 0 14 34 23
23 0 0 0 15 22 35
24 0 0 0 15 36 25
25 0 0 0 16 24 37
26 0 0 0 16 38 21
27 0 0 0 18 32 39
28 0 0 0 18 40 29
29 0 0 0 19 28 41
30 0 0 0 19 42 31
31 0 0 0 20 30 43
32 0 0 0 20 44 27
33 0 0 0 21 45 34
34 0 0 0 22 33 46
35 0 0 0 23 46 36
36 0 0 0 24 35 47
37 0 0 0 25 47 38
38 0 0 0 26 37 45
39 0 0 0 27 48 40
40 0 0 0 28 39 49
41 0 0 0 29 49 42
42 0 0 0 30 41 50
43 0 0 0 31 50 44
44 0 0 0 32 43 48
45 0 0 0 33 38 51
46 0 0 0 34 35
47 0 0 0 36 51 37
48 0 0 0 39 44 52
49 0 0 0 40 52 41
50 0 0 0 42 52 43
51 0 0 0 45 47
52 0 0 0 48 50 49
0
