>>writegraph3d planar <<
1 0 0 0 2 3 4
2 0 0 0 1 5 6
3 0 0 0 1 7 8
4 0 0 0 1 9 10
5 0 0 0 2 10 11
6 0 0 0 2 12 13
7 0 0 0 3 14 15
8 0 0 0 3 16 9
9 0 0 0 4 8 17
10 0 0 0 4 18 5
11 0 0 0 5 19 12
12 0 0 0 6 11 20
13 0 0 0 6 21 22
14 0 0 0 7 23 24
15 0 0 0 7 25 16
16 0 0 0 8 15 26
17 0 0 0 9 27 18
18 0 0 0 10 17 19
19 0 0 0 11 18 28
20 0 0 0 12 29 21
21 0 0 0 13 20 30
22 0 0 0 13 31 23
23 0 0 0 14 22 32
24 0 0 0 14 33 25
25 0 0 0 15 24 34
26 0 0 0 16 34 35
27 0 0 0 17 36 28
28 0 0 0 19 27 37
29 0 0 0 20 38 39
30 0 0 0 21 39 31
31 0 0 0 22 30 40
32 0 0 0 23 41 33
33 0 0 0 24 32 42
34 0 0 0 25 42 26
35 0 0 0 26 43 44
36 0 0 0 27 44 45
37 0 0 0 28 45 46
38 0 0 0 29 46 47
39 0 0 0 29 48 30
40 0 0 0 31 48 49
41 0 0 0 32 50 51
42 0 0 0 33 51 34
43 0 0 0 35 52 53
44 0 0 0 35 54 36
45 0 0 0 36 55 37
46 0 0 0 37 56 38
47 0 0 0 38 57 48
48 0 0 0 39 47 40
49 0 0 0 40 57 58
50 0 0 0 41 58 59
51 0 0 0 41 60 42
52 0 0 0 43 61 62
53 0 0 0 43 63 54
54 0 0 0 44 53 55
55 0 0 0 45 54 56
56 0 0 0 46 55 63
57 0 0 0 47 64 49
58 0 0 0 49 65 50
59 0 0 0 50 60
60 0 0 0 51 59 61
61 0 0 0 52 60 66
62 0 0 0 52 67 63
63 0 0 0 53 62 56
64 0 0 0 57 67 65
65 0 0 0 58 64
66 0 0 0 61 67
67 0 0 0 62 66 64
0
