>>writegraph3d planar <<
1 0 0 0 2 3 4
2 0 0 0 1 5 6
3 0 0 0 1 7 8
4 0 0 0 1 9 10
5 0 0 0 2 10 11
6 0 0 0 2 12 7
7 0 0 0 3 6 13
8 0 0 0 3 14 9
9 0 0 0 4 8 15
10 0 0 0 4 16 5
11 0 0 0 5 17 12
12 0 0 0 6 11
13 0 0 0 7 19 14
14 0 0 0 8 13 20
15 0 0 0 9 20 21
16 0 0 0 10 22 17
17 0 0 0 11 16 23
18 0 0 0 24 25
19 0 0 0 13 26 27
20 0 0 0 14 27 15
21 0 0 0 15 28 29
22 0 0 0 16 30 31
23 0 0 0 17 31 32
24 0 0 0 18 33 34
25 0 0 0 18 35 36
26 0 0 0 19 36 37
27 0 0 0 19 28 20
28 0 0 0 21 27 37
29 0 0 0 21 38 30
30 0 0 0 22 29 39
31 0 0 0 22 40 23
32 0 0 0 23 41 42
33 0 0 0 24 42 43
34 0 0 0 24 44 35
35 0 0 0 25 34 45
36 0 0 0 25 46 26
37 0 0 0 26 38 28
38 0 0 0 29 37 46
39 0 0 0 30 47 40
40 0 0 0 31 39 41
41 0 0 0 32 40 48
42 0 0 0 32 49 33
43 0 0 0 33 50 44
44 0 0 0 34 43 51
45 0 0 0 35 51 46
46 0 0 0 36 45 38
47 0 0 0 39 52 48
48 0 0 0 41 47 49
49 0 0 0 42 48 50
50 0 0 0 43 49 52
51 0 0 0 44 52 45
52 0 0 0 47 51 50
0
