>>writegraph3d planar <<
1 0 0 0 2 3 4
2 0 0 0 1 5 6
3 0 0 0 1 7 8
4 0 0 0 1 9 10
5 0 0 0 2 10 11
6 0 0 0 2 12 7
7 0 0 0 3 6 13
8 0 0 0 3 14 15
9 0 0 0 4 17
10 0 0 0 4 18 5
11 0 0 0 5 19 12
12 0 0 0 6 11 20
13 0 0 0 7 20 14
14 0 0 0 8 13 21
15 0 0 0 8 22 23
16 0 0 0 24 25
17 0 0 0 9 26 18
18 0 0 0 10 17 27
19 0 0 0 11 28 29
20 0 0 0 12 29 13
21 0 0 0 14 29 22
22 0 0 0 15 21 28
23 0 0 0 15 30 24
24 0 0 0 16 23 31
25 0 0 0 16 32 33
26 0 0 0 17 34 35
27 0 0 0 18 35 36
28 0 0 0 19 30 22
29 0 0 0 19 21 20
30 0 0 0 23 28 36
31 0 0 0 24 36 32
32 0 0 0 25 31 37
33 0 0 0 25 38 39
34 0 0 0 26 40 41
35 0 0 0 26 42 27
36 0 0 0 27 31 30
37 0 0 0 32 43 38
38 0 0 0 33 37 44
39 0 0 0 33 45 40
40 0 0 0 34 39 46
41 0 0 0 34 47 42
42 0 0 0 35 41 48
43 0 0 0 37 48 49
44 0 0 0 38 49 45
45 0 0 0 39 44 50
46 0 0 0 40 50 47
47 0 0 0 41 46 51
48 0 0 0 42 51 43
49 0 0 0 43 52 44
50 0 0 0 45 52 46
51 0 0 0 47 52 48
52 0 0 0 49 51 50
0
