>>writegraph3d planar <<
1 0 0 0 2 3 4
2 0 0 0 1 5 6
3 0 0 0 1 7 8
4 0 0 0 1 9 10
5 0 0 0 2 11 12
6 0 0 0 2 13 14
7 0 0 0 3 15 16
8 0 0 0 3 17 11
9 0 0 0 4 18 19
10 0 0 0 4 20 21
11 0 0 0 5 22 8
12 0 0 0 5 17 13
13 0 0 0 6 12 23
14 0 0 0 6 25
15 0 0 0 7 26 27
16 0 0 0 7 23 17
17 0 0 0 8 16 12
18 0 0 0 9 28 29
19 0 0 0 9 30 20
20 0 0 0 10 19 31
21 0 0 0 10 32 33
22 0 0 0 11 33 28
23 0 0 0 13 16 24
24 0 0 0 23 34
25 0 0 0 14 35 26
26 0 0 0 15 25 36
27 0 0 0 15 37 38
28 0 0 0 18 22 39
29 0 0 0 18 40 30
30 0 0 0 19 29 41
31 0 0 0 20 41 32
32 0 0 0 21 31 42
33 0 0 0 21 43 22
34 0 0 0 24 44 35
35 0 0 0 25 34 45
36 0 0 0 26 45 37
37 0 0 0 27 36 46
38 0 0 0 27 47 44
39 0 0 0 28 43 40
40 0 0 0 29 39 48
41 0 0 0 30 48 31
42 0 0 0 32 48 43
43 0 0 0 33 42 39
44 0 0 0 34 38 49
45 0 0 0 35 49 36
46 0 0 0 37 49 50
47 0 0 0 38 51 52
48 0 0 0 40 42 41
49 0 0 0 44 46 45
50 0 0 0 46 53 54
51 0 0 0 47 55 56
52 0 0 0 47 57 58
53 0 0 0 50 58 59
54 0 0 0 50 60 55
55 0 0 0 51 54 61
56 0 0 0 51 62 57
57 0 0 0 52 56 63
58 0 0 0 52 64 53
59 0 0 0 53 65 60
60 0 0 0 54 59 66
61 0 0 0 55 66 62
62 0 0 0 56 61 67
63 0 0 0 57 67 64
64 0 0 0 58 63 65
65 0 0 0 59 64 68
66 0 0 0 60 68 61
67 0 0 0 62 68 63
68 0 0 0 65 67 66
0
