>>writegraph3d planar <<
1 0 0 0 2 3 4 5
2 0 0 0 1 5 6 3
3 0 0 0 1 2 6 4
4 0 0 0 1 3 7 5
5 0 0 0 1 4 6 2
6 0 0 0 2 5 8 3
7 0 0 0 4 9 10 11
8 0 0 0 6 12 13 14
9 0 0 0 7 15 16 10
10 0 0 0 7 9 16 11
11 0 0 0 7 10 16 15
12 0 0 0 8 17 18 13
13 0 0 0 8 12 18 14
14 0 0 0 8 13 18 19
15 0 0 0 9 20 11 16
16 0 0 0 9 15 11 10
17 0 0 0 12 21 22 23
18 0 0 0 12 19 14 13
19 0 0 0 14 18 24 25
20 0 0 0 15 26 27 28
21 0 0 0 17 29 30 22
22 0 0 0 17 21 30 23
23 0 0 0 17 22 30 29
24 0 0 0 19 31 32 25
25 0 0 0 19 24 32 33
26 0 0 0 20 34 35 27
27 0 0 0 20 26 35 36
28 0 0 0 20 37 38 39
29 0 0 0 21 40 23 30
30 0 0 0 21 29 23 22
31 0 0 0 24 41 33 32
32 0 0 0 24 31 33 25
33 0 0 0 25 32 31 41
34 0 0 0 26 41 36 35
35 0 0 0 26 34 36 27
36 0 0 0 27 35 34 41
37 0 0 0 28 40 42 38
38 0 0 0 28 37 42 39
39 0 0 0 28 38 42 40
40 0 0 0 29 39 42 37
41 0 0 0 31 36 34 33
42 0 0 0 37 40 39 38
0
