>>writegraph3d planar <<
1 0 0 0 2 3 4 5
2 0 0 0 1 5 6 3
3 0 0 0 1 2 6 4
4 0 0 0 1 3 7 5
5 0 0 0 1 4 6 2
6 0 0 0 2 5 8 3
7 0 0 0 4 9 10 11
8 0 0 0 6 12 13 14
9 0 0 0 7 15 16 10
10 0 0 0 7 9 16 11
11 0 0 0 7 10 16 15
12 0 0 0 8 17 18 13
13 0 0 0 8 12 19 14
14 0 0 0 8 13 19 20
15 0 0 0 9 21 11 16
16 0 0 0 9 15 11 10
17 0 0 0 12 22 23 18
18 0 0 0 12 17 23 24
19 0 0 0 13 25 20 14
20 0 0 0 14 19 25 26
21 0 0 0 15 27 28 29
22 0 0 0 17 30 24 23
23 0 0 0 17 22 24 18
24 0 0 0 18 23 22 30
25 0 0 0 19 31 26 20
26 0 0 0 20 25 31 32
27 0 0 0 21 33 34 28
28 0 0 0 21 27 34 29
29 0 0 0 21 28 35 36
30 0 0 0 22 37 38 24
31 0 0 0 25 39 32 26
32 0 0 0 26 31 39 40
33 0 0 0 27 40 41 34
34 0 0 0 27 33 41 28
35 0 0 0 29 38 42 36
36 0 0 0 29 35 42 37
37 0 0 0 30 36 42 38
38 0 0 0 30 37 42 35
39 0 0 0 31 41 40 32
40 0 0 0 32 39 41 33
41 0 0 0 33 40 39 34
42 0 0 0 35 38 37 36
0
