>>writegraph3d planar <<
1 0 0 0 2 3 4 5
2 0 0 0 1 5 6 7
3 0 0 0 1 8 9 4
4 0 0 0 1 3 9 10
5 0 0 0 1 11 6 2
6 0 0 0 2 5 11 7
7 0 0 0 2 6 11 12
8 0 0 0 3 13 14 9
9 0 0 0 3 8 10 4
10 0 0 0 4 9 15 16
11 0 0 0 5 12 7 6
12 0 0 0 7 11 17 18
13 0 0 0 8 19 20 14
14 0 0 0 8 13 20 21
15 0 0 0 10 22 23 16
16 0 0 0 10 15 23 24
17 0 0 0 12 25 26 18
18 0 0 0 12 17 26 27
19 0 0 0 13 27 21 20
20 0 0 0 13 19 21 14
21 0 0 0 14 20 19 27
22 0 0 0 15 25 24 23
23 0 0 0 15 22 24 16
24 0 0 0 16 23 22 25
25 0 0 0 17 24 22 26
26 0 0 0 17 25 27 18
27 0 0 0 18 26 21 19
0
